Ofertas Iniciales para: 2020-11-02


AGENTE: AES CHIVOR
CHIVOR1 , D,  0,  0,  0,  0,  0,  0,  0,  0,  0,  0,  0,  0,  0,  0,  0,  0,  0,  0,  0,  0,  0,  0,  0,  0
CHIVOR2 , D,  0,  0,  0,  0,  0,  0,  0,  0,  0,  0,  0,  0,  0,  0,  0,  0,  0,  0,  0,  0,  0,  0,  0,  0
CHIVOR3 , D,  0,  0,  0,  0,  0,  0,  0,  0,  0,  0,  0,  0,  0,  0,  0,  0,  0,  0,  0,  0,  0,  0,  0,  0
CHIVOR4 , D,  0,  0,  0,  0,  0,  0,  0,  0,  0,  0,  0,  0,  0,  0,  0,  0,  0,  0,  0,  0,  0,  0,  0,  0
CHIVOR5 , D,  125,  125,  125,  125,  125,  125,  125,  125,  125,  125,  125,  125,  125,  125,  125,  125,  125,  125,  125,  125,  125,  125,  125,  125
CHIVOR6 , D,  125,  125,  125,  125,  125,  125,  125,  125,  125,  125,  125,  125,  125,  125,  125,  125,  125,  125,  125,  125,  125,  125,  125,  125
CHIVOR7 , D,  125,  125,  125,  125,  125,  125,  125,  125,  125,  125,  125,  125,  125,  125,  125,  125,  125,  125,  125,  125,  125,  125,  125,  125
CHIVOR8 , D,  125,  125,  125,  125,  125,  125,  125,  125,  125,  125,  125,  125,  125,  125,  125,  125,  125,  125,  125,  125,  125,  125,  125,  125
CHIVOR , AGCP,  420,  420,  420,  420,  420,  420,  420,  420,  420,  420,  420,  420,  420,  420,  420,  420,  420,  420,  0,  0,  0,  420,  420,  420
CHIVOR1 , AGCU,  0,  0,  0,  0,  0,  0,  0,  0,  0,  0,  0,  0,  0,  0,  0,  0,  0,  0,  0,  0,  0,  0,  0,  0
CHIVOR2 , AGCU,  0,  0,  0,  0,  0,  0,  0,  0,  0,  0,  0,  0,  0,  0,  0,  0,  0,  0,  0,  0,  0,  0,  0,  0
CHIVOR3 , AGCU,  0,  0,  0,  0,  0,  0,  0,  0,  0,  0,  0,  0,  0,  0,  0,  0,  0,  0,  0,  0,  0,  0,  0,  0
CHIVOR4 , AGCU,  0,  0,  0,  0,  0,  0,  0,  0,  0,  0,  0,  0,  0,  0,  0,  0,  0,  0,  0,  0,  0,  0,  0,  0
CHIVOR5 , AGCU,  105,  105,  105,  105,  105,  105,  105,  105,  105,  105,  105,  105,  105,  105,  105,  105,  105,  105,  0,  0,  0,  105,  105,  105
CHIVOR6 , AGCU,  105,  105,  105,  105,  105,  105,  105,  105,  105,  105,  105,  105,  105,  105,  105,  105,  105,  105,  0,  0,  0,  105,  105,  105
CHIVOR7 , AGCU,  105,  105,  105,  105,  105,  105,  105,  105,  105,  105,  105,  105,  105,  105,  105,  105,  105,  105,  0,  0,  0,  105,  105,  105
CHIVOR8 , AGCU,  105,  105,  105,  105,  105,  105,  105,  105,  105,  105,  105,  105,  105,  105,  105,  105,  105,  105,  0,  0,  0,  105,  105,  105
TUNJITA , D,  16.00,  16.00,  16.00,  16.00,  16.00,  16.00,  16.00,  16.00,  16.00,  16.00,  16.00,  16.00,  19.60,  19.60,  19.60,  19.60,  19.60,  19.60,  19.60,  19.60,  19.60,  19.60,  19.60,  19.60


AGENTE: AURES BAJO
AURESBAJO1 , D,  8.00,  8.00,  8.00,  8.00,  8.00,  8.00,  8.00,  8.00,  5.00,  6.00,  6.00,  6.00,  6.00,  6.00,  6.00,  6.00,  6.00,  6.00,  6.00,  6.00,  6.00,  6.00,  6.00,  6.00
AURESBAJO2 , D,  8.50,  8.50,  8.50,  8.50,  8.50,  8.50,  8.50,  8.50,  8.50,  8.50,  8.50,  8.50,  8.50,  8.50,  8.50,  8.50,  8.50,  8.50,  8.50,  8.50,  8.50,  8.50,  8.50,  8.50


AGENTE: AXIA ENERGIA
AUTOGUNIBOL , D,  1.00,  1.00,  1.00,  1.00,  1.00,  1.00,  1.00,  1.00,  1.00,  1.00,  1.00,  1.00,  1.00,  1.00,  1.00,  1.00,  1.00,  1.00,  1.00,  1.00,  1.00,  1.00,  1.00,  1.00
AUTOGFAMILIA , D,  1.00,  1.00,  1.00,  1.00,  1.00,  1.00,  1.00,  1.00,  1.00,  1.00,  1.00,  1.00,  1.00,  1.00,  1.00,  1.00,  1.00,  1.00,  1.00,  1.00,  1.00,  1.00,  1.00,  1.00


AGENTE: BIOGAS DOÑA JUANA
DOÑAJUANA , D,  0.25,  0.25,  0.25,  0.25,  0.25,  0.25,  0.25,  0.25,  0.25,  0.25,  0.25,  0.25,  0.25,  0.25,  0.25,  0.25,  0.25,  0.25,  0.25,  0.25,  0.25,  0.25,  0.25,  0.25


AGENTE: CANTAYÚS
CANTAYUS1 , D,  2.00,  2.00,  2.00,  2.00,  2.00,  2.00,  2.00,  2.00,  2.00,  2.00,  2.00,  2.00,  2.00,  2.00,  2.00,  2.00,  2.00,  2.00,  2.00,  2.00,  2.00,  2.00,  2.00,  2.00
CANTAYUS2 , D,  2.00,  2.00,  2.00,  2.00,  2.00,  2.00,  2.00,  2.00,  2.00,  2.00,  2.00,  2.00,  2.00,  2.00,  2.00,  2.00,  2.00,  2.00,  2.00,  2.00,  2.00,  2.00,  2.00,  2.00


AGENTE: CASCADA
SANMIGUEL1 , D,  22,  22,  22,  22,  22,  22,  22,  22,  22,  22,  22,  22,  22,  22,  22,  22,  22,  22,  22,  22,  22,  22,  22,  22
SANMIGUEL2 , D,  22,  22,  22,  22,  22,  22,  22,  22,  22,  22,  22,  22,  22,  22,  22,  22,  22,  22,  22,  22,  22,  22,  22,  22
ELPOPAL1 , D,  9.20,  9.20,  9.20,  9.20,  9.20,  9.20,  9.20,  9.20,  9.20,  9.20,  9.20,  9.20,  9.20,  9.20,  9.20,  9.20,  9.20,  9.20,  9.20,  9.20,  9.20,  9.20,  9.20,  9.20
ELPOPAL2 , D,  9.20,  9.20,  9.20,  9.20,  9.20,  9.20,  9.20,  9.20,  9.20,  9.20,  9.20,  9.20,  9.20,  9.20,  9.20,  9.20,  9.20,  9.20,  9.20,  9.20,  9.20,  9.20,  9.20,  9.20
ELMOLINO1 , D,  7.35,  7.35,  7.35,  7.35,  7.35,  7.35,  7.35,  7.35,  7.35,  7.35,  7.35,  7.35,  7.35,  7.35,  7.35,  7.35,  7.35,  7.35,  7.35,  7.35,  7.35,  7.35,  7.35,  7.35
ELMOLINO2 , D,  7.35,  7.35,  7.35,  7.35,  7.35,  7.35,  7.35,  7.35,  7.35,  7.35,  7.35,  7.35,  7.35,  7.35,  7.35,  7.35,  7.35,  7.35,  7.35,  7.35,  7.35,  7.35,  7.35,  7.35
SANMATIAS1 , D,  7.49,  7.49,  7.49,  7.49,  7.49,  7.49,  7.49,  7.49,  7.49,  7.49,  7.49,  7.49,  7.49,  7.49,  7.49,  7.49,  7.49,  7.49,  7.49,  7.49,  7.49,  7.49,  7.49,  7.49
SANMATIAS2 , D,  7.49,  7.49,  7.49,  7.49,  7.49,  7.49,  7.49,  7.49,  7.49,  7.49,  7.49,  7.49,  7.49,  7.49,  7.49,  7.49,  7.49,  7.49,  7.49,  7.49,  7.49,  7.49,  7.49,  7.49
BARROSO , D,  19.35,  19.35,  19.35,  19.35,  19.35,  19.35,  19.35,  19.35,  19.35,  19.35,  19.35,  19.35,  19.35,  19.35,  19.35,  19.35,  19.35,  19.35,  19.35,  19.35,  19.35,  19.35,  19.35,  19.35
LACASCADA(ANTIOQUIA) , D,  2.18,  2.18,  2.18,  2.18,  2.18,  2.18,  2.18,  2.18,  2.18,  2.18,  2.18,  2.18,  2.18,  2.18,  2.18,  2.18,  2.18,  2.18,  2.18,  2.18,  2.18,  2.18,  2.18,  2.18
CARUQUIA , D,  6.87,  6.87,  6.87,  6.87,  6.87,  6.87,  6.87,  6.87,  6.87,  6.87,  6.87,  6.87,  6.87,  6.87,  6.87,  6.87,  6.87,  6.87,  6.87,  6.87,  6.87,  6.87,  6.87,  6.87
GUANAQUITAS , D,  7.94,  7.94,  7.94,  7.94,  7.94,  7.94,  7.94,  7.94,  7.94,  7.94,  7.94,  7.94,  7.94,  7.94,  7.94,  7.94,  7.94,  7.94,  7.94,  7.94,  7.94,  7.94,  7.94,  7.94


AGENTE: CCG ENERGY SAS ESP
PATICO-LACABRERA , D,  1.30,  1.30,  1.30,  1.30,  1.30,  1.30,  1.30,  1.30,  1.30,  1.30,  1.30,  1.30,  1.30,  1.30,  1.30,  1.30,  1.30,  1.30,  1.30,  1.30,  1.30,  1.30,  1.30,  1.30


AGENTE: CEDENAR
RIOMAYO1 , D,  0.00,  0.00,  0.00,  0.00,  0.00,  6.40,  6.40,  6.40,  6.40,  6.40,  6.40,  6.40,  0.00,  0.00,  0.00,  0.00,  0.00,  6.40,  6.40,  6.40,  6.40,  6.40,  6.40,  6.40
RIOMAYO2 , D,  0.00,  0.00,  0.00,  0.00,  0.00,  6.60,  6.60,  6.60,  6.60,  6.60,  6.60,  6.60,  0.00,  0.00,  0.00,  0.00,  0.00,  6.60,  6.60,  6.60,  6.60,  6.60,  6.60,  6.60
RIOMAYO3 , D,  0.00,  0.00,  0.00,  0.00,  0.00,  6.70,  6.70,  6.70,  6.70,  6.70,  6.70,  6.70,  0.00,  0.00,  0.00,  0.00,  0.00,  6.70,  6.70,  6.70,  6.70,  6.70,  6.70,  6.70
RIOSAPUYES , D,  1.10,  1.10,  1.10,  1.10,  1.10,  1.10,  1.10,  1.10,  1.10,  1.10,  1.10,  1.10,  1.10,  1.10,  1.10,  1.10,  1.10,  1.10,  1.10,  1.10,  1.10,  1.10,  1.10,  1.10
JULIOBRAVO , D,  0.00,  0.00,  0.00,  0.00,  0.00,  0.00,  0.00,  0.00,  0.00,  0.00,  0.00,  0.00,  0.00,  0.00,  0.00,  0.00,  0.00,  0.00,  0.00,  0.00,  0.00,  0.00,  0.00,  0.00
RIOBOBO , D,  1.03,  1.03,  1.03,  1.03,  1.03,  1.03,  1.03,  1.03,  1.03,  1.03,  1.03,  1.03,  1.03,  1.03,  1.03,  1.03,  1.03,  1.03,  1.03,  1.03,  1.03,  1.03,  1.03,  1.03


AGENTE: CELSIA COLOMBIA
CALIMA1 , D,  33,  33,  33,  33,  33,  33,  33,  33,  33,  33,  33,  33,  33,  33,  33,  33,  33,  33,  33,  33,  33,  33,  33,  33
CALIMA2 , D,  33,  33,  33,  33,  33,  33,  33,  33,  33,  33,  33,  33,  33,  33,  33,  33,  33,  33,  33,  33,  33,  33,  33,  33
CALIMA3 , D,  33,  33,  33,  33,  33,  33,  33,  33,  33,  33,  33,  33,  33,  33,  33,  33,  33,  33,  33,  33,  33,  33,  33,  33
CALIMA4 , D,  33,  33,  33,  33,  33,  33,  33,  33,  33,  33,  33,  33,  33,  33,  33,  33,  33,  33,  33,  33,  33,  33,  33,  33
CALIMA , AGCP,  68,  68,  68,  68,  68,  68,  68,  68,  68,  68,  68,  68,  68,  68,  68,  68,  68,  68,  68,  68,  68,  68,  68,  68
CALIMA1 , AGCU,  17,  17,  17,  17,  17,  17,  17,  17,  17,  17,  17,  17,  17,  17,  17,  17,  17,  17,  17,  17,  17,  17,  17,  17
CALIMA2 , AGCU,  17,  17,  17,  17,  17,  17,  17,  17,  17,  17,  17,  17,  17,  17,  17,  17,  17,  17,  17,  17,  17,  17,  17,  17
CALIMA3 , AGCU,  17,  17,  17,  17,  17,  17,  17,  17,  17,  17,  17,  17,  17,  17,  17,  17,  17,  17,  17,  17,  17,  17,  17,  17
CALIMA4 , AGCU,  17,  17,  17,  17,  17,  17,  17,  17,  17,  17,  17,  17,  17,  17,  17,  17,  17,  17,  17,  17,  17,  17,  17,  17
PRADO1 , D,  12,  12,  12,  12,  12,  12,  12,  12,  12,  12,  12,  12,  12,  12,  12,  12,  12,  12,  12,  12,  12,  12,  12,  12
PRADO2 , D,  12,  12,  12,  12,  12,  12,  12,  12,  12,  12,  12,  12,  12,  12,  12,  12,  12,  12,  12,  12,  12,  12,  12,  12
PRADO3 , D,  12,  12,  12,  12,  12,  12,  12,  12,  12,  12,  12,  12,  12,  12,  12,  12,  12,  12,  12,  12,  12,  12,  12,  12
SALVAJINA1 , D,  0,  0,  0,  0,  0,  0,  0,  0,  0,  0,  0,  0,  0,  0,  0,  0,  0,  0,  0,  0,  0,  0,  0,  0
SALVAJINA2 , D,  0,  0,  0,  0,  0,  0,  0,  0,  0,  0,  0,  0,  0,  0,  0,  0,  0,  0,  0,  0,  0,  0,  0,  0
SALVAJINA3 , D,  55,  55,  55,  55,  55,  55,  55,  55,  55,  55,  55,  55,  55,  55,  55,  55,  55,  55,  55,  55,  55,  55,  55,  55
SALVAJINA , AGCP,  0,  0,  0,  0,  0,  0,  0,  0,  0,  0,  0,  0,  0,  0,  0,  0,  0,  0,  0,  0,  0,  0,  0,  0
SALVAJINA2 , AGCU,  0,  0,  0,  0,  0,  0,  0,  0,  0,  0,  0,  0,  0,  0,  0,  0,  0,  0,  0,  0,  0,  0,  0,  0
SALVAJINA3 , AGCU,  0,  0,  0,  0,  0,  0,  0,  0,  0,  0,  0,  0,  0,  0,  0,  0,  0,  0,  0,  0,  0,  0,  0,  0
SALVAJINA , MO,  0,  30,  0,  0,  45,  45,  45,  45,  45,  45,  45,  45,  45,  45,  30,  30,  45,  45,  45,  45,  45,  30,  30,  0
ALTOANCHICAYA1 , D,  115,  115,  115,  115,  115,  115,  115,  115,  115,  115,  115,  115,  115,  115,  115,  115,  115,  115,  115,  115,  115,  115,  115,  115
ALTOANCHICAYA2 , D,  120,  120,  120,  120,  120,  120,  120,  120,  120,  120,  120,  120,  120,  120,  120,  120,  120,  120,  120,  120,  120,  120,  120,  120
ALTOANCHICAYA3 , D,  120,  120,  120,  120,  120,  120,  120,  120,  120,  120,  120,  120,  120,  120,  120,  120,  120,  120,  120,  120,  120,  120,  120,  120
BAJOANCHICAYA1 , D,  0,  0,  0,  0,  0,  13,  13,  13,  13,  13,  13,  13,  13,  13,  13,  13,  13,  13,  13,  13,  13,  13,  13,  13
BAJOANCHICAYA2 , D,  0,  0,  0,  0,  0,  13,  13,  13,  13,  13,  13,  13,  13,  13,  13,  13,  13,  13,  13,  13,  13,  13,  13,  13
BAJOANCHICAYA3 , D,  0,  0,  0,  0,  0,  24,  24,  24,  24,  24,  24,  24,  24,  24,  24,  24,  24,  24,  24,  24,  24,  24,  24,  24
BAJOANCHICAYA4 , D,  10,  10,  10,  10,  10,  24,  24,  24,  24,  24,  24,  24,  24,  24,  24,  24,  24,  24,  24,  24,  24,  24,  24,  24
ALBAN , AGCP,  0,  0,  0,  0,  0,  0,  0,  0,  0,  0,  0,  0,  0,  0,  0,  0,  0,  0,  0,  0,  0,  0,  0,  0
ALTOANCHICAYA1 , AGCU,  0,  0,  0,  0,  0,  0,  0,  0,  0,  0,  0,  0,  0,  0,  0,  0,  0,  0,  0,  0,  0,  0,  0,  0
ALTOANCHICAYA2 , AGCU,  0,  0,  0,  0,  0,  0,  0,  0,  0,  0,  0,  0,  0,  0,  0,  0,  0,  0,  0,  0,  0,  0,  0,  0
ALTOANCHICAYA3 , AGCU,  0,  0,  0,  0,  0,  0,  0,  0,  0,  0,  0,  0,  0,  0,  0,  0,  0,  0,  0,  0,  0,  0,  0,  0
BAJOANCHICAYA1 , AGCU,  0,  0,  0,  0,  0,  0,  0,  0,  0,  0,  0,  0,  0,  0,  0,  0,  0,  0,  0,  0,  0,  0,  0,  0
BAJOANCHICAYA3 , AGCU,  0,  0,  0,  0,  0,  0,  0,  0,  0,  0,  0,  0,  0,  0,  0,  0,  0,  0,  0,  0,  0,  0,  0,  0
ALBAN , MO,  10,  10,  10,  10,  10,  10,  10,  10,  10,  10,  10,  10,  10,  10,  10,  10,  10,  10,  10,  10,  10,  10,  10,  10
CUCUANA1 , D,  28,  28,  28,  28,  28,  28,  28,  28,  28,  28,  28,  28,  28,  28,  28,  28,  28,  28,  28,  28,  28,  28,  28,  28
CUCUANA2 , D,  28,  28,  28,  28,  28,  28,  28,  28,  28,  28,  28,  28,  28,  28,  28,  28,  28,  28,  28,  28,  28,  28,  28,  28
MERILECTRICA1 , D,  167,  167,  167,  167,  167,  167,  167,  167,  167,  167,  167,  167,  167,  167,  167,  167,  167,  167,  167,  167,  167,  167,  167,  167
MERILECTRICA1 , CONF,  1
MERILECTRICA1 , C,  GAS
CELSIASOLARESPINAL1 , D,  0.00,  0.00,  0.00,  0.00,  0.00,  0.00,  0.00,  0.00,  0.00,  2.00,  6.00,  5.00,  5.00,  6.00,  3.00,  1.00,  0.00,  0.00,  0.00,  0.00,  0.00,  0.00,  0.00,  0.00
CELSIASOLARESPINAL1 , INVD,  4.00,  4.00,  4.00,  4.00,  4.00,  4.00,  4.00,  4.00,  4.00,  4.00,  4.00,  4.00,  4.00,  4.00,  4.00,  4.00,  4.00,  4.00,  4.00,  4.00,  4.00,  4.00,  4.00,  4.00
PRADO4 , D,  4.00,  4.00,  4.00,  4.00,  4.00,  4.00,  4.00,  4.00,  4.00,  4.00,  4.00,  4.00,  4.00,  4.00,  4.00,  4.00,  4.00,  4.00,  4.00,  4.00,  4.00,  4.00,  4.00,  4.00
RIOCALI1 , D,  0.00,  0.00,  0.00,  0.00,  0.00,  0.00,  0.00,  0.00,  0.00,  0.00,  0.00,  0.00,  0.00,  0.00,  0.00,  0.00,  0.00,  0.00,  0.00,  0.00,  0.00,  0.00,  0.00,  0.00
RIOCALI2 , D,  0.00,  0.00,  0.00,  0.00,  0.00,  0.00,  0.00,  0.00,  0.00,  0.00,  0.00,  0.00,  0.00,  0.00,  0.00,  0.00,  0.00,  0.00,  0.00,  0.00,  0.00,  0.00,  0.00,  0.00
BAJOTULUA1 , D,  1.00,  1.00,  1.00,  1.00,  1.00,  1.00,  1.00,  1.00,  0.00,  0.00,  0.00,  0.00,  0.00,  0.00,  1.00,  1.00,  1.00,  1.00,  1.00,  1.00,  2.00,  2.00,  2.00,  2.00
BAJOTULUA2 , D,  1.00,  1.00,  1.00,  1.00,  1.00,  1.00,  1.00,  1.00,  0.00,  0.00,  0.00,  0.00,  0.00,  0.00,  1.00,  1.00,  1.00,  1.00,  1.00,  1.00,  2.00,  2.00,  2.00,  2.00
ALTOTULUA1 , D,  0.00,  0.00,  0.00,  0.00,  0.00,  0.00,  0.00,  0.00,  0.00,  0.00,  0.00,  0.00,  0.00,  0.00,  0.00,  0.00,  0.00,  0.00,  0.00,  0.00,  0.00,  0.00,  1.00,  1.00
ALTOTULUA2 , D,  0.00,  0.00,  0.00,  0.00,  0.00,  0.00,  0.00,  0.00,  0.00,  0.00,  0.00,  0.00,  0.00,  0.00,  0.00,  0.00,  0.00,  0.00,  0.00,  0.00,  0.00,  0.00,  1.00,  1.00
HIDROMONTAÑITAS1 , D,  8.00,  8.00,  9.00,  9.00,  9.00,  9.00,  9.00,  9.00,  9.00,  9.00,  9.00,  9.00,  9.00,  9.00,  9.00,  9.00,  9.00,  9.00,  9.00,  9.00,  9.00,  9.00,  9.00,  9.00
HIDROMONTAÑITAS2 , D,  8.00,  8.00,  9.00,  9.00,  9.00,  9.00,  9.00,  9.00,  9.00,  9.00,  9.00,  9.00,  9.00,  9.00,  9.00,  9.00,  9.00,  9.00,  9.00,  9.00,  9.00,  9.00,  9.00,  9.00
RIOPIEDRAS1 , D,  9.00,  9.00,  9.00,  9.00,  9.00,  9.00,  9.00,  9.00,  9.00,  9.00,  9.00,  9.00,  9.00,  9.00,  9.00,  9.00,  9.00,  9.00,  9.00,  9.00,  9.00,  9.00,  9.00,  9.00
RIOPIEDRAS2 , D,  9.00,  9.00,  9.00,  9.00,  9.00,  9.00,  9.00,  9.00,  9.00,  9.00,  9.00,  9.00,  9.00,  9.00,  9.00,  9.00,  9.00,  9.00,  9.00,  9.00,  9.00,  9.00,  9.00,  9.00
SANANDRESDECUERQUIA1 , D,  9.00,  9.00,  9.00,  9.00,  9.00,  9.00,  9.00,  9.00,  9.00,  9.00,  9.00,  9.00,  9.00,  9.00,  9.00,  9.00,  9.00,  9.00,  9.00,  9.00,  9.00,  9.00,  9.00,  9.00
SANANDRESDECUERQUIA2 , D,  9.00,  9.00,  9.00,  9.00,  9.00,  9.00,  9.00,  9.00,  9.00,  9.00,  9.00,  9.00,  9.00,  9.00,  9.00,  9.00,  9.00,  9.00,  9.00,  9.00,  9.00,  9.00,  9.00,  9.00
MAYAGUEZ1 , D,  14.00,  13.00,  14.00,  15.00,  14.00,  13.00,  14.00,  14.00,  14.00,  14.00,  14.00,  14.00,  13.00,  13.00,  13.00,  13.00,  14.00,  15.00,  14.00,  15.00,  15.00,  14.00,  15.00,  15.00
COGENERADORMANUELITA2 , D,  6.00,  6.00,  6.00,  6.00,  6.00,  6.00,  5.00,  5.00,  6.00,  6.00,  7.00,  7.00,  7.00,  7.00,  6.00,  6.00,  5.00,  6.00,  5.00,  5.00,  6.00,  7.00,  4.00,  5.00
ELCOCUYO , D,  0.00,  0.00,  0.00,  0.00,  0.00,  0.00,  0.00,  0.00,  0.00,  0.00,  0.00,  0.00,  0.00,  0.00,  0.00,  0.00,  0.00,  0.00,  0.00,  0.00,  0.00,  0.00,  0.00,  0.00
AUTOGARGOSCARTAGENA , D,  0.00,  0.00,  0.00,  0.00,  0.00,  0.00,  0.00,  0.00,  0.00,  0.00,  0.00,  0.00,  0.00,  0.00,  0.00,  0.00,  0.00,  0.00,  0.00,  1.00,  0.00,  0.00,  0.00,  0.00
AUTOGARGOSYUMBO , D,  0.00,  0.00,  0.00,  0.00,  0.00,  0.00,  0.00,  0.00,  0.00,  0.00,  0.00,  0.00,  0.00,  0.00,  0.00,  0.00,  0.00,  0.00,  0.00,  0.00,  0.00,  0.00,  0.00,  0.00
TEQUENDAMABIOGAS , D,  0.00,  0.00,  0.00,  0.00,  0.00,  0.00,  0.00,  0.00,  0.00,  0.00,  0.00,  0.00,  0.00,  0.00,  0.00,  0.00,  0.00,  0.00,  0.00,  0.00,  0.00,  0.00,  0.00,  0.00
AUTOGCELSIASOLARYUMBO , D,  0.00,  0.00,  0.00,  0.00,  0.00,  0.00,  0.00,  0.00,  1.00,  0.00,  0.00,  0.00,  0.00,  0.00,  1.00,  0.00,  0.00,  0.00,  0.00,  0.00,  0.00,  0.00,  0.00,  0.00
AUTOGCELSIASOLARYUMBO , INVD,  9.00,  9.00,  9.00,  9.00,  9.00,  9.00,  9.00,  9.00,  9.00,  9.00,  9.00,  9.00,  9.00,  9.00,  9.00,  9.00,  9.00,  9.00,  9.00,  9.00,  9.00,  9.00,  9.00,  9.00
CELSIASOLARBOLIVAR , D,  0.00,  0.00,  0.00,  0.00,  0.00,  0.00,  0.00,  1.00,  3.00,  6.00,  4.00,  0.00,  1.00,  1.00,  0.00,  1.00,  0.00,  0.00,  0.00,  0.00,  0.00,  0.00,  0.00,  0.00
CELSIASOLARBOLIVAR , INVD,  5.00,  5.00,  5.00,  5.00,  5.00,  5.00,  5.00,  5.00,  5.00,  5.00,  5.00,  5.00,  5.00,  5.00,  5.00,  5.00,  5.00,  5.00,  5.00,  5.00,  5.00,  5.00,  5.00,  5.00
NIMA , D,  1.00,  1.00,  1.00,  1.00,  1.00,  1.00,  1.00,  1.00,  1.00,  1.00,  1.00,  1.00,  1.00,  1.00,  1.00,  1.00,  1.00,  1.00,  1.00,  1.00,  1.00,  1.00,  1.00,  1.00
AMAIME , D,  1.00,  1.00,  1.00,  1.00,  1.00,  1.00,  2.00,  2.00,  2.00,  2.00,  2.00,  2.00,  2.00,  2.00,  2.00,  2.00,  2.00,  2.00,  2.00,  2.00,  2.00,  2.00,  2.00,  2.00


AGENTE: CEMEX ENERGY
BIOENERGY , D,  17.00,  17.00,  17.00,  17.00,  17.00,  17.00,  17.00,  17.00,  17.00,  17.00,  17.00,  17.00,  17.00,  17.00,  17.00,  17.00,  17.00,  17.00,  17.00,  17.00,  17.00,  17.00,  17.00,  17.00
AUTOGREFICAR , D,  7.50,  7.50,  7.50,  7.50,  7.50,  7.50,  7.50,  7.50,  7.50,  7.50,  7.50,  7.50,  7.50,  7.50,  7.50,  7.50,  7.50,  7.50,  7.50,  7.50,  7.50,  7.50,  7.50,  7.50
AUTOGFERTICOL , D,  16.00,  16.00,  16.00,  16.00,  16.00,  16.00,  16.00,  16.00,  16.00,  16.00,  16.00,  16.00,  16.00,  16.00,  16.00,  16.00,  16.00,  16.00,  16.00,  16.00,  16.00,  16.00,  16.00,  16.00
SUEVA2 , D,  2.40,  2.40,  2.40,  2.40,  2.40,  2.40,  2.40,  2.40,  2.40,  2.40,  2.40,  2.40,  2.40,  2.40,  2.40,  2.40,  2.40,  2.40,  2.40,  2.40,  2.40,  2.40,  2.40,  2.40


AGENTE: CES
PAIPA4 , D,  160,  160,  160,  160,  160,  160,  160,  160,  160,  160,  160,  160,  160,  160,  160,  160,  160,  160,  160,  160,  160,  160,  160,  160
PAIPA4 , CONF,  1
PAIPA4 , C,  CARBON


AGENTE: CETSA(TULUA)
RIOFRIOII1 , D,  2.00,  2.00,  2.00,  2.00,  2.00,  2.00,  2.00,  2.00,  2.00,  2.00,  2.00,  2.00,  2.00,  2.00,  2.00,  2.00,  2.00,  2.00,  3.00,  3.00,  3.00,  2.00,  2.00,  2.00
RIOFRIOII2 , D,  2.00,  2.00,  2.00,  2.00,  2.00,  2.00,  2.00,  2.00,  2.00,  2.00,  2.00,  2.00,  2.00,  2.00,  2.00,  2.00,  2.00,  2.00,  3.00,  3.00,  3.00,  2.00,  2.00,  2.00
RIOFRIOI , D,  1.00,  1.00,  1.00,  1.00,  1.00,  1.00,  1.00,  1.00,  1.00,  1.00,  1.00,  1.00,  1.00,  1.00,  1.00,  1.00,  1.00,  1.00,  1.00,  1.00,  1.00,  1.00,  1.00,  1.00
RUMOR , D,  1.00,  1.00,  1.00,  1.00,  1.00,  1.00,  1.00,  1.00,  1.00,  1.00,  1.00,  1.00,  2.00,  2.00,  2.00,  2.00,  1.00,  2.00,  1.00,  1.00,  1.00,  1.00,  1.00,  1.00


AGENTE: CH EL EDEN
ELEDÉN , D,  5.00,  5.00,  5.00,  5.00,  5.00,  5.00,  5.00,  5.00,  5.00,  5.00,  5.00,  5.00,  5.00,  5.00,  5.00,  5.00,  5.00,  5.00,  5.00,  5.00,  5.00,  5.00,  5.00,  5.00


AGENTE: CHC S.A.S. E.S.P.
MAGALLO , D,  4.00,  4.00,  4.00,  4.00,  4.00,  4.00,  4.00,  4.00,  4.00,  4.00,  4.00,  4.00,  4.00,  4.00,  4.00,  4.00,  4.00,  4.00,  4.00,  4.00,  4.00,  4.00,  4.00,  4.00


AGENTE: DICELER 
INGENIOSANCARLOS1 , D,  0.00,  0.00,  0.00,  0.00,  0.00,  0.00,  0.00,  0.00,  0.00,  0.00,  0.00,  0.00,  0.00,  0.00,  0.00,  0.00,  0.00,  0.00,  0.00,  0.00,  0.00,  0.00,  0.00,  0.00


AGENTE: EEP(PEREIRA)
INGENIORISARALDA1 , D,  15.00,  15.00,  15.00,  15.00,  15.00,  15.00,  15.00,  15.00,  15.00,  15.00,  15.00,  15.00,  15.00,  15.00,  15.00,  15.00,  15.00,  15.00,  15.00,  15.00,  15.00,  15.00,  15.00,  15.00
NUEVOLIBARE , D,  3.00,  3.00,  3.00,  3.00,  3.00,  3.00,  3.00,  3.00,  3.00,  3.00,  3.00,  3.00,  3.00,  3.00,  3.00,  3.00,  3.00,  3.00,  3.00,  3.00,  3.00,  3.00,  3.00,  3.00
BELMONTE , D,  3.00,  3.00,  3.00,  3.00,  3.00,  3.00,  3.00,  3.00,  3.00,  3.00,  3.00,  3.00,  3.00,  3.00,  3.00,  3.00,  3.00,  3.00,  3.00,  3.00,  3.00,  3.00,  3.00,  3.00


AGENTE: EEPPM
ESMERALDA1 , D,  14,  14,  14,  14,  14,  14,  14,  14,  14,  14,  14,  14,  14,  14,  14,  14,  14,  14,  14,  14,  14,  14,  14,  14
ESMERALDA2 , D,  14,  14,  14,  14,  14,  14,  14,  14,  14,  14,  14,  14,  14,  14,  14,  14,  14,  14,  14,  14,  14,  14,  14,  14
GUATAPE1 , D,  70,  70,  70,  70,  70,  70,  70,  70,  70,  70,  70,  70,  70,  70,  70,  70,  70,  70,  70,  70,  70,  70,  70,  70
GUATAPE2 , D,  0,  0,  0,  0,  0,  0,  0,  0,  0,  0,  0,  0,  0,  0,  0,  0,  0,  0,  0,  0,  0,  0,  0,  0
GUATAPE3 , D,  70,  70,  70,  70,  70,  70,  70,  70,  70,  70,  70,  70,  70,  70,  70,  70,  70,  70,  70,  70,  70,  70,  70,  70
GUATAPE4 , D,  70,  70,  70,  70,  70,  70,  70,  70,  70,  70,  70,  70,  70,  70,  70,  70,  70,  70,  70,  70,  70,  70,  70,  70
GUATAPE5 , D,  0,  0,  0,  0,  0,  0,  0,  0,  0,  0,  0,  0,  0,  0,  0,  0,  0,  0,  0,  0,  0,  0,  0,  0
GUATAPE6 , D,  70,  70,  70,  70,  70,  70,  70,  70,  70,  70,  70,  70,  70,  70,  70,  70,  70,  70,  70,  70,  70,  70,  70,  70
GUATAPE7 , D,  70,  70,  70,  70,  70,  70,  70,  70,  70,  70,  70,  70,  70,  70,  70,  70,  70,  70,  70,  70,  70,  70,  70,  70
GUATAPE8 , D,  0,  0,  0,  0,  0,  0,  0,  0,  0,  0,  0,  0,  0,  0,  0,  0,  0,  0,  0,  0,  0,  0,  0,  0
GUATAPE , AGCP,  350,  350,  350,  350,  350,  350,  350,  350,  350,  350,  350,  350,  350,  350,  350,  350,  350,  350,  350,  350,  350,  350,  350,  350
GUATAPE1 , AGCU,  70,  70,  70,  70,  70,  70,  70,  70,  70,  70,  70,  70,  70,  70,  70,  70,  70,  70,  70,  70,  70,  70,  70,  70
GUATAPE2 , AGCU,  0,  0,  0,  0,  0,  0,  0,  0,  0,  0,  0,  0,  0,  0,  0,  0,  0,  0,  0,  0,  0,  0,  0,  0
GUATAPE3 , AGCU,  70,  70,  70,  70,  70,  70,  70,  70,  70,  70,  70,  70,  70,  70,  70,  70,  70,  70,  70,  70,  70,  70,  70,  70
GUATAPE4 , AGCU,  70,  70,  70,  70,  70,  70,  70,  70,  70,  70,  70,  70,  70,  70,  70,  70,  70,  70,  70,  70,  70,  70,  70,  70
GUATAPE5 , AGCU,  0,  0,  0,  0,  0,  0,  0,  0,  0,  0,  0,  0,  0,  0,  0,  0,  0,  0,  0,  0,  0,  0,  0,  0
GUATAPE6 , AGCU,  70,  70,  70,  70,  70,  70,  70,  70,  70,  70,  70,  70,  70,  70,  70,  70,  70,  70,  70,  70,  70,  70,  70,  70
GUATAPE7 , AGCU,  70,  70,  70,  70,  70,  70,  70,  70,  70,  70,  70,  70,  70,  70,  70,  70,  70,  70,  70,  70,  70,  70,  70,  70
GUATAPE8 , AGCU,  0,  0,  0,  0,  0,  0,  0,  0,  0,  0,  0,  0,  0,  0,  0,  0,  0,  0,  0,  0,  0,  0,  0,  0
LATASAJERA1 , D,  102,  102,  102,  102,  102,  102,  102,  102,  102,  102,  102,  102,  102,  102,  102,  102,  102,  102,  102,  102,  102,  102,  102,  102
LATASAJERA2 , D,  102,  102,  102,  102,  102,  102,  102,  102,  102,  102,  102,  102,  102,  102,  102,  102,  102,  102,  102,  102,  102,  102,  102,  102
LATASAJERA3 , D,  0,  0,  0,  0,  0,  0,  0,  0,  0,  0,  0,  0,  0,  0,  0,  0,  0,  0,  0,  0,  0,  0,  0,  0
LATASAJERA , AGCP,  204,  204,  204,  204,  204,  204,  204,  204,  204,  204,  204,  204,  204,  204,  204,  204,  204,  204,  204,  204,  204,  204,  204,  204
LATASAJERA1 , AGCU,  102,  102,  102,  102,  102,  102,  102,  102,  102,  102,  102,  102,  102,  102,  102,  102,  102,  102,  102,  102,  102,  102,  102,  102
LATASAJERA2 , AGCU,  102,  102,  102,  102,  102,  102,  102,  102,  102,  102,  102,  102,  102,  102,  102,  102,  102,  102,  102,  102,  102,  102,  102,  102
LATASAJERA3 , AGCU,  0,  0,  0,  0,  0,  0,  0,  0,  0,  0,  0,  0,  0,  0,  0,  0,  0,  0,  0,  0,  0,  0,  0,  0
PLAYAS1 , D,  69,  69,  69,  69,  69,  69,  69,  69,  69,  69,  69,  69,  69,  69,  69,  69,  69,  69,  69,  69,  69,  69,  69,  69
PLAYAS2 , D,  69,  69,  69,  69,  69,  69,  69,  69,  69,  69,  69,  69,  69,  69,  69,  69,  69,  69,  69,  69,  69,  69,  69,  69
PLAYAS3 , D,  69,  69,  69,  69,  69,  69,  69,  69,  69,  69,  69,  69,  69,  69,  69,  69,  69,  69,  69,  69,  69,  69,  69,  69
SANFRANCISCO1 , D,  0,  0,  0,  0,  0,  0,  0,  45,  45,  45,  45,  45,  0,  0,  0,  0,  0,  0,  45,  45,  45,  45,  45,  0
SANFRANCISCO2 , D,  0,  0,  0,  0,  0,  0,  0,  0,  0,  0,  0,  0,  0,  0,  0,  0,  0,  0,  0,  0,  0,  0,  0,  0
SANFRANCISCO3 , D,  0,  0,  0,  0,  0,  0,  0,  45,  45,  45,  45,  45,  0,  0,  0,  0,  0,  0,  45,  45,  45,  45,  45,  0
GUADALUPE31 , D,  45,  45,  45,  45,  45,  45,  45,  45,  45,  45,  45,  45,  45,  45,  45,  45,  45,  45,  45,  45,  45,  45,  45,  45
GUADALUPE32 , D,  45,  45,  45,  45,  45,  45,  45,  45,  45,  45,  45,  45,  45,  45,  45,  45,  45,  45,  45,  45,  45,  45,  45,  45
GUADALUPE33 , D,  45,  45,  45,  45,  45,  45,  45,  45,  45,  45,  45,  45,  45,  45,  45,  45,  45,  45,  45,  45,  45,  45,  45,  45
GUADALUPE34 , D,  45,  45,  45,  45,  45,  45,  45,  45,  45,  45,  45,  45,  45,  45,  45,  45,  45,  45,  45,  45,  45,  45,  45,  45
GUADALUPE35 , D,  45,  45,  45,  45,  45,  45,  45,  45,  45,  45,  45,  45,  45,  45,  45,  45,  45,  45,  45,  45,  45,  45,  45,  45
GUADALUPE36 , D,  45,  45,  45,  45,  45,  45,  45,  45,  45,  45,  45,  45,  45,  45,  45,  45,  45,  45,  45,  45,  45,  45,  45,  45
GUADALUPE41 , D,  67,  67,  67,  67,  67,  67,  67,  67,  67,  67,  67,  67,  67,  67,  67,  67,  67,  67,  67,  67,  67,  67,  67,  67
GUADALUPE42 , D,  67,  67,  67,  67,  67,  67,  67,  67,  67,  67,  67,  67,  67,  67,  67,  67,  67,  67,  67,  67,  67,  67,  67,  67
GUADALUPE43 , D,  68,  68,  68,  68,  68,  68,  68,  68,  68,  68,  68,  68,  68,  68,  68,  68,  68,  68,  68,  68,  68,  68,  68,  68
TRONERAS1 , D,  20,  20,  20,  20,  20,  20,  20,  20,  20,  20,  20,  20,  20,  20,  20,  20,  20,  20,  20,  20,  20,  20,  20,  20
TRONERAS2 , D,  20,  20,  20,  20,  20,  20,  20,  20,  20,  20,  20,  20,  20,  20,  20,  20,  20,  20,  20,  20,  20,  20,  20,  20
GUATRON , MO,  0,  0,  0,  0,  0,  0,  0,  0,  0,  0,  0,  0,  0,  0,  0,  0,  0,  0,  0,  0,  0,  0,  0,  0
PORCEII1 , D,  135,  135,  135,  135,  135,  135,  135,  135,  135,  135,  135,  135,  135,  135,  135,  135,  135,  135,  135,  135,  135,  135,  135,  135
PORCEII2 , D,  135,  135,  135,  135,  135,  135,  135,  135,  135,  135,  135,  135,  135,  135,  135,  135,  135,  135,  135,  135,  135,  135,  135,  135
PORCEII3 , D,  135,  135,  135,  135,  135,  135,  135,  135,  135,  135,  135,  135,  135,  135,  135,  135,  135,  135,  135,  135,  135,  135,  135,  135
PORCEII , AGCP,  116,  116,  116,  116,  116,  116,  116,  116,  116,  116,  116,  116,  116,  116,  116,  116,  116,  116,  0,  0,  0,  0,  116,  116
PORCEII1 , AGCU,  58,  58,  58,  58,  58,  58,  58,  58,  58,  58,  58,  58,  58,  58,  58,  58,  58,  58,  58,  58,  58,  58,  58,  58
PORCEII2 , AGCU,  58,  58,  58,  58,  58,  58,  58,  58,  58,  58,  58,  58,  58,  58,  58,  58,  58,  58,  58,  58,  58,  58,  58,  58
PORCEIII4 , D,  175,  175,  175,  175,  175,  175,  175,  175,  175,  175,  175,  175,  175,  175,  175,  175,  175,  175,  175,  175,  175,  175,  175,  175
PORCEIII3 , D,  175,  175,  175,  175,  175,  175,  175,  175,  175,  175,  175,  175,  175,  175,  175,  175,  175,  175,  175,  175,  175,  175,  175,  175
PORCEIII2 , D,  0,  0,  0,  0,  0,  0,  0,  0,  0,  0,  0,  0,  0,  0,  0,  0,  0,  0,  0,  0,  0,  0,  0,  0
PORCEIII1 , D,  175,  175,  175,  175,  175,  175,  175,  175,  175,  175,  175,  175,  175,  175,  175,  175,  175,  175,  175,  175,  175,  175,  175,  175
PORCEIII , AGCP,  0,  0,  0,  0,  0,  0,  0,  0,  0,  0,  0,  0,  0,  0,  0,  0,  0,  0,  0,  0,  0,  0,  0,  0
PORCEIII4 , AGCU,  0,  0,  0,  0,  0,  0,  0,  0,  0,  0,  0,  0,  0,  0,  0,  0,  0,  0,  0,  0,  0,  0,  0,  0
PORCEIII3 , AGCU,  50,  50,  50,  50,  50,  50,  50,  50,  50,  50,  50,  50,  50,  50,  50,  50,  50,  50,  50,  50,  50,  50,  50,  50
PORCEIII1 , AGCU,  50,  50,  50,  50,  50,  50,  50,  50,  50,  50,  50,  50,  50,  50,  50,  50,  50,  50,  50,  50,  50,  50,  50,  50
TERMOSIERRA1 , D,  0,  0,  0,  0,  0,  0,  0,  0,  0,  0,  0,  0,  0,  0,  0,  0,  0,  0,  0,  0,  0,  0,  0,  0
TERMOSIERRA2 , D,  136,  136,  136,  136,  136,  136,  136,  136,  136,  136,  136,  136,  136,  136,  136,  136,  136,  136,  136,  136,  136,  136,  136,  136
TERMOSIERRA3 , D,  65,  65,  65,  65,  65,  65,  65,  65,  65,  65,  65,  62,  57,  57,  57,  57,  57,  57,  60,  62,  62,  62,  65,  65
TERMOSIERRACC , CONF,  3
TERMOSIERRACC , C,  GAS
TERMODORADA1 , D,  0,  0,  0,  0,  0,  0,  0,  0,  0,  0,  0,  0,  0,  0,  0,  0,  0,  0,  0,  0,  0,  0,  0,  0
TERMODORADA1 , CONF,  3
TERMODORADA1 , C,  ACPM
INSULA1 , D,  3.00,  3.00,  3.00,  3.00,  3.00,  3.00,  3.00,  3.00,  3.00,  3.00,  3.00,  3.00,  3.00,  3.00,  3.00,  3.00,  3.00,  3.00,  3.00,  3.00,  3.00,  3.00,  3.00,  3.00
INSULA2 , D,  3.00,  3.00,  3.00,  3.00,  3.00,  3.00,  3.00,  3.00,  3.00,  3.00,  3.00,  3.00,  3.00,  3.00,  3.00,  3.00,  3.00,  3.00,  3.00,  3.00,  3.00,  3.00,  3.00,  3.00
INSULA3 , D,  7.00,  7.00,  7.00,  7.00,  7.00,  7.00,  7.00,  7.00,  7.00,  7.00,  7.00,  7.00,  7.00,  7.00,  7.00,  7.00,  7.00,  7.00,  7.00,  7.00,  7.00,  7.00,  7.00,  7.00
LAHERRADURA1 , D,  8.50,  8.50,  8.50,  8.50,  8.50,  8.50,  8.50,  8.50,  8.50,  8.50,  8.50,  8.50,  8.50,  8.50,  8.50,  8.50,  8.50,  8.50,  8.50,  8.50,  8.50,  8.50,  8.50,  8.50
LAHERRADURA2 , D,  8.50,  8.50,  8.50,  8.50,  8.50,  8.50,  8.50,  8.50,  8.50,  8.50,  8.50,  8.50,  8.50,  8.50,  8.50,  8.50,  8.50,  8.50,  8.50,  8.50,  8.50,  8.50,  8.50,  8.50
PAJARITO1 , D,  4.00,  4.00,  4.00,  4.00,  4.00,  4.00,  4.00,  4.00,  4.00,  4.00,  4.00,  4.00,  4.00,  4.00,  4.00,  4.00,  4.00,  4.00,  4.00,  4.00,  4.00,  4.00,  4.00,  4.00
PAJARITO2 , D,  7.90,  7.90,  7.90,  7.90,  7.90,  7.90,  7.90,  7.90,  7.90,  7.90,  7.90,  7.90,  7.90,  7.90,  7.90,  7.90,  7.90,  7.90,  7.90,  7.90,  7.90,  7.90,  7.90,  7.90
COGENERADORCOLTEJER1 , D,  9.40,  9.40,  9.40,  9.40,  9.40,  9.40,  9.40,  9.40,  9.40,  9.40,  9.40,  9.40,  9.40,  9.40,  9.40,  9.40,  9.40,  9.40,  9.40,  9.40,  9.40,  9.40,  9.40,  9.40
JEPIRACHI1-15 , D,  0.00,  0.00,  0.00,  1.00,  0.00,  0.00,  0.00,  0.00,  0.00,  0.00,  1.00,  1.55,  3.18,  2.33,  0.00,  1.00,  2.22,  2.83,  3.30,  2.16,  0.00,  1.00,  0.00,  0.00
JEPIRACHI1-15 , INVD,  13.00,  13.00,  13.00,  13.00,  13.00,  13.00,  13.00,  13.00,  13.00,  13.00,  13.00,  13.00,  13.00,  13.00,  13.00,  13.00,  13.00,  13.00,  13.00,  13.00,  13.00,  13.00,  13.00,  13.00
AUTOGARGOSELCAIRO , D,  0.00,  0.00,  0.00,  0.00,  0.00,  0.00,  0.00,  0.00,  0.00,  0.00,  0.00,  0.00,  0.00,  0.00,  0.00,  0.00,  0.00,  0.00,  0.00,  0.00,  0.00,  0.00,  0.00,  0.00
PORCEIIIMENOR , D,  1.00,  1.00,  1.00,  1.00,  1.00,  1.00,  1.00,  1.00,  1.00,  1.00,  1.00,  1.00,  1.00,  1.00,  1.00,  1.00,  1.00,  1.00,  1.00,  1.00,  1.00,  1.00,  1.00,  1.00
AUTOGARGOSSOGAMOSO , D,  4.00,  4.00,  4.00,  4.00,  4.00,  4.00,  4.00,  4.00,  4.00,  4.00,  4.00,  4.00,  4.00,  4.00,  4.00,  4.00,  4.00,  4.00,  4.00,  4.00,  4.00,  4.00,  4.00,  4.00
AUTOGCOCA-COLAFEMSA , D,  0.80,  0.80,  0.80,  0.80,  0.80,  0.80,  0.80,  0.80,  0.80,  0.80,  0.80,  0.80,  0.80,  0.80,  0.80,  0.80,  0.80,  0.80,  0.80,  0.80,  0.80,  0.80,  0.80,  0.80
AMERICA , D,  0.27,  0.27,  0.27,  0.27,  0.27,  0.27,  0.27,  0.27,  0.27,  0.27,  0.27,  0.27,  0.27,  0.27,  0.27,  0.27,  0.27,  0.27,  0.27,  0.27,  0.27,  0.27,  0.27,  0.27
AYURA , D,  13.00,  13.00,  13.00,  13.00,  13.00,  13.00,  13.00,  13.00,  13.00,  13.00,  13.00,  13.00,  13.00,  13.00,  13.00,  13.00,  13.00,  13.00,  13.00,  13.00,  13.00,  13.00,  13.00,  13.00
BELLO , D,  0.00,  0.00,  0.00,  0.00,  0.00,  0.00,  0.00,  0.00,  0.00,  0.00,  0.00,  0.00,  0.00,  0.00,  0.00,  0.00,  0.00,  0.00,  0.00,  0.00,  0.00,  0.00,  0.00,  0.00
CAMPESTRE(EPM) , D,  0.00,  0.00,  0.00,  0.00,  0.00,  0.00,  0.00,  0.00,  0.00,  0.00,  0.00,  0.00,  0.00,  0.00,  0.00,  0.00,  0.00,  0.00,  0.00,  0.00,  0.00,  0.00,  0.00,  0.00
MANANTIALES , D,  0.00,  0.00,  0.00,  0.00,  0.00,  0.00,  0.00,  0.00,  0.00,  0.00,  0.00,  0.00,  0.00,  0.00,  0.00,  0.00,  0.00,  0.00,  0.00,  0.00,  0.00,  0.00,  0.00,  0.00
AUTGCEMENTOSDELNARE , D,  6.40,  6.40,  6.40,  6.40,  6.40,  6.40,  6.40,  3.60,  3.60,  3.60,  3.60,  3.60,  3.60,  3.60,  3.60,  4.10,  4.10,  4.10,  4.10,  4.10,  4.10,  4.10,  4.10,  6.40
LAVUELTA , D,  11.20,  11.20,  11.20,  11.20,  11.20,  11.20,  11.20,  11.20,  11.20,  11.20,  11.20,  11.20,  11.20,  11.20,  11.20,  11.20,  11.20,  11.20,  11.20,  11.20,  11.20,  11.20,  11.20,  11.20
CARACOLI , D,  0.00,  0.00,  0.00,  0.00,  0.00,  0.00,  0.00,  0.00,  0.00,  0.00,  0.00,  0.00,  0.00,  0.00,  0.00,  0.00,  0.00,  0.00,  0.00,  0.00,  0.00,  0.00,  0.00,  0.00
RIOGRANDEI , D,  0.00,  0.00,  0.00,  0.00,  0.00,  0.00,  0.00,  19.00,  19.00,  19.00,  19.00,  19.00,  19.00,  19.00,  19.00,  19.00,  19.00,  19.00,  19.00,  19.00,  19.00,  0.00,  0.00,  0.00
SONSON , D,  17.00,  17.00,  17.00,  17.00,  17.00,  17.00,  17.00,  17.00,  17.00,  17.00,  17.00,  17.00,  17.00,  17.00,  17.00,  17.00,  17.00,  17.00,  17.00,  17.00,  17.00,  17.00,  17.00,  17.00
RIOFRIO(TAMESIS) , D,  0.33,  0.33,  0.33,  0.33,  0.33,  0.33,  0.33,  0.33,  0.33,  0.33,  0.33,  0.33,  0.33,  0.33,  0.33,  0.33,  0.33,  0.33,  0.33,  0.33,  0.33,  0.33,  0.33,  0.33
GUACAICA , D,  0.00,  0.00,  0.00,  0.00,  0.00,  0.00,  0.00,  0.00,  0.00,  0.00,  0.00,  0.00,  0.00,  0.00,  0.00,  0.00,  0.00,  0.00,  0.00,  0.00,  0.00,  0.00,  0.00,  0.00
INTERMEDIA , D,  0.00,  0.00,  0.00,  0.00,  0.00,  0.00,  0.00,  0.00,  0.00,  0.00,  0.00,  0.00,  0.00,  0.00,  0.00,  0.00,  0.00,  0.00,  0.00,  0.00,  0.00,  0.00,  0.00,  0.00
SANCANCIO , D,  0.80,  0.80,  0.80,  0.80,  0.80,  0.80,  0.80,  0.80,  0.80,  0.80,  0.80,  0.80,  0.80,  0.80,  0.80,  0.80,  0.80,  0.80,  0.80,  0.80,  0.80,  0.80,  0.80,  0.80
NIQUIA , D,  13.50,  13.50,  13.50,  13.50,  13.50,  13.50,  13.50,  12.70,  12.70,  12.70,  12.70,  12.70,  12.70,  12.70,  14.50,  14.50,  14.50,  14.50,  14.50,  14.50,  14.50,  14.50,  13.50,  13.50
NUTIBARA , D,  0.00,  0.00,  0.00,  0.00,  0.00,  0.00,  0.00,  0.00,  0.00,  0.00,  0.00,  0.00,  0.00,  0.00,  0.00,  0.00,  0.00,  0.00,  0.00,  0.00,  0.00,  0.00,  0.00,  0.00
CASCADA , D,  1.80,  1.80,  1.80,  1.80,  1.80,  1.80,  1.80,  1.80,  1.80,  1.80,  1.80,  1.80,  1.80,  1.80,  1.80,  1.80,  1.80,  1.80,  1.80,  1.80,  1.80,  1.80,  1.80,  1.80
PALMASSANGIL , D,  8.00,  8.00,  8.00,  8.00,  8.00,  8.00,  8.00,  8.00,  8.00,  8.00,  8.00,  8.00,  8.00,  8.00,  8.00,  8.00,  8.00,  8.00,  8.00,  8.00,  8.00,  8.00,  8.00,  8.00
RIOGRANDE , D,  0.30,  0.30,  0.30,  0.30,  0.30,  0.30,  0.30,  0.30,  0.30,  0.30,  0.30,  0.30,  0.30,  0.30,  0.30,  0.30,  0.30,  0.30,  0.30,  0.30,  0.30,  0.30,  0.30,  0.30
MUNICIPAL , D,  1.10,  1.10,  1.10,  1.10,  1.10,  1.10,  1.10,  1.10,  1.10,  1.10,  1.10,  1.10,  1.10,  1.10,  1.10,  1.10,  1.10,  1.10,  1.10,  1.10,  1.10,  1.10,  1.10,  1.10


AGENTE: EGECOL S.A. E.S.P.
PCHLALIBERTAD1 , D,  0.21,  0.21,  0.21,  0.21,  0.21,  0.21,  0.21,  0.21,  0.21,  0.21,  0.21,  0.21,  0.21,  0.21,  0.21,  0.21,  0.21,  0.21,  0.21,  0.21,  0.21,  0.21,  0.21,  0.21


AGENTE: ELECTROHUILA
IQUIRAI , D,  1.00,  1.00,  1.00,  1.00,  1.00,  1.00,  1.00,  1.00,  1.00,  1.00,  1.00,  1.00,  1.00,  1.00,  1.00,  1.00,  1.00,  1.00,  1.00,  1.00,  1.00,  1.00,  1.00,  1.00
IQUIRAII , D,  0.00,  0.00,  0.00,  0.00,  0.00,  0.00,  0.00,  0.00,  0.00,  0.00,  0.00,  0.00,  0.00,  0.00,  0.00,  0.00,  0.00,  0.00,  0.00,  0.00,  0.00,  0.00,  0.00,  0.00
LAPITA , D,  0.00,  0.00,  0.00,  0.00,  0.00,  0.00,  0.00,  0.00,  0.00,  0.00,  0.00,  0.00,  0.00,  0.00,  0.00,  0.00,  0.00,  0.00,  0.00,  0.00,  0.00,  0.00,  0.00,  0.00


AGENTE: EMEE(POPAYAN)
COCONUCO , D,  2.20,  2.20,  2.20,  2.20,  2.20,  2.20,  2.20,  2.20,  2.20,  2.20,  2.20,  2.20,  2.20,  2.20,  2.20,  2.20,  2.20,  2.20,  2.20,  2.20,  2.20,  2.20,  2.20,  2.20


AGENTE: EMGESA S.A.
BETANIA1 , D,  160,  160,  160,  160,  160,  160,  160,  160,  160,  160,  160,  160,  160,  160,  160,  160,  160,  160,  160,  160,  160,  160,  160,  160
BETANIA2 , D,  160,  160,  160,  160,  160,  160,  160,  160,  160,  160,  160,  160,  160,  160,  160,  160,  160,  160,  160,  160,  160,  160,  160,  160
BETANIA3 , D,  160,  160,  160,  160,  160,  160,  160,  160,  160,  160,  160,  160,  160,  160,  160,  160,  160,  160,  160,  160,  160,  160,  160,  160
BETANIA , MO,  60,  60,  60,  60,  60,  60,  60,  60,  60,  60,  60,  60,  60,  60,  60,  60,  60,  60,  60,  60,  60,  60,  60,  60
GUAVIO1 , D,  0,  0,  0,  0,  0,  0,  0,  0,  0,  0,  0,  0,  0,  0,  0,  0,  0,  0,  0,  0,  0,  0,  0,  0
GUAVIO2 , D,  242,  242,  242,  242,  242,  242,  242,  242,  242,  242,  242,  242,  242,  242,  242,  242,  242,  242,  242,  242,  242,  242,  242,  242
GUAVIO3 , D,  242,  242,  242,  242,  242,  242,  242,  242,  242,  242,  242,  242,  242,  242,  242,  242,  242,  242,  242,  242,  242,  242,  242,  242
GUAVIO4 , D,  242,  242,  242,  242,  242,  242,  242,  242,  242,  242,  242,  242,  242,  242,  242,  242,  242,  242,  242,  242,  242,  242,  242,  242
GUAVIO5 , D,  242,  242,  242,  242,  242,  242,  242,  242,  242,  242,  242,  242,  242,  242,  242,  242,  242,  242,  242,  242,  242,  242,  242,  242
GUAVIO , AGCP,  0,  0,  0,  0,  0,  0,  0,  0,  0,  0,  0,  0,  0,  0,  0,  0,  0,  0,  0,  0,  0,  0,  0,  0
GUAVIO1 , AGCU,  0,  0,  0,  0,  0,  0,  0,  0,  0,  0,  0,  0,  0,  0,  0,  0,  0,  0,  0,  0,  0,  0,  0,  0
GUAVIO2 , AGCU,  182,  182,  182,  182,  182,  182,  182,  182,  182,  182,  182,  182,  182,  182,  182,  182,  182,  182,  182,  182,  182,  182,  182,  182
GUAVIO3 , AGCU,  182,  182,  182,  182,  182,  182,  182,  182,  182,  182,  182,  182,  182,  182,  182,  182,  182,  182,  182,  182,  182,  182,  182,  182
GUAVIO4 , AGCU,  0,  0,  0,  0,  0,  0,  0,  0,  0,  0,  0,  0,  0,  0,  0,  0,  0,  0,  0,  0,  0,  0,  0,  0
GUAVIO5 , AGCU,  182,  182,  182,  182,  182,  182,  182,  182,  182,  182,  182,  182,  182,  182,  182,  182,  182,  182,  182,  182,  182,  182,  182,  182
GUAVIO4 , PRU,  12,  12,  12,  12,  12,  12,  12,  12,  12,  12,  12,  12,  12,  12,  12,  12,  12,  12,  12,  12,  12,  12,  12,  12
LAGUACA1 , D,  108,  108,  108,  108,  108,  108,  108,  108,  108,  108,  108,  108,  108,  108,  108,  108,  108,  108,  108,  108,  108,  108,  108,  108
LAGUACA2 , D,  0,  0,  0,  0,  0,  0,  0,  0,  0,  0,  0,  0,  0,  0,  0,  0,  0,  0,  0,  0,  0,  0,  0,  0
LAGUACA3 , D,  108,  108,  108,  108,  108,  108,  108,  108,  108,  108,  108,  108,  108,  108,  108,  108,  108,  108,  108,  108,  108,  108,  108,  108
PARAISO1 , D,  0,  0,  0,  0,  0,  0,  0,  0,  0,  0,  0,  0,  0,  0,  0,  0,  0,  0,  0,  0,  0,  0,  0,  0
PARAISO2 , D,  92,  92,  92,  92,  92,  92,  92,  92,  92,  92,  92,  92,  92,  92,  92,  92,  92,  92,  92,  92,  92,  92,  92,  92
PARAISO3 , D,  92,  92,  92,  92,  92,  92,  92,  92,  92,  92,  92,  92,  92,  92,  92,  92,  92,  92,  92,  92,  92,  92,  92,  92
PAGUA , AGCP,  0,  0,  0,  0,  0,  0,  0,  0,  0,  0,  0,  0,  0,  0,  0,  0,  0,  0,  0,  0,  0,  0,  0,  0
LAGUACA1 , AGCU,  68,  68,  68,  68,  68,  68,  68,  68,  68,  68,  68,  68,  68,  68,  68,  68,  68,  68,  68,  68,  68,  68,  68,  68
LAGUACA2 , AGCU,  0,  0,  0,  0,  0,  0,  0,  0,  0,  0,  0,  0,  0,  0,  0,  0,  0,  0,  0,  0,  0,  0,  0,  0
LAGUACA3 , AGCU,  68,  68,  68,  68,  68,  68,  68,  68,  68,  68,  68,  68,  68,  68,  68,  68,  68,  68,  68,  68,  68,  68,  68,  68
PARAISO1 , AGCU,  0,  0,  0,  0,  0,  0,  0,  0,  0,  0,  0,  0,  0,  0,  0,  0,  0,  0,  0,  0,  0,  0,  0,  0
PARAISO2 , AGCU,  58,  58,  58,  58,  58,  58,  58,  58,  58,  58,  58,  58,  58,  58,  58,  58,  58,  58,  58,  58,  58,  58,  58,  58
PARAISO3 , AGCU,  58,  58,  58,  58,  58,  58,  58,  58,  58,  58,  58,  58,  58,  58,  58,  58,  58,  58,  58,  58,  58,  58,  58,  58
ELQUIMBO1 , D,  180,  180,  180,  180,  180,  180,  180,  180,  180,  180,  180,  180,  180,  180,  180,  180,  180,  180,  180,  180,  180,  180,  180,  180
ELQUIMBO2 , D,  180,  180,  180,  180,  180,  180,  180,  180,  180,  180,  180,  180,  180,  180,  180,  180,  180,  180,  180,  180,  180,  180,  180,  180
ELQUIMBO , AGCP,  0,  0,  0,  0,  0,  0,  0,  0,  0,  0,  0,  0,  0,  0,  0,  0,  0,  0,  0,  0,  0,  0,  0,  0
ELQUIMBO1 , AGCU,  97,  97,  97,  97,  97,  97,  97,  97,  97,  97,  97,  97,  97,  97,  97,  97,  97,  97,  97,  97,  97,  97,  97,  97
ELQUIMBO2 , AGCU,  97,  97,  97,  97,  97,  97,  97,  97,  97,  97,  97,  97,  97,  97,  97,  97,  97,  97,  97,  97,  97,  97,  97,  97
ELQUIMBO , MO,  83,  83,  83,  83,  83,  83,  83,  83,  83,  83,  83,  83,  83,  83,  83,  83,  83,  83,  83,  83,  83,  83,  83,  83
DARIOVALENCIASAMPER1 , D,  50,  50,  50,  50,  50,  50,  50,  50,  50,  50,  50,  50,  50,  50,  50,  50,  50,  50,  50,  50,  50,  50,  50,  50
DARIOVALENCIASAMPER2 , D,  50,  50,  50,  50,  50,  50,  50,  50,  50,  50,  50,  50,  50,  50,  50,  50,  50,  50,  50,  50,  50,  50,  50,  50
DARIOVALENCIASAMPER5 , D,  50,  50,  50,  50,  50,  50,  50,  50,  50,  50,  50,  50,  50,  50,  50,  50,  50,  50,  50,  50,  50,  50,  50,  50
SALTOII2 , D,  35,  35,  35,  35,  35,  35,  35,  35,  35,  35,  35,  35,  35,  35,  35,  35,  35,  35,  35,  35,  35,  35,  35,  35
ELPASOPANELES , D,  0,  0,  0,  0,  0,  0,  4,  20,  41,  56,  50,  36,  35,  32,  25,  17,  6,  1,  0,  0,  0,  0,  0,  0
ELPASOPANELES , PRU,  100,  100,  100,  100,  100,  100,  100,  100,  100,  100,  100,  100,  100,  100,  100,  100,  100,  100,  100,  100,  100,  100,  100,  100
ELPASOPANELES , INVD,  46,  46,  46,  46,  46,  46,  46,  46,  46,  46,  46,  46,  46,  46,  46,  46,  46,  46,  46,  46,  46,  46,  46,  46
CARTAGENA1 , D,  56,  56,  56,  56,  56,  56,  56,  56,  56,  56,  56,  56,  56,  56,  56,  56,  56,  56,  56,  56,  56,  56,  56,  56
CARTAGENA1 , CONF,  1
CARTAGENA1 , C,  COMBUSTOLEO
CARTAGENA2 , D,  62,  62,  62,  62,  62,  62,  62,  62,  62,  62,  62,  62,  62,  62,  62,  62,  62,  62,  62,  62,  62,  62,  62,  62
CARTAGENA2 , CONF,  1
CARTAGENA2 , C,  COMBUSTOLEO
CARTAGENA3 , D,  0,  0,  0,  0,  0,  0,  0,  0,  0,  0,  0,  0,  0,  0,  0,  0,  0,  0,  0,  0,  0,  0,  0,  0
CARTAGENA3 , CONF,  1
CARTAGENA3 , C,  COMBUSTOLEO
ZIPAEMG2 , D,  35,  35,  35,  35,  35,  35,  35,  35,  35,  35,  35,  35,  35,  35,  35,  35,  35,  35,  35,  35,  35,  35,  35,  35
ZIPAEMG2 , CONF,  1
ZIPAEMG2 , C,  CARBON
ZIPAEMG3 , D,  63,  63,  63,  63,  63,  63,  63,  63,  63,  63,  63,  63,  63,  63,  63,  63,  63,  63,  63,  63,  63,  63,  63,  63
ZIPAEMG3 , CONF,  1
ZIPAEMG3 , C,  CARBON
ZIPAEMG4 , D,  64,  64,  64,  64,  64,  64,  64,  64,  64,  64,  64,  64,  64,  64,  64,  64,  64,  64,  64,  64,  64,  64,  64,  64
ZIPAEMG4 , CONF,  1
ZIPAEMG4 , C,  CARBON
ZIPAEMG5 , D,  61,  61,  61,  61,  61,  61,  61,  61,  61,  61,  61,  61,  61,  61,  61,  61,  61,  61,  61,  61,  61,  61,  61,  61
ZIPAEMG5 , CONF,  1
ZIPAEMG5 , C,  CARBON
ZIPAEMG5 , PRU,  3,  3,  3,  3,  3,  3,  3,  3,  3,  3,  3,  3,  3,  3,  3,  3,  3,  3,  3,  3,  3,  3,  3,  3
SUBA , D,  0.90,  0.90,  0.90,  0.90,  0.90,  0.90,  0.90,  0.90,  0.90,  0.90,  0.90,  0.90,  0.90,  0.90,  0.90,  0.90,  0.90,  0.90,  0.90,  0.90,  0.90,  0.90,  0.90,  0.90
USAQUEN , D,  0.00,  0.00,  0.00,  0.00,  0.00,  0.00,  0.00,  0.00,  0.00,  0.00,  0.00,  0.00,  0.00,  0.00,  0.00,  0.00,  0.00,  0.00,  0.00,  0.00,  0.00,  0.00,  0.00,  0.00
LAGUNETA , D,  16.00,  16.00,  16.00,  16.00,  16.00,  16.00,  16.00,  16.00,  16.00,  16.00,  18.00,  18.00,  18.00,  18.00,  18.00,  18.00,  18.00,  18.00,  18.00,  18.00,  18.00,  18.00,  18.00,  18.00
GUAVIOMENOR , D,  5.00,  5.00,  5.00,  5.00,  5.00,  5.00,  5.00,  5.00,  5.00,  5.00,  5.00,  5.00,  5.00,  5.00,  5.00,  5.00,  5.00,  5.00,  5.00,  5.00,  5.00,  5.00,  5.00,  5.00
TEQUENDAMA1 , D,  8.00,  8.00,  8.00,  8.00,  8.00,  8.00,  8.00,  8.00,  8.00,  8.00,  13.00,  13.00,  13.00,  13.00,  13.00,  13.00,  13.00,  13.00,  13.00,  13.00,  13.00,  13.00,  13.00,  13.00
TEQUENDAMA2 , D,  8.00,  8.00,  8.00,  8.00,  8.00,  8.00,  8.00,  8.00,  8.00,  8.00,  13.00,  13.00,  13.00,  13.00,  13.00,  13.00,  13.00,  13.00,  13.00,  13.00,  13.00,  13.00,  13.00,  13.00
TEQUENDAMA3 , D,  7.00,  7.00,  7.00,  7.00,  7.00,  7.00,  7.00,  7.00,  7.00,  7.00,  13.00,  13.00,  13.00,  13.00,  13.00,  13.00,  13.00,  13.00,  13.00,  13.00,  13.00,  13.00,  13.00,  13.00
TEQUENDAMA4 , D,  0.00,  0.00,  0.00,  0.00,  0.00,  0.00,  0.00,  0.00,  0.00,  0.00,  13.00,  13.00,  13.00,  13.00,  13.00,  13.00,  13.00,  13.00,  13.00,  13.00,  13.00,  13.00,  13.00,  13.00
CHARQUITO , D,  5.00,  5.00,  5.00,  5.00,  5.00,  5.00,  5.00,  5.00,  5.00,  5.00,  18.00,  18.00,  18.00,  18.00,  18.00,  18.00,  18.00,  18.00,  18.00,  18.00,  18.00,  18.00,  18.00,  18.00
ELLIMONAR , D,  0.00,  0.00,  0.00,  0.00,  0.00,  0.00,  0.00,  0.00,  0.00,  0.00,  18.00,  18.00,  18.00,  18.00,  18.00,  18.00,  18.00,  18.00,  18.00,  18.00,  18.00,  18.00,  18.00,  18.00
RIONEGRO , D,  0.00,  0.00,  0.00,  0.00,  0.00,  0.00,  0.00,  0.00,  0.00,  0.00,  0.00,  0.00,  0.00,  0.00,  0.00,  0.00,  0.00,  0.00,  0.00,  0.00,  0.00,  0.00,  0.00,  0.00
SANTAANA , D,  0.00,  0.00,  0.00,  0.00,  0.00,  0.00,  0.00,  0.00,  0.00,  0.00,  0.00,  0.00,  0.00,  0.00,  0.00,  0.00,  0.00,  0.00,  0.00,  0.00,  0.00,  0.00,  0.00,  0.00


AGENTE: EMSA(META)
AUTOGYAGUARITO , D,  0.39,  0.60,  0.60,  0.49,  0.50,  0.50,  0.50,  0.36,  0.40,  0.60,  0.58,  0.60,  0.59,  0.60,  0.59,  0.60,  0.42,  0.45,  0.34,  0.27,  0.30,  0.30,  0.40,  0.40
AUTOGCDSTM2500 , D,  0.00,  0.00,  0.00,  0.00,  0.00,  0.00,  0.00,  0.00,  0.00,  0.00,  0.00,  0.00,  0.00,  0.00,  0.00,  0.00,  0.00,  0.00,  0.00,  0.00,  0.00,  0.00,  0.00,  0.00


AGENTE: ENERCO 
PUENTEGUILLERMO1 , D,  1.00,  1.00,  1.00,  1.00,  1.00,  1.00,  1.00,  1.00,  1.00,  1.00,  1.00,  1.00,  1.00,  1.00,  1.00,  1.00,  1.00,  1.00,  1.00,  1.00,  1.00,  1.00,  1.00,  1.00
PUENTEGUILLERMO3 , D,  0.00,  0.00,  0.00,  0.00,  0.00,  0.00,  0.00,  0.00,  0.00,  0.00,  0.00,  0.00,  0.00,  0.00,  0.00,  0.00,  0.00,  0.00,  0.00,  0.00,  0.00,  0.00,  0.00,  0.00
AUTOGECOPETROLORITO , D,  1.00,  1.00,  1.00,  1.00,  1.00,  1.00,  1.00,  1.00,  1.00,  1.00,  1.00,  1.00,  1.00,  1.00,  1.00,  1.00,  1.00,  1.00,  1.00,  1.00,  1.00,  1.00,  1.00,  1.00
CURRUCUCUES , D,  0.60,  0.60,  0.60,  0.60,  0.60,  0.60,  0.60,  0.60,  0.60,  0.60,  0.60,  0.60,  0.60,  0.60,  0.60,  0.60,  0.60,  0.60,  0.60,  0.60,  0.60,  0.60,  0.60,  0.60


AGENTE: ENERGETICA
COELLO , D,  0.60,  0.60,  0.60,  0.60,  0.60,  0.60,  0.60,  0.60,  0.60,  0.60,  0.60,  0.60,  0.60,  0.60,  0.60,  0.60,  0.60,  0.60,  0.60,  0.60,  0.60,  0.60,  0.60,  0.60


AGENTE: ENERGIA DEL SUROESTE
MULATOSII1 , D,  3.50,  3.50,  3.50,  3.50,  3.50,  3.50,  3.50,  3.50,  3.50,  3.50,  3.50,  3.50,  3.50,  3.50,  3.50,  3.50,  3.50,  3.50,  3.50,  3.50,  3.50,  3.50,  3.50,  3.50


AGENTE: ENERGIA RIO PIEDRAS
AGUAFRESCA , D,  7.29,  7.29,  7.29,  7.29,  7.29,  7.29,  7.29,  7.29,  7.29,  7.29,  7.29,  7.29,  7.29,  7.29,  7.29,  7.29,  7.29,  7.29,  7.29,  7.29,  7.29,  7.29,  7.29,  7.29


AGENTE: ENREVSA E.S.P.
ELBOSQUE , D,  1.70,  1.70,  1.70,  1.70,  1.70,  1.70,  1.70,  1.70,  1.70,  1.70,  1.70,  1.70,  1.70,  1.70,  1.70,  1.70,  1.70,  1.70,  1.70,  1.70,  1.70,  1.70,  1.70,  1.70


AGENTE: ESPROD SAS ESP
PLANTASOLARBAYUNCAI1 , D,  0.00,  0.00,  0.00,  0.00,  0.00,  0.36,  1.27,  1.80,  1.98,  2.13,  1.93,  2.07,  1.89,  1.66,  1.42,  0.86,  0.14,  0.00,  0.00,  0.00,  0.00,  0.00,  0.00,  0.00


AGENTE: GEC  
SANJOSE , D,  0.30,  0.30,  0.30,  0.30,  0.30,  0.30,  0.30,  0.30,  0.30,  0.30,  0.30,  0.30,  0.30,  0.30,  0.30,  0.30,  0.30,  0.30,  0.30,  0.30,  0.30,  0.30,  0.30,  0.30


AGENTE: GECELCA S.A. E.S.P
GUAJIRA1 , D,  145,  145,  145,  145,  145,  145,  145,  145,  145,  145,  145,  145,  145,  145,  145,  145,  145,  145,  145,  145,  145,  145,  145,  145
GUAJIRA1 , CONF,  7
GUAJIRA1 , C,  MEZCLA GAS - CARBÓN
GUAJIRA2 , D,  0,  0,  0,  0,  0,  0,  0,  0,  0,  0,  0,  0,  0,  0,  0,  0,  0,  0,  0,  0,  0,  0,  0,  0
GUAJIRA2 , CONF,  7
GUAJIRA2 , C,  MEZCLA GAS - CARBÓN
GECELCA3 , D,  164,  164,  164,  164,  164,  164,  164,  164,  164,  164,  164,  164,  164,  164,  164,  164,  164,  164,  164,  164,  164,  164,  164,  164
GECELCA3 , CONF,  1
GECELCA3 , C,  CARBON
GECELCA32 , D,  273,  273,  273,  273,  273,  273,  273,  273,  273,  273,  273,  273,  273,  273,  273,  273,  273,  273,  273,  273,  273,  273,  273,  273
GECELCA32 , CONF,  1
GECELCA32 , C,  CARBON


AGENTE: GENERADORA LUZMA
LUZMAI1 , D,  9.50,  9.50,  9.50,  9.50,  9.50,  9.50,  9.50,  9.50,  9.50,  9.50,  9.50,  9.50,  9.50,  9.50,  9.50,  9.50,  9.50,  9.50,  9.50,  9.50,  9.50,  9.50,  9.50,  9.50
LUZMAII1 , D,  9.00,  9.00,  9.00,  9.00,  9.00,  9.00,  9.00,  9.00,  9.00,  9.00,  9.00,  9.00,  9.00,  9.00,  9.00,  9.00,  9.00,  9.00,  9.00,  9.00,  9.00,  9.00,  9.00,  9.00
LUZMAII2 , D,  9.00,  9.00,  9.00,  9.00,  9.00,  9.00,  9.00,  9.00,  9.00,  9.00,  9.00,  9.00,  9.00,  9.00,  9.00,  9.00,  9.00,  9.00,  9.00,  9.00,  9.00,  9.00,  9.00,  9.00
LUZMAI2 , D,  9.50,  9.50,  9.50,  9.50,  9.50,  9.50,  9.50,  9.50,  9.50,  9.50,  9.50,  9.50,  9.50,  9.50,  9.50,  9.50,  9.50,  9.50,  9.50,  9.50,  9.50,  9.50,  9.50,  9.50


AGENTE: GENERAMOS ENERGIA
URRAO , D,  0.80,  0.80,  0.80,  0.80,  0.80,  0.80,  0.80,  0.80,  0.80,  0.80,  0.80,  0.80,  0.80,  0.80,  0.80,  0.80,  0.80,  0.80,  0.80,  0.80,  0.80,  0.80,  0.80,  0.80


AGENTE: GENERPUTUMAYO
SANFRANCISCO(PUTUMAYO) , D,  0.33,  0.33,  0.33,  0.33,  0.33,  0.33,  0.33,  0.33,  0.33,  0.33,  0.33,  0.33,  0.33,  0.33,  0.33,  0.33,  0.33,  0.33,  0.33,  0.33,  0.33,  0.33,  0.33,  0.33
LAFRISOLERA , D,  0.27,  0.27,  0.27,  0.27,  0.27,  0.27,  0.27,  0.27,  0.27,  0.27,  0.27,  0.27,  0.27,  0.27,  0.27,  0.27,  0.27,  0.27,  0.27,  0.27,  0.27,  0.27,  0.27,  0.27


AGENTE: GENERSA
TERMOBOLIVAR1 , D,  0.00,  0.00,  0.00,  0.00,  0.00,  0.00,  0.00,  0.00,  0.00,  0.00,  0.00,  0.00,  0.00,  0.00,  0.00,  0.00,  0.00,  0.00,  0.00,  0.00,  0.00,  0.00,  0.00,  0.00
TERMOCAPACHOS , D,  9.90,  9.90,  9.90,  9.90,  9.90,  9.90,  9.90,  9.90,  9.90,  9.90,  9.90,  9.90,  9.90,  9.90,  9.90,  9.90,  9.90,  9.90,  9.90,  9.90,  9.90,  9.90,  9.90,  9.90


AGENTE: GENMAS S.A. E.S.P.
SANJOSEDELAMONTAÑAII1 , D,  0.55,  0.55,  0.55,  0.55,  0.55,  0.55,  0.55,  0.55,  0.55,  0.55,  0.55,  0.55,  0.55,  0.55,  0.55,  0.55,  0.55,  0.55,  0.55,  0.55,  0.55,  0.55,  0.55,  0.55
JUANGARCIA1 , D,  0.85,  0.85,  0.85,  0.85,  0.85,  0.85,  0.85,  0.85,  0.85,  0.85,  0.85,  0.85,  0.85,  0.85,  0.85,  0.85,  0.85,  0.85,  0.85,  0.85,  0.85,  0.85,  0.85,  0.85
JUANGARCIA2 , D,  0.85,  0.85,  0.85,  0.85,  0.85,  0.85,  0.85,  0.85,  0.85,  0.85,  0.85,  0.85,  0.85,  0.85,  0.85,  0.85,  0.85,  0.85,  0.85,  0.85,  0.85,  0.85,  0.85,  0.85
SANJOSEDELAMONTAÑA , D,  0.00,  0.00,  0.00,  0.00,  0.00,  0.00,  0.00,  0.00,  0.00,  0.00,  0.00,  0.00,  0.00,  0.00,  0.00,  0.00,  0.00,  0.00,  0.00,  0.00,  0.00,  0.00,  0.00,  0.00
LACASCADA(ABEJORRAL) , D,  0.85,  0.85,  0.85,  0.85,  0.85,  0.85,  0.85,  0.85,  0.85,  0.85,  0.85,  0.85,  0.85,  0.85,  0.85,  0.85,  0.85,  0.85,  0.85,  0.85,  0.85,  0.85,  0.85,  0.85
SANTARITA , D,  0.55,  0.55,  0.55,  0.55,  0.55,  0.55,  0.55,  0.55,  0.55,  0.55,  0.55,  0.55,  0.55,  0.55,  0.55,  0.55,  0.55,  0.55,  0.55,  0.55,  0.55,  0.55,  0.55,  0.55


AGENTE: GENSA
PAIPA1 , D,  36,  36,  36,  36,  36,  36,  36,  36,  36,  36,  36,  36,  36,  36,  36,  36,  36,  36,  36,  36,  36,  36,  36,  36
PAIPA1 , CONF,  1
PAIPA1 , C,  CARBON
PAIPA2 , D,  66,  66,  66,  66,  66,  66,  66,  66,  66,  66,  66,  66,  66,  66,  66,  66,  66,  66,  66,  66,  66,  66,  66,  66
PAIPA2 , CONF,  1
PAIPA2 , C,  CARBON
PAIPA3 , D,  70,  70,  70,  70,  70,  70,  70,  70,  70,  70,  70,  70,  70,  70,  70,  70,  70,  70,  70,  70,  70,  70,  70,  70
PAIPA3 , CONF,  1
PAIPA3 , C,  CARBON


AGENTE: HIDRALPOR SAS ESP
CARLOSLLERAS1 , D,  35,  35,  35,  35,  35,  35,  35,  35,  35,  35,  35,  35,  35,  35,  35,  35,  35,  35,  35,  35,  35,  35,  35,  35
CARLOSLLERAS2 , D,  35,  35,  35,  35,  35,  35,  35,  35,  35,  35,  35,  35,  35,  35,  35,  35,  35,  35,  35,  35,  35,  35,  35,  35
ESCUELADEMINAS1 , D,  19,  19,  19,  19,  19,  19,  19,  19,  19,  19,  19,  19,  19,  19,  19,  19,  19,  19,  19,  19,  19,  19,  19,  19
ESCUELADEMINAS2 , D,  18,  18,  18,  18,  18,  18,  18,  18,  18,  18,  18,  18,  18,  18,  18,  18,  18,  18,  18,  18,  18,  18,  18,  18
ESCUELADEMINAS3 , D,  18,  18,  18,  18,  18,  18,  18,  18,  18,  18,  18,  18,  18,  18,  18,  18,  18,  18,  18,  18,  18,  18,  18,  18


AGENTE: HIDROBARRANCAS
HIDROBARRANCAS1 , D,  4.70,  4.70,  4.70,  4.70,  4.70,  4.70,  4.70,  4.70,  4.70,  4.70,  4.70,  4.70,  4.70,  4.70,  4.70,  4.70,  4.70,  4.70,  4.70,  4.70,  4.70,  4.70,  4.70,  4.70


AGENTE: HZ ENERGY
PROVIDENCIA , D,  4.90,  4.90,  4.90,  4.90,  4.90,  4.90,  4.90,  4.90,  4.90,  4.90,  4.90,  4.90,  4.90,  4.90,  4.90,  4.90,  4.90,  4.90,  4.90,  4.90,  4.90,  4.90,  4.90,  4.90
REMEDIOS , D,  0.40,  0.40,  0.40,  0.40,  0.40,  0.40,  0.40,  0.40,  0.40,  0.40,  0.40,  0.40,  0.40,  0.40,  0.40,  0.40,  0.40,  0.40,  0.40,  0.40,  0.40,  0.40,  0.40,  0.40
AMALFI , D,  0.60,  0.60,  0.60,  0.60,  0.60,  0.60,  0.60,  0.60,  0.60,  0.60,  0.60,  0.60,  0.60,  0.60,  0.60,  0.60,  0.60,  0.60,  0.60,  0.60,  0.60,  0.60,  0.60,  0.60
LAREBUSCA , D,  0.66,  0.66,  0.66,  0.66,  0.66,  0.66,  0.66,  0.66,  0.66,  0.66,  0.66,  0.66,  0.66,  0.66,  0.66,  0.66,  0.66,  0.66,  0.66,  0.66,  0.66,  0.66,  0.66,  0.66


AGENTE: IAC ENERGY
LANAVETA , D,  4.00,  4.00,  4.00,  4.00,  4.00,  4.00,  4.00,  4.00,  4.00,  4.00,  4.00,  4.00,  4.00,  4.00,  4.00,  4.00,  4.00,  4.00,  4.00,  4.00,  4.00,  4.00,  4.00,  4.00


AGENTE: ISAGEN
JAGUAS1 , D,  85,  85,  85,  85,  85,  85,  85,  85,  85,  85,  85,  85,  85,  85,  85,  85,  85,  85,  85,  85,  85,  85,  85,  85
JAGUAS2 , D,  85,  85,  85,  85,  85,  85,  85,  85,  85,  85,  85,  85,  85,  85,  85,  85,  85,  85,  85,  85,  85,  85,  85,  85
JAGUAS , AGCP,  140,  140,  140,  140,  140,  140,  140,  140,  0,  0,  0,  0,  0,  0,  0,  0,  0,  0,  0,  0,  0,  0,  0,  140
JAGUAS1 , AGCU,  70,  70,  70,  70,  70,  70,  70,  70,  0,  0,  0,  0,  0,  0,  0,  0,  0,  0,  0,  0,  0,  0,  0,  70
JAGUAS2 , AGCU,  70,  70,  70,  70,  70,  70,  70,  70,  0,  0,  0,  0,  0,  0,  0,  0,  0,  0,  0,  0,  0,  0,  0,  70
SANCARLOS1 , D,  155,  155,  155,  155,  155,  155,  155,  155,  155,  155,  155,  155,  155,  155,  155,  155,  155,  155,  155,  155,  155,  155,  155,  155
SANCARLOS2 , D,  155,  155,  155,  155,  155,  155,  155,  155,  155,  155,  155,  155,  155,  155,  155,  155,  155,  155,  155,  155,  155,  155,  155,  155
SANCARLOS3 , D,  155,  155,  155,  155,  155,  155,  155,  155,  155,  155,  155,  155,  155,  155,  155,  155,  155,  155,  155,  155,  155,  155,  155,  155
SANCARLOS4 , D,  155,  155,  155,  155,  155,  155,  155,  155,  155,  155,  155,  155,  155,  155,  155,  155,  155,  155,  155,  155,  155,  155,  155,  155
SANCARLOS5 , D,  155,  155,  155,  155,  155,  155,  155,  155,  155,  155,  155,  155,  155,  155,  155,  155,  155,  155,  155,  155,  155,  155,  155,  155
SANCARLOS6 , D,  155,  155,  155,  155,  155,  155,  155,  155,  155,  155,  155,  155,  155,  155,  155,  155,  155,  155,  155,  155,  155,  155,  155,  155
SANCARLOS7 , D,  155,  155,  155,  155,  155,  155,  155,  155,  155,  155,  155,  155,  155,  155,  155,  155,  155,  155,  155,  155,  155,  155,  155,  155
SANCARLOS8 , D,  155,  155,  155,  155,  155,  155,  155,  155,  155,  155,  155,  155,  155,  155,  155,  155,  155,  155,  155,  155,  155,  155,  155,  155
SANCARLOS , AGCP,  1040,  1040,  1040,  1040,  1040,  1040,  1040,  1040,  0,  0,  0,  0,  0,  0,  0,  0,  0,  0,  0,  0,  0,  0,  0,  1040
SANCARLOS1 , AGCU,  130,  130,  130,  130,  130,  130,  130,  130,  0,  0,  0,  0,  0,  0,  0,  0,  0,  0,  0,  0,  0,  0,  0,  130
SANCARLOS2 , AGCU,  130,  130,  130,  130,  130,  130,  130,  130,  0,  0,  0,  0,  0,  0,  0,  0,  0,  0,  0,  0,  0,  0,  0,  130
SANCARLOS3 , AGCU,  130,  130,  130,  130,  130,  130,  130,  130,  0,  0,  0,  0,  0,  0,  0,  0,  0,  0,  0,  0,  0,  0,  0,  130
SANCARLOS4 , AGCU,  130,  130,  130,  130,  130,  130,  130,  130,  0,  0,  0,  0,  0,  0,  0,  0,  0,  0,  0,  0,  0,  0,  0,  130
SANCARLOS5 , AGCU,  130,  130,  130,  130,  130,  130,  130,  130,  0,  0,  0,  0,  0,  0,  0,  0,  0,  0,  0,  0,  0,  0,  0,  130
SANCARLOS6 , AGCU,  130,  130,  130,  130,  130,  130,  130,  130,  0,  0,  0,  0,  0,  0,  0,  0,  0,  0,  0,  0,  0,  0,  0,  130
SANCARLOS7 , AGCU,  130,  130,  130,  130,  130,  130,  130,  130,  0,  0,  0,  0,  0,  0,  0,  0,  0,  0,  0,  0,  0,  0,  0,  130
SANCARLOS8 , AGCU,  130,  130,  130,  130,  130,  130,  130,  130,  0,  0,  0,  0,  0,  0,  0,  0,  0,  0,  0,  0,  0,  0,  0,  130
MIELI1 , D,  130,  130,  130,  130,  130,  130,  130,  130,  130,  130,  130,  130,  130,  130,  130,  130,  130,  130,  130,  130,  130,  130,  130,  130
MIELI2 , D,  130,  130,  130,  130,  130,  130,  130,  130,  130,  130,  130,  130,  130,  130,  130,  130,  130,  130,  130,  130,  130,  130,  130,  130
MIELI3 , D,  130,  130,  130,  130,  130,  130,  130,  130,  130,  130,  130,  130,  130,  130,  130,  130,  130,  130,  130,  130,  130,  130,  130,  130
MIELI , AGCP,  228,  228,  228,  228,  228,  228,  228,  228,  228,  228,  228,  228,  228,  228,  228,  228,  228,  228,  228,  228,  228,  228,  228,  228
MIELI1 , AGCU,  76,  76,  76,  76,  76,  76,  76,  76,  76,  76,  76,  76,  76,  76,  76,  76,  76,  76,  76,  76,  76,  76,  76,  76
MIELI2 , AGCU,  76,  76,  76,  76,  76,  76,  76,  76,  76,  76,  76,  76,  76,  76,  76,  76,  76,  76,  76,  76,  76,  76,  76,  76
MIELI3 , AGCU,  76,  76,  76,  76,  76,  76,  76,  76,  76,  76,  76,  76,  76,  76,  76,  76,  76,  76,  76,  76,  76,  76,  76,  76
MIELI , MO,  33,  33,  33,  33,  33,  33,  33,  33,  33,  33,  33,  33,  33,  33,  33,  33,  33,  33,  33,  33,  33,  33,  33,  33
AMOYALAESPERANZA1 , D,  38,  38,  38,  38,  38,  38,  38,  38,  38,  38,  38,  38,  38,  38,  38,  38,  38,  38,  38,  38,  38,  38,  38,  38
AMOYALAESPERANZA2 , D,  37,  37,  37,  37,  37,  37,  37,  37,  37,  37,  37,  37,  37,  37,  37,  37,  37,  37,  37,  37,  37,  37,  37,  37
SOGAMOSO1 , D,  273,  273,  273,  273,  273,  273,  273,  273,  273,  273,  273,  273,  273,  273,  273,  273,  273,  273,  273,  273,  273,  273,  273,  273
SOGAMOSO2 , D,  273,  273,  273,  273,  273,  273,  273,  273,  273,  273,  273,  273,  273,  273,  273,  273,  273,  273,  273,  273,  273,  273,  273,  273
SOGAMOSO3 , D,  273,  273,  273,  273,  273,  273,  273,  273,  273,  273,  273,  273,  273,  273,  273,  273,  273,  273,  273,  273,  273,  273,  273,  273
SOGAMOSO , AGCP,  459,  459,  459,  459,  459,  459,  459,  459,  459,  459,  459,  459,  459,  459,  459,  459,  459,  459,  459,  459,  459,  459,  459,  459
SOGAMOSO1 , AGCU,  153,  153,  153,  153,  153,  153,  153,  153,  153,  153,  153,  153,  153,  153,  153,  153,  153,  153,  153,  153,  153,  153,  153,  153
SOGAMOSO2 , AGCU,  153,  153,  153,  153,  153,  153,  153,  153,  153,  153,  153,  153,  153,  153,  153,  153,  153,  153,  153,  153,  153,  153,  153,  153
SOGAMOSO3 , AGCU,  153,  153,  153,  153,  153,  153,  153,  153,  153,  153,  153,  153,  153,  153,  153,  153,  153,  153,  153,  153,  153,  153,  153,  153
SOGAMOSO , MO,  120,  120,  120,  120,  120,  120,  120,  120,  120,  120,  120,  120,  120,  120,  120,  120,  120,  120,  120,  120,  120,  120,  120,  120
TERMOCENTRO1 , D,  94,  94,  94,  94,  94,  94,  94,  94,  94,  94,  94,  94,  94,  94,  94,  94,  94,  94,  94,  94,  94,  94,  94,  94
TERMOCENTRO2 , D,  0,  0,  0,  0,  0,  0,  0,  0,  0,  0,  0,  0,  0,  0,  0,  0,  0,  0,  0,  0,  0,  0,  0,  0
TERMOCENTRO3 , D,  44,  44,  44,  44,  44,  44,  44,  44,  44,  44,  44,  44,  44,  44,  44,  44,  44,  44,  44,  44,  44,  44,  44,  44
TERMOCENTROCC , CONF,  4
TERMOCENTROCC , C,  GAS
CALDERAS1 , D,  4.00,  4.00,  4.00,  4.00,  8.00,  8.00,  8.00,  4.00,  4.00,  4.00,  8.00,  8.00,  8.00,  4.00,  4.00,  4.00,  4.00,  9.00,  9.00,  9.00,  9.00,  4.00,  4.00,  4.00
CALDERAS2 , D,  4.00,  4.00,  4.00,  4.00,  8.00,  8.00,  8.00,  4.00,  4.00,  4.00,  8.00,  8.00,  8.00,  4.00,  4.00,  4.00,  4.00,  9.00,  9.00,  9.00,  9.00,  4.00,  4.00,  4.00


AGENTE: MULCALARCA
BAYONA , D,  0.35,  0.35,  0.35,  0.35,  0.35,  0.35,  0.35,  0.35,  0.35,  0.35,  0.35,  0.35,  0.30,  0.35,  0.35,  0.35,  0.35,  0.35,  0.35,  0.35,  0.35,  0.35,  0.35,  0.35
CAMPESTRE(CALARCA) , D,  0.70,  0.70,  0.70,  0.70,  0.70,  0.70,  0.70,  0.70,  0.70,  0.70,  0.70,  0.70,  0.70,  0.70,  0.70,  0.70,  0.70,  0.70,  0.70,  0.70,  0.70,  0.70,  0.70,  0.70
UNION , D,  0.65,  0.65,  0.65,  0.65,  0.65,  0.65,  0.65,  0.65,  0.65,  0.65,  0.65,  0.65,  0.65,  0.65,  0.65,  0.65,  0.65,  0.65,  0.65,  0.65,  0.65,  0.65,  0.65,  0.65


AGENTE: NITRO ENERGY
INCAUCA1 , D,  6.80,  6.80,  6.80,  6.80,  6.80,  6.80,  6.80,  6.80,  6.80,  6.80,  6.80,  6.80,  6.80,  6.80,  6.80,  6.80,  6.80,  6.80,  6.80,  6.80,  6.80,  6.80,  6.80,  6.80
INGENIOPROVIDENCIA2 , D,  16.36,  16.36,  16.36,  16.36,  16.36,  16.36,  16.36,  16.36,  16.36,  16.36,  16.36,  16.36,  16.36,  16.36,  16.36,  16.36,  16.36,  16.36,  16.36,  16.36,  16.36,  16.36,  16.36,  16.36


AGENTE: PCH ALEJANDRÍA
ALEJANDRÍA , D,  11.00,  11.00,  11.00,  11.00,  11.00,  11.00,  11.00,  11.00,  11.00,  11.00,  11.00,  11.00,  11.00,  11.00,  11.00,  11.00,  11.00,  11.00,  11.00,  11.00,  11.00,  11.00,  11.00,  11.00


AGENTE: PROELECTRICA
PROELECTRICA1 , D,  45,  45,  45,  45,  45,  45,  45,  45,  44,  44,  44,  44,  44,  44,  44,  44,  44,  44,  44,  45,  45,  45,  45,  45
PROELECTRICA2 , D,  45,  45,  45,  45,  45,  45,  45,  45,  45,  45,  45,  45,  45,  45,  45,  45,  45,  45,  45,  45,  45,  45,  45,  45
PROELECTRICA , CONF,  1
PROELECTRICA , C,  GAS


AGENTE: PROENCA 
COGENERADORPROENCA , D,  15.00,  15.00,  15.00,  15.00,  15.00,  15.00,  15.00,  15.00,  15.00,  15.00,  15.00,  15.00,  15.00,  15.00,  15.00,  15.00,  15.00,  15.00,  15.00,  15.00,  15.00,  15.00,  15.00,  15.00
PROENCAII , D,  13.00,  13.00,  13.00,  13.00,  13.00,  13.00,  13.00,  13.00,  13.00,  13.00,  13.00,  13.00,  13.00,  13.00,  13.00,  13.00,  13.00,  13.00,  13.00,  13.00,  13.00,  13.00,  13.00,  13.00


AGENTE: RIOEN SAS  E.S.P.
CENTRALCASTILLA1 , D,  3.00,  3.00,  3.00,  3.00,  3.00,  3.00,  3.00,  3.00,  3.00,  3.00,  3.00,  3.00,  3.00,  3.00,  3.00,  3.00,  3.00,  3.00,  3.00,  3.00,  3.00,  3.00,  3.00,  3.00
INGENIORIOPAILA1 , D,  16.00,  16.00,  16.00,  16.00,  16.00,  16.00,  16.00,  16.00,  16.00,  16.00,  16.00,  16.00,  16.00,  16.00,  16.00,  16.00,  16.00,  16.00,  16.00,  16.00,  16.00,  16.00,  16.00,  16.00


AGENTE: RISARALDA ENERGIA
MORROAZUL , D,  15.95,  15.95,  15.95,  15.95,  15.95,  15.95,  15.95,  15.95,  15.95,  15.95,  15.95,  15.95,  15.95,  15.95,  15.95,  15.95,  15.95,  15.95,  15.95,  15.95,  15.95,  15.95,  15.95,  15.95


AGENTE: TEBSA S.A. (E.S.P.)
TEBSA11 , D,  92,  92,  92,  92,  92,  92,  92,  92,  92,  92,  92,  92,  92,  92,  92,  92,  92,  92,  92,  92,  92,  92,  92,  92
TEBSA12 , D,  92,  92,  92,  92,  92,  92,  92,  92,  92,  92,  92,  92,  92,  92,  92,  92,  92,  92,  92,  92,  92,  92,  92,  92
TEBSA13 , D,  92,  92,  92,  92,  92,  92,  92,  92,  92,  92,  92,  92,  92,  92,  92,  92,  92,  92,  92,  92,  92,  92,  92,  92
TEBSA14 , D,  164,  164,  164,  164,  164,  164,  164,  164,  164,  164,  164,  164,  164,  164,  164,  164,  164,  164,  164,  164,  164,  164,  164,  164
TEBSA21 , D,  92,  92,  92,  92,  92,  92,  92,  92,  92,  92,  92,  92,  92,  92,  92,  92,  92,  92,  92,  92,  92,  92,  92,  92
TEBSA22 , D,  92,  92,  92,  92,  92,  92,  92,  92,  92,  92,  92,  92,  92,  92,  92,  92,  92,  92,  92,  92,  92,  92,  92,  92
TEBSA24 , D,  0,  0,  0,  0,  0,  0,  0,  0,  0,  0,  0,  0,  0,  0,  0,  0,  0,  0,  0,  0,  0,  0,  0,  0
TEBSABCC , CONF,  14
TEBSABCC , C,  GAS
BARRANQUILLA3 , D,  60,  60,  60,  60,  60,  60,  60,  60,  60,  60,  60,  60,  60,  60,  60,  60,  60,  60,  60,  60,  60,  60,  60,  60
BARRANQUILLA3 , CONF,  1
BARRANQUILLA3 , C,  GAS
BARRANQUILLA4 , D,  60,  60,  60,  60,  60,  60,  60,  60,  60,  60,  60,  60,  60,  60,  60,  60,  60,  60,  60,  60,  60,  60,  60,  60
BARRANQUILLA4 , CONF,  1
BARRANQUILLA4 , C,  GAS


AGENTE: TERMO MECHERO
TERMOMECHERO4 , D,  19.30,  19.30,  19.30,  19.30,  19.30,  19.30,  19.30,  19.30,  19.30,  19.30,  19.30,  19.30,  19.30,  19.30,  19.30,  19.30,  19.30,  19.30,  19.30,  19.30,  19.30,  19.30,  19.30,  19.30
TERMOMECHERO5 , D,  10.00,  10.00,  10.00,  10.00,  10.00,  10.00,  10.00,  10.00,  10.00,  10.00,  10.00,  10.00,  10.00,  10.00,  10.00,  10.00,  10.00,  10.00,  10.00,  10.00,  10.00,  10.00,  10.00,  10.00
TERMOMECHERO6 , D,  19.30,  19.30,  19.30,  19.30,  19.30,  19.30,  19.30,  19.30,  19.30,  19.30,  19.30,  19.30,  19.30,  19.30,  19.30,  19.30,  19.30,  19.30,  19.30,  19.30,  19.30,  19.30,  19.30,  19.30


AGENTE: TERMOCANDELARIA
TERMOCANDELARIA1 , D,  0,  0,  0,  0,  0,  0,  0,  0,  0,  0,  0,  0,  0,  0,  0,  0,  0,  0,  0,  0,  0,  0,  0,  0
TERMOCANDELARIA1 , CONF,  1
TERMOCANDELARIA1 , C,  GAS
TERMOCANDELARIA2 , D,  157,  157,  157,  157,  157,  157,  157,  157,  157,  157,  157,  157,  157,  157,  157,  157,  157,  157,  157,  157,  157,  157,  157,  157
TERMOCANDELARIA2 , CONF,  1
TERMOCANDELARIA2 , C,  GAS


AGENTE: TERMOEMCALI
TERMOEMCALI1GAS , D,  138,  138,  138,  138,  138,  138,  138,  138,  138,  138,  138,  138,  138,  138,  138,  138,  138,  138,  138,  138,  138,  138,  138,  138
TERMOEMCALI1VAPOR , D,  75,  75,  75,  75,  75,  75,  75,  75,  75,  75,  75,  75,  75,  75,  75,  75,  75,  75,  75,  75,  75,  75,  75,  75
TERMOEMCALICC , CONF,  2
TERMOEMCALICC , C,  ACPM


AGENTE: TERMOFLORES
FLORES1GAS , D,  116,  116,  116,  116,  116,  116,  116,  116,  116,  116,  116,  116,  116,  116,  116,  116,  116,  116,  116,  116,  116,  116,  116,  116
FLORES1VAPOR , D,  44,  44,  44,  44,  44,  44,  44,  44,  44,  44,  44,  44,  44,  44,  44,  44,  44,  44,  44,  44,  44,  44,  44,  44
FLORESICC , CONF,  1
FLORESICC , C,  GAS
FLORES2 , D,  118,  118,  118,  118,  118,  118,  118,  118,  118,  118,  118,  118,  118,  118,  118,  118,  118,  118,  118,  118,  118,  118,  118,  118
FLORES3 , D,  165,  165,  165,  165,  165,  165,  165,  165,  165,  165,  165,  165,  165,  165,  165,  165,  165,  165,  165,  165,  165,  165,  165,  165
FLORES4 , D,  167,  167,  167,  167,  167,  167,  167,  167,  167,  167,  167,  167,  167,  167,  167,  167,  167,  167,  167,  167,  167,  167,  167,  167
FLORES4CC , CONF,  1
FLORES4CC , C,  GAS


AGENTE: TERMONORTE
TERMONORTE1 , D,  8,  8,  8,  8,  8,  8,  8,  8,  8,  8,  8,  8,  8,  8,  8,  8,  8,  8,  8,  8,  8,  8,  8,  8
TERMONORTE2 , D,  8,  8,  8,  8,  8,  8,  8,  8,  8,  8,  8,  8,  8,  8,  8,  8,  8,  8,  8,  8,  8,  8,  8,  8
TERMONORTE3 , D,  8,  8,  8,  8,  8,  8,  8,  8,  8,  8,  8,  8,  8,  8,  8,  8,  8,  8,  8,  8,  8,  8,  8,  8
TERMONORTE4 , D,  8,  8,  8,  8,  8,  8,  8,  8,  8,  8,  8,  8,  8,  8,  8,  8,  8,  8,  8,  8,  8,  8,  8,  8
TERMONORTE5 , D,  8,  8,  8,  8,  8,  8,  8,  8,  8,  8,  8,  8,  8,  8,  8,  8,  8,  8,  8,  8,  8,  8,  8,  8
TERMONORTE6 , D,  8,  8,  8,  8,  8,  8,  8,  8,  8,  8,  8,  8,  8,  8,  8,  8,  8,  8,  8,  8,  8,  8,  8,  8
TERMONORTE7 , D,  8,  8,  8,  8,  8,  8,  8,  8,  8,  8,  8,  8,  8,  8,  8,  8,  8,  8,  8,  8,  8,  8,  8,  8
TERMONORTE8 , D,  8,  8,  8,  8,  8,  8,  8,  8,  8,  8,  8,  8,  8,  8,  8,  8,  8,  8,  8,  8,  8,  8,  8,  8
TERMONORTE9 , D,  8,  8,  8,  8,  8,  8,  8,  8,  8,  8,  8,  8,  8,  8,  8,  8,  8,  8,  8,  8,  8,  8,  8,  8
TERMONORTE10 , D,  8,  8,  8,  8,  8,  8,  8,  8,  8,  8,  8,  8,  8,  8,  8,  8,  8,  8,  8,  8,  8,  8,  8,  8
TERMONORTE , CONF,  1
TERMONORTE , C,  ACPM


AGENTE: TERMOPIEDRAS S.A.
TERMOPIEDRAS , D,  3.75,  3.75,  3.75,  3.75,  3.75,  3.75,  3.75,  3.75,  3.75,  3.75,  3.75,  3.75,  3.75,  3.75,  3.75,  3.75,  3.75,  3.75,  3.75,  3.75,  3.75,  3.75,  3.75,  3.75
AUTOGTURGAS , D,  3.50,  3.50,  3.50,  3.50,  3.50,  3.50,  3.50,  3.50,  3.50,  3.50,  3.50,  3.50,  3.50,  3.50,  3.50,  3.50,  3.50,  3.50,  3.50,  3.50,  3.50,  3.50,  3.50,  3.50


AGENTE: TERMOTASAJERO
TASAJERO1 , D,  163,  163,  163,  163,  163,  163,  163,  163,  163,  163,  163,  163,  163,  163,  163,  163,  163,  163,  163,  163,  163,  163,  163,  163
TASAJERO1 , CONF,  1
TASAJERO1 , C,  CARBON


AGENTE: TERMOTASAJERO DOS
TASAJERO2 , D,  170,  170,  170,  170,  170,  170,  170,  170,  170,  170,  170,  170,  170,  170,  170,  170,  170,  170,  170,  170,  170,  170,  170,  170
TASAJERO2 , CONF,  1
TASAJERO2 , C,  CARBON


AGENTE: TERMOVALLE
TERMOVALLE1GAS , D,  165,  165,  165,  165,  165,  165,  165,  165,  165,  165,  165,  165,  165,  165,  165,  165,  165,  165,  165,  165,  165,  165,  165,  165
TERMOVALLE1VAPOR , D,  76,  76,  76,  76,  76,  76,  76,  76,  76,  76,  76,  76,  76,  76,  76,  76,  76,  76,  76,  76,  76,  76,  76,  76
TERMOVALLECC , CONF,  4
TERMOVALLECC , C,  ACPM


AGENTE: TERMOYOPAL
TERMOYOPAL2 , D,  30,  30,  30,  30,  30,  30,  30,  30,  30,  30,  30,  30,  30,  30,  30,  30,  30,  30,  30,  30,  30,  30,  30,  30
TERMOYOPAL2 , CONF,  1
TERMOYOPAL2 , C,  GAS
TERMOYOPALG3 , D,  44,  44,  44,  44,  44,  44,  44,  44,  42,  40,  40,  40,  40,  40,  40,  40,  40,  42,  42,  42,  44,  44,  44,  44
TERMOYOPALG3 , CONF,  1
TERMOYOPALG3 , C,  GAS
TERMOYOPALG4 , D,  45,  45,  45,  45,  45,  45,  45,  45,  43,  41,  41,  41,  41,  41,  41,  41,  41,  43,  43,  43,  45,  45,  45,  45
TERMOYOPALG4 , CONF,  1
TERMOYOPALG4 , C,  GAS
TERMOYOPAL1 , D,  19.90,  19.90,  19.90,  19.90,  19.90,  19.90,  19.90,  19.90,  19.00,  19.00,  19.00,  19.00,  19.00,  19.00,  19.00,  19.00,  19.00,  19.00,  19.00,  19.00,  19.90,  19.90,  19.90,  19.90


AGENTE: URRA
URRA1 , D,  0,  0,  0,  0,  0,  0,  0,  0,  0,  0,  0,  0,  78,  78,  78,  78,  0,  0,  78,  78,  0,  0,  0,  0
URRA2 , D,  82,  82,  82,  82,  82,  82,  82,  82,  82,  82,  81,  81,  78,  78,  78,  78,  81,  81,  78,  78,  81,  81,  82,  82
URRA3 , D,  0,  0,  0,  0,  0,  0,  0,  0,  0,  0,  81,  81,  78,  78,  78,  78,  81,  81,  78,  78,  81,  81,  0,  0
URRA4 , D,  0,  0,  0,  0,  0,  0,  0,  0,  0,  0,  0,  0,  78,  78,  78,  78,  0,  0,  78,  78,  0,  0,  0,  0
URRA , AGCP,  0,  0,  0,  0,  0,  0,  0,  0,  0,  0,  0,  0,  0,  0,  0,  0,  0,  0,  0,  0,  0,  0,  0,  0
URRA1 , AGCU,  0,  0,  0,  0,  0,  0,  0,  0,  0,  0,  0,  0,  0,  0,  0,  0,  0,  0,  0,  0,  0,  0,  0,  0
URRA2 , AGCU,  0,  0,  0,  0,  0,  0,  0,  0,  0,  0,  0,  0,  0,  0,  0,  0,  0,  0,  0,  0,  0,  0,  0,  0
URRA3 , AGCU,  0,  0,  0,  0,  0,  0,  0,  0,  0,  0,  0,  0,  0,  0,  0,  0,  0,  0,  0,  0,  0,  0,  0,  0
URRA4 , AGCU,  0,  0,  0,  0,  0,  0,  0,  0,  0,  0,  0,  0,  0,  0,  0,  0,  0,  0,  0,  0,  0,  0,  0,  0
URRA , MO,  82,  82,  82,  82,  82,  82,  82,  82,  82,  82,  162,  162,  228,  228,  228,  228,  162,  162,  312,  312,  162,  162,  82,  82


AGENTE: VATIA S.A.
TRINA-VATIABSLI1 , D,  0.18,  0.18,  0.18,  0.18,  0.18,  0.18,  0.18,  0.18,  0.18,  0.18,  0.18,  0.18,  0.18,  0.18,  0.18,  0.18,  0.18,  0.18,  0.18,  0.18,  0.18,  0.18,  0.18,  0.18
TRINA-VATIABSLI1 , INVD,  126.00,  126.00,  126.00,  126.00,  126.00,  126.00,  126.00,  126.00,  126.00,  126.00,  126.00,  126.00,  126.00,  126.00,  126.00,  126.00,  126.00,  126.00,  126.00,  126.00,  126.00,  126.00,  126.00,  126.00
TRINA-VATIABSLII1 , D,  0.00,  0.00,  0.00,  0.00,  0.00,  0.00,  0.00,  0.00,  0.00,  0.00,  0.00,  0.00,  0.00,  0.00,  0.00,  0.00,  0.00,  0.00,  0.00,  0.00,  0.00,  0.00,  0.00,  0.00
TRINA-VATIABSLIII1 , D,  0.00,  0.00,  0.00,  0.00,  0.00,  0.00,  0.00,  0.00,  0.00,  0.00,  0.00,  0.00,  0.00,  0.00,  0.00,  0.00,  0.00,  0.00,  0.00,  0.00,  0.00,  0.00,  0.00,  0.00
FLORIDA21 , D,  0.00,  0.00,  0.00,  0.00,  0.00,  0.00,  0.00,  0.00,  0.00,  0.00,  0.00,  0.00,  0.00,  0.00,  0.00,  0.00,  9.50,  9.50,  9.50,  9.50,  0.00,  0.00,  0.00,  0.00
FLORIDA22 , D,  0.00,  0.00,  0.00,  0.00,  0.00,  0.00,  0.00,  0.00,  0.00,  6.50,  6.50,  6.50,  6.50,  6.50,  6.50,  6.50,  9.50,  9.50,  9.50,  9.50,  9.50,  6.20,  6.20,  6.20
LASPALMAS1 , D,  0.00,  0.00,  0.00,  0.00,  0.00,  0.00,  0.00,  0.00,  0.00,  0.00,  0.00,  0.00,  0.00,  0.00,  0.00,  0.00,  0.00,  0.00,  0.00,  0.00,  0.00,  0.00,  0.00,  0.00
LASPALMAS2 , D,  1.40,  1.40,  1.40,  1.40,  1.40,  1.40,  1.40,  1.40,  1.40,  1.40,  1.40,  1.40,  1.40,  1.40,  1.40,  1.40,  1.40,  1.40,  1.40,  1.40,  1.40,  1.40,  1.40,  1.40
OVEJAS , D,  0.80,  0.80,  0.80,  0.80,  0.80,  0.80,  0.80,  0.80,  0.80,  0.80,  0.80,  0.80,  0.80,  0.80,  0.80,  0.80,  0.80,  0.80,  0.80,  0.80,  0.80,  0.80,  0.80,  0.80
PASTALES , D,  0.51,  0.51,  0.51,  0.51,  0.51,  0.51,  0.51,  0.51,  0.51,  0.51,  0.51,  0.51,  0.51,  0.51,  0.51,  0.51,  0.51,  0.51,  0.51,  0.51,  0.51,  0.51,  0.51,  0.51
MONDOMO , D,  0.46,  0.46,  0.46,  0.46,  0.46,  0.46,  0.46,  0.46,  0.46,  0.46,  0.46,  0.46,  0.46,  0.46,  0.46,  0.46,  0.46,  0.46,  0.46,  0.46,  0.46,  0.46,  0.46,  0.46
ASNAZU , D,  0.45,  0.45,  0.45,  0.45,  0.45,  0.45,  0.45,  0.45,  0.45,  0.45,  0.45,  0.45,  0.45,  0.45,  0.45,  0.45,  0.45,  0.45,  0.45,  0.45,  0.45,  0.45,  0.45,  0.45
INZA , D,  0.35,  0.35,  0.35,  0.35,  0.35,  0.35,  0.35,  0.35,  0.35,  0.35,  0.35,  0.35,  0.35,  0.35,  0.35,  0.35,  0.35,  0.35,  0.35,  0.35,  0.35,  0.35,  0.35,  0.35
MIROLINDO , D,  2.31,  2.31,  2.31,  2.31,  2.31,  2.31,  2.31,  2.31,  2.31,  2.31,  2.31,  2.31,  2.31,  2.31,  2.31,  2.31,  2.31,  2.31,  2.31,  2.31,  2.31,  2.31,  2.31,  2.31
SAJANDI , D,  0.00,  0.00,  0.00,  0.00,  0.00,  0.00,  0.00,  0.00,  0.00,  0.00,  0.00,  0.00,  0.00,  0.00,  0.00,  0.00,  0.00,  0.00,  0.00,  0.00,  0.00,  0.00,  0.00,  0.00
SILVIA , D,  0.00,  0.00,  0.00,  0.00,  0.00,  0.00,  0.00,  0.00,  0.00,  0.00,  0.00,  0.00,  0.00,  0.00,  0.00,  0.00,  0.00,  0.00,  0.00,  0.00,  0.00,  0.00,  0.00,  0.00
RIORECIO , D,  0.30,  0.30,  0.30,  0.30,  0.30,  0.30,  0.30,  0.30,  0.30,  0.30,  0.30,  0.30,  0.30,  0.30,  0.30,  0.30,  0.30,  0.30,  0.30,  0.30,  0.30,  0.30,  0.30,  0.30
VENTANAA , D,  2.50,  2.50,  2.50,  2.50,  2.50,  2.50,  2.50,  2.50,  2.50,  2.50,  2.50,  2.50,  2.50,  2.50,  2.50,  2.50,  2.50,  2.50,  2.50,  2.50,  2.50,  2.50,  2.50,  2.50
VENTANAB , D,  0.00,  0.00,  0.00,  0.00,  0.00,  0.00,  0.00,  0.00,  0.00,  0.00,  0.00,  0.00,  0.00,  0.00,  0.00,  0.00,  0.00,  0.00,  0.00,  0.00,  0.00,  0.00,  0.00,  0.00
RIOPALO , D,  0.60,  0.60,  0.60,  0.60,  0.60,  0.60,  0.60,  0.60,  0.60,  0.60,  0.60,  0.60,  0.60,  0.60,  0.60,  0.60,  0.60,  0.60,  0.60,  0.60,  0.60,  0.60,  0.60,  0.60
SANTIAGO , D,  1.27,  1.27,  1.27,  1.27,  1.27,  1.27,  1.27,  1.27,  1.27,  1.27,  1.27,  1.27,  1.27,  1.27,  1.27,  1.27,  1.27,  1.27,  1.27,  1.27,  1.27,  1.27,  1.27,  1.27


