Ofertas Iniciales para: 2021-08-01


AGENTE: AES CHIVOR
CHIVOR , P,  81514
CHIVOR1 , D,  125,  125,  125,  125,  125,  125,  125,  125,  125,  125,  125,  125,  125,  125,  125,  125,  125,  125,  125,  125,  125,  125,  125,  125
CHIVOR2 , D,  125,  125,  125,  125,  125,  125,  125,  125,  125,  125,  125,  125,  125,  125,  125,  125,  125,  125,  125,  125,  125,  125,  125,  125
CHIVOR3 , D,  125,  125,  125,  125,  125,  125,  125,  125,  125,  125,  125,  125,  125,  125,  125,  125,  125,  125,  125,  125,  125,  125,  125,  125
CHIVOR4 , D,  125,  125,  125,  125,  125,  125,  125,  125,  125,  125,  125,  125,  125,  125,  125,  125,  125,  125,  125,  125,  125,  125,  125,  125
CHIVOR5 , D,  125,  125,  125,  125,  125,  125,  125,  125,  125,  125,  125,  125,  125,  125,  125,  125,  125,  125,  125,  125,  125,  125,  125,  125
CHIVOR6 , D,  125,  125,  125,  125,  125,  125,  125,  125,  125,  125,  125,  125,  125,  125,  125,  125,  125,  125,  125,  125,  125,  125,  125,  125
CHIVOR7 , D,  125,  125,  125,  125,  125,  125,  125,  125,  125,  125,  125,  125,  125,  125,  125,  125,  125,  125,  125,  125,  125,  125,  125,  125
CHIVOR8 , D,  125,  125,  125,  125,  125,  125,  125,  125,  125,  125,  125,  125,  125,  125,  125,  125,  125,  125,  125,  125,  125,  125,  125,  125
CHIVOR , AGCP,  840,  840,  840,  840,  840,  840,  840,  840,  840,  840,  840,  840,  840,  840,  840,  840,  840,  840,  840,  840,  840,  840,  840,  840
CHIVOR1 , AGCU,  105,  105,  105,  105,  105,  105,  105,  105,  105,  105,  105,  105,  105,  105,  105,  105,  105,  105,  105,  105,  105,  105,  105,  105
CHIVOR2 , AGCU,  105,  105,  105,  105,  105,  105,  105,  105,  105,  105,  105,  105,  105,  105,  105,  105,  105,  105,  105,  105,  105,  105,  105,  105
CHIVOR3 , AGCU,  105,  105,  105,  105,  105,  105,  105,  105,  105,  105,  105,  105,  105,  105,  105,  105,  105,  105,  105,  105,  105,  105,  105,  105
CHIVOR4 , AGCU,  105,  105,  105,  105,  105,  105,  105,  105,  105,  105,  105,  105,  105,  105,  105,  105,  105,  105,  105,  105,  105,  105,  105,  105
CHIVOR5 , AGCU,  105,  105,  105,  105,  105,  105,  105,  105,  105,  105,  105,  105,  105,  105,  105,  105,  105,  105,  105,  105,  105,  105,  105,  105
CHIVOR6 , AGCU,  105,  105,  105,  105,  105,  105,  105,  105,  105,  105,  105,  105,  105,  105,  105,  105,  105,  105,  105,  105,  105,  105,  105,  105
CHIVOR7 , AGCU,  105,  105,  105,  105,  105,  105,  105,  105,  105,  105,  105,  105,  105,  105,  105,  105,  105,  105,  105,  105,  105,  105,  105,  105
CHIVOR8 , AGCU,  105,  105,  105,  105,  105,  105,  105,  105,  105,  105,  105,  105,  105,  105,  105,  105,  105,  105,  105,  105,  105,  105,  105,  105
TUNJITA1 , D,  19.60,  19.60,  19.60,  19.60,  19.60,  19.60,  19.60,  19.60,  19.60,  19.60,  19.60,  19.60,  19.60,  19.60,  19.60,  19.60,  19.60,  19.60,  19.60,  19.60,  19.60,  19.60,  19.60,  19.60


AGENTE: AURES BAJO
AURESBAJO1 , D,  7.00,  7.00,  7.00,  7.00,  7.00,  7.00,  7.00,  7.00,  7.00,  7.00,  7.00,  7.00,  7.00,  7.00,  7.00,  7.00,  7.00,  7.00,  7.00,  7.00,  7.00,  7.00,  7.00,  7.00
AURESBAJO2 , D,  8.00,  8.00,  8.00,  8.00,  8.00,  8.00,  8.00,  8.00,  8.00,  8.00,  8.00,  8.00,  8.00,  8.00,  8.00,  8.00,  8.00,  8.00,  8.00,  8.00,  8.00,  8.00,  8.00,  8.00


AGENTE: BIOGAS COLOMBIA
DOÑAJUANA , D,  0.25,  0.25,  0.25,  0.25,  0.25,  0.25,  0.25,  0.25,  0.25,  0.25,  0.25,  0.25,  0.25,  0.25,  0.25,  0.25,  0.25,  0.25,  0.25,  0.25,  0.25,  0.25,  0.25,  0.25


AGENTE: CANTAYÚS
CANTAYUS1 , D,  2.00,  2.00,  2.00,  2.00,  2.00,  2.00,  2.00,  2.00,  2.00,  2.00,  2.00,  2.00,  2.00,  2.00,  2.00,  2.00,  2.00,  2.00,  2.00,  2.00,  2.00,  2.00,  2.00,  2.00
CANTAYUS2 , D,  2.00,  2.00,  2.00,  2.00,  2.00,  2.00,  2.00,  2.00,  2.00,  2.00,  2.00,  2.00,  2.00,  2.00,  2.00,  2.00,  2.00,  2.00,  2.00,  2.00,  2.00,  2.00,  2.00,  2.00


AGENTE: CASCADA
SANMIGUEL , P,  76000
SANMIGUEL1 , D,  22,  22,  22,  22,  22,  22,  22,  22,  22,  22,  22,  22,  22,  22,  22,  22,  22,  22,  22,  22,  22,  22,  22,  22
SANMIGUEL2 , D,  22,  22,  22,  22,  22,  22,  22,  22,  22,  22,  22,  22,  22,  22,  22,  22,  22,  22,  22,  22,  22,  22,  22,  22
ELPOPAL1 , D,  9.59,  9.59,  9.59,  9.59,  9.59,  9.59,  9.59,  9.59,  9.59,  9.59,  9.59,  9.59,  9.59,  9.59,  9.59,  9.59,  9.59,  9.59,  9.59,  9.59,  9.59,  9.59,  9.59,  9.59
ELPOPAL2 , D,  9.59,  9.59,  9.59,  9.59,  9.59,  9.59,  9.59,  9.59,  9.59,  9.59,  9.59,  9.59,  9.59,  9.59,  9.59,  9.59,  9.59,  9.59,  9.59,  9.59,  9.59,  9.59,  9.59,  9.59
ELMOLINO1 , D,  8.29,  8.29,  8.29,  8.29,  8.29,  8.29,  8.29,  8.29,  8.29,  8.29,  8.29,  8.29,  8.29,  8.29,  8.29,  8.29,  8.29,  8.29,  8.29,  8.29,  8.29,  8.29,  8.29,  8.29
ELMOLINO2 , D,  8.29,  8.29,  8.29,  8.29,  8.29,  8.29,  8.29,  8.29,  8.29,  8.29,  8.29,  8.29,  8.29,  8.29,  8.29,  8.29,  8.29,  8.29,  8.29,  8.29,  8.29,  8.29,  8.29,  8.29
BARROSO1 , D,  9.69,  9.69,  9.69,  9.69,  9.69,  9.69,  9.69,  9.69,  9.69,  9.69,  9.69,  9.69,  9.69,  9.69,  9.69,  9.69,  9.69,  9.69,  9.69,  9.69,  9.69,  9.69,  9.69,  9.69
CARUQUIA1 , D,  8.91,  8.91,  8.91,  8.91,  8.91,  8.91,  8.91,  8.91,  8.91,  8.91,  8.91,  8.91,  8.91,  8.91,  8.91,  8.91,  8.91,  8.91,  8.91,  8.91,  8.91,  8.91,  8.91,  8.91
GUANAQUITAS1 , D,  9.50,  9.50,  9.50,  9.50,  9.50,  9.50,  9.50,  9.50,  9.50,  9.50,  9.50,  9.50,  9.50,  9.50,  9.50,  9.50,  9.50,  9.50,  9.50,  9.50,  9.50,  9.50,  9.50,  9.50
LACASCADA(ANTIOQUIA)1 , D,  2.17,  2.17,  2.17,  2.17,  2.17,  2.17,  2.17,  2.17,  2.17,  2.17,  2.17,  2.17,  2.17,  2.17,  2.17,  2.17,  2.17,  2.17,  2.17,  2.17,  2.17,  2.17,  2.17,  2.17
SANMATIAS1 , D,  8.41,  8.41,  8.41,  8.41,  8.41,  8.41,  8.41,  8.41,  8.41,  8.41,  8.41,  8.41,  8.41,  8.41,  8.41,  8.41,  8.41,  8.41,  8.41,  8.41,  8.41,  8.41,  8.41,  8.41
SANMATIAS2 , D,  8.41,  8.41,  8.41,  8.41,  8.41,  8.41,  8.41,  8.41,  8.41,  8.41,  8.41,  8.41,  8.41,  8.41,  8.41,  8.41,  8.41,  8.41,  8.41,  8.41,  8.41,  8.41,  8.41,  8.41
BARROSO2 , D,  9.69,  9.69,  9.69,  9.69,  9.69,  9.69,  9.69,  9.69,  9.69,  9.69,  9.69,  9.69,  9.69,  9.69,  9.69,  9.69,  9.69,  9.69,  9.69,  9.69,  9.69,  9.69,  9.69,  9.69


AGENTE: CCG ENERGY SAS ESP
PATICO-LACABRERA1 , D,  1.30,  1.30,  1.30,  1.30,  1.30,  1.30,  1.30,  1.30,  1.30,  1.30,  1.30,  1.30,  1.30,  1.30,  1.30,  1.30,  1.30,  1.30,  1.30,  1.30,  1.30,  1.30,  1.30,  1.30


AGENTE: CEDENAR
RIOMAYO1 , D,  6.90,  6.90,  6.90,  6.90,  6.90,  6.90,  6.90,  6.90,  6.90,  6.90,  6.90,  6.90,  6.90,  6.90,  6.90,  6.90,  6.90,  6.90,  6.90,  6.90,  6.90,  6.90,  6.90,  6.90
RIOMAYO2 , D,  0.00,  0.00,  0.00,  0.00,  0.00,  0.00,  0.00,  0.00,  0.00,  0.00,  0.00,  0.00,  0.00,  0.00,  0.00,  0.00,  0.00,  0.00,  0.00,  0.00,  0.00,  0.00,  0.00,  0.00
RIOMAYO3 , D,  6.94,  6.94,  6.94,  6.94,  6.94,  6.94,  6.94,  6.94,  6.94,  6.94,  6.94,  6.94,  6.94,  6.94,  6.94,  6.94,  6.94,  6.94,  6.94,  6.94,  6.94,  6.94,  6.94,  6.94
RIOBOBO , D,  3.77,  3.77,  3.77,  3.77,  3.77,  3.77,  3.77,  3.77,  3.77,  3.77,  3.77,  3.77,  3.77,  3.77,  3.77,  3.77,  3.77,  3.77,  3.77,  3.77,  3.77,  3.77,  3.77,  3.77
RIOSAPUYES , D,  1.51,  1.51,  1.51,  1.51,  1.51,  1.51,  1.51,  1.51,  1.51,  1.51,  1.51,  1.51,  1.51,  1.51,  1.51,  1.51,  1.51,  1.51,  1.51,  1.51,  1.51,  1.51,  1.51,  1.51
JULIOBRAVO , D,  0.00,  0.00,  0.00,  0.00,  0.00,  0.00,  0.00,  0.00,  0.00,  0.00,  0.00,  0.00,  0.00,  0.00,  0.00,  0.00,  0.00,  0.00,  0.00,  0.00,  0.00,  0.00,  0.00,  0.00


AGENTE: CELSIA COLOMBIA
CALIMA , P,  122000
CALIMA1 , D,  33,  33,  33,  33,  33,  33,  33,  33,  33,  33,  33,  33,  33,  33,  33,  33,  33,  33,  33,  33,  33,  33,  33,  33
CALIMA2 , D,  33,  33,  33,  33,  33,  33,  33,  33,  33,  33,  33,  33,  33,  33,  33,  33,  33,  33,  33,  33,  33,  33,  33,  33
CALIMA3 , D,  33,  33,  33,  33,  33,  33,  33,  33,  33,  33,  33,  33,  33,  33,  33,  33,  33,  33,  33,  33,  33,  33,  33,  33
CALIMA4 , D,  33,  33,  33,  33,  33,  33,  33,  33,  33,  33,  33,  33,  33,  33,  33,  33,  33,  33,  33,  33,  33,  33,  33,  33
CALIMA , AGCP,  68,  68,  68,  68,  68,  68,  68,  68,  68,  68,  68,  68,  68,  68,  68,  68,  68,  68,  68,  68,  68,  68,  68,  68
CALIMA1 , AGCU,  17,  17,  17,  17,  17,  17,  17,  17,  17,  17,  17,  17,  17,  17,  17,  17,  17,  17,  17,  17,  17,  17,  17,  17
CALIMA2 , AGCU,  17,  17,  17,  17,  17,  17,  17,  17,  17,  17,  17,  17,  17,  17,  17,  17,  17,  17,  17,  17,  17,  17,  17,  17
CALIMA3 , AGCU,  17,  17,  17,  17,  17,  17,  17,  17,  17,  17,  17,  17,  17,  17,  17,  17,  17,  17,  17,  17,  17,  17,  17,  17
CALIMA4 , AGCU,  17,  17,  17,  17,  17,  17,  17,  17,  17,  17,  17,  17,  17,  17,  17,  17,  17,  17,  17,  17,  17,  17,  17,  17
PRADO , P,  118000
PRADO1 , D,  17,  17,  17,  17,  17,  17,  17,  17,  17,  17,  17,  17,  17,  17,  17,  17,  17,  17,  17,  17,  17,  17,  17,  17
PRADO2 , D,  17,  17,  17,  17,  17,  17,  17,  17,  17,  17,  17,  17,  17,  17,  17,  17,  17,  17,  17,  17,  17,  17,  17,  17
PRADO3 , D,  17,  17,  17,  17,  17,  17,  17,  17,  17,  17,  17,  17,  17,  17,  17,  17,  17,  17,  17,  17,  17,  17,  17,  17
PRADO , AGCP,  48,  48,  48,  48,  48,  48,  48,  48,  48,  48,  48,  48,  48,  48,  48,  48,  48,  48,  48,  48,  48,  48,  48,  48
PRADO1 , AGCU,  16,  16,  16,  16,  16,  16,  16,  16,  16,  16,  16,  16,  16,  16,  16,  16,  16,  16,  16,  16,  16,  16,  16,  16
PRADO2 , AGCU,  16,  16,  16,  16,  16,  16,  16,  16,  16,  16,  16,  16,  16,  16,  16,  16,  16,  16,  16,  16,  16,  16,  16,  16
PRADO3 , AGCU,  16,  16,  16,  16,  16,  16,  16,  16,  16,  16,  16,  16,  16,  16,  16,  16,  16,  16,  16,  16,  16,  16,  16,  16
SALVAJINA , P,  120000
SALVAJINA1 , D,  0,  0,  0,  0,  0,  0,  0,  0,  0,  0,  0,  0,  0,  0,  0,  0,  0,  0,  0,  0,  0,  0,  0,  0
SALVAJINA2 , D,  95,  95,  95,  95,  95,  95,  95,  95,  95,  95,  95,  95,  95,  95,  95,  95,  95,  95,  95,  95,  95,  95,  95,  95
SALVAJINA3 , D,  95,  95,  95,  95,  95,  95,  95,  95,  95,  95,  95,  95,  95,  95,  95,  95,  95,  95,  95,  95,  95,  95,  95,  95
SALVAJINA , AGCP,  0,  0,  0,  0,  0,  0,  0,  0,  0,  0,  0,  0,  0,  0,  0,  0,  0,  0,  0,  0,  0,  0,  0,  0
SALVAJINA2 , AGCU,  0,  0,  0,  0,  0,  0,  0,  0,  0,  0,  0,  0,  0,  0,  0,  0,  0,  0,  0,  0,  0,  0,  0,  0
SALVAJINA3 , AGCU,  0,  0,  0,  0,  0,  0,  0,  0,  0,  0,  0,  0,  0,  0,  0,  0,  0,  0,  0,  0,  0,  0,  0,  0
SALVAJINA , MO,  70,  70,  70,  70,  70,  70,  70,  70,  70,  70,  70,  70,  70,  70,  70,  70,  70,  70,  70,  70,  70,  70,  70,  70
ALBAN , P,  150000
ALTOANCHICAYA1 , D,  115,  115,  115,  115,  115,  115,  115,  115,  115,  115,  115,  115,  115,  115,  115,  115,  115,  115,  115,  115,  115,  115,  115,  115
ALTOANCHICAYA2 , D,  115,  115,  115,  115,  115,  115,  115,  115,  115,  115,  115,  115,  115,  115,  115,  115,  115,  115,  115,  115,  115,  115,  115,  115
ALTOANCHICAYA3 , D,  115,  115,  115,  115,  115,  115,  115,  115,  115,  115,  115,  115,  115,  115,  115,  115,  115,  115,  115,  115,  115,  115,  115,  115
BAJOANCHICAYA1 , D,  0,  0,  0,  0,  10,  10,  10,  10,  10,  10,  10,  10,  10,  10,  10,  10,  10,  10,  10,  10,  10,  10,  10,  10
BAJOANCHICAYA2 , D,  0,  0,  0,  0,  10,  10,  10,  10,  10,  10,  10,  10,  10,  10,  10,  10,  10,  10,  10,  10,  10,  10,  10,  10
BAJOANCHICAYA3 , D,  0,  0,  0,  0,  20,  20,  20,  20,  20,  20,  20,  20,  20,  20,  20,  20,  20,  20,  20,  20,  20,  20,  20,  20
BAJOANCHICAYA4 , D,  5,  5,  5,  5,  20,  20,  20,  20,  20,  20,  20,  20,  20,  20,  20,  20,  20,  20,  20,  20,  20,  20,  20,  20
ALBAN , AGCP,  254,  254,  254,  254,  254,  254,  254,  254,  254,  254,  254,  254,  254,  254,  254,  254,  254,  254,  254,  254,  254,  254,  254,  254
ALTOANCHICAYA1 , AGCU,  85,  85,  85,  85,  85,  85,  85,  85,  85,  85,  85,  85,  85,  85,  85,  85,  85,  85,  85,  85,  85,  85,  85,  85
ALTOANCHICAYA2 , AGCU,  85,  85,  85,  85,  85,  85,  85,  85,  85,  85,  85,  85,  85,  85,  85,  85,  85,  85,  85,  85,  85,  85,  85,  85
ALTOANCHICAYA3 , AGCU,  85,  85,  85,  85,  85,  85,  85,  85,  85,  85,  85,  85,  85,  85,  85,  85,  85,  85,  85,  85,  85,  85,  85,  85
BAJOANCHICAYA1 , AGCU,  0,  0,  0,  0,  0,  0,  0,  0,  0,  0,  0,  0,  0,  0,  0,  0,  0,  0,  0,  0,  0,  0,  0,  0
BAJOANCHICAYA3 , AGCU,  0,  0,  0,  0,  0,  0,  0,  0,  0,  0,  0,  0,  0,  0,  0,  0,  0,  0,  0,  0,  0,  0,  0,  0
ALBAN , MO,  5,  5,  5,  5,  3,  3,  3,  3,  3,  3,  3,  3,  3,  3,  3,  3,  3,  3,  3,  3,  3,  3,  3,  3
CUCUANA , P,  87487
CUCUANA1 , D,  0,  0,  0,  0,  0,  0,  0,  0,  0,  0,  0,  0,  0,  0,  0,  0,  0,  0,  29,  29,  29,  29,  29,  29
CUCUANA2 , D,  0,  0,  0,  0,  0,  0,  0,  0,  0,  0,  0,  0,  0,  0,  0,  0,  0,  0,  0,  0,  0,  0,  0,  0
MERILECTRICA1 , P,  803518
MERILECTRICA1 , PAP1, 77456510
MERILECTRICA1 , PAPUSD1, 20187
MERILECTRICA1 , D,  167,  167,  167,  167,  167,  167,  167,  167,  167,  167,  167,  167,  167,  167,  167,  167,  167,  167,  167,  167,  167,  167,  167,  167
MERILECTRICA1 , CONF,  1
MERILECTRICA1 , C,  GAS
CELSIASOLARESPINAL1 , D,  0.00,  0.00,  0.00,  0.00,  0.00,  0.00,  0.00,  0.00,  1.00,  4.00,  5.00,  5.00,  4.00,  4.00,  4.00,  3.00,  1.00,  0.00,  0.00,  0.00,  0.00,  0.00,  0.00,  0.00
CELSIASOLARESPINAL1 , INVD,  55.00,  55.00,  55.00,  55.00,  55.00,  55.00,  55.00,  55.00,  55.00,  55.00,  55.00,  55.00,  55.00,  55.00,  55.00,  55.00,  55.00,  55.00,  55.00,  55.00,  55.00,  55.00,  55.00,  55.00
CELSIASOLARCARMELO1 , D,  0.00,  0.00,  0.00,  0.00,  0.00,  0.00,  0.00,  0.00,  0.00,  1.00,  2.00,  3.00,  2.00,  2.00,  2.00,  2.00,  0.00,  0.00,  0.00,  0.00,  0.00,  0.00,  0.00,  0.00
CELSIASOLARCARMELO1 , INVD,  56.00,  56.00,  56.00,  56.00,  56.00,  56.00,  56.00,  56.00,  56.00,  56.00,  56.00,  56.00,  56.00,  56.00,  56.00,  56.00,  56.00,  56.00,  56.00,  56.00,  56.00,  56.00,  56.00,  56.00
CELSIASOLARLAPAILA1 , D,  0.00,  0.00,  0.00,  0.00,  0.00,  0.00,  0.00,  0.00,  0.00,  0.00,  0.00,  0.00,  0.00,  0.00,  0.00,  0.00,  0.00,  0.00,  0.00,  0.00,  0.00,  0.00,  0.00,  0.00
CELSIASOLARLAPAILA1 , INVD,  0.00,  0.00,  0.00,  0.00,  0.00,  0.00,  0.00,  0.00,  0.00,  0.00,  0.00,  0.00,  0.00,  0.00,  0.00,  0.00,  0.00,  0.00,  0.00,  0.00,  0.00,  0.00,  0.00,  0.00
PRADO4 , D,  4.00,  4.00,  4.00,  4.00,  4.00,  4.00,  4.00,  5.00,  5.00,  5.00,  5.00,  5.00,  5.00,  5.00,  5.00,  5.00,  5.00,  5.00,  5.00,  4.00,  4.00,  4.00,  5.00,  4.00
RIOCALI1 , D,  0.00,  0.00,  0.00,  0.00,  0.00,  0.00,  0.00,  0.00,  0.00,  0.00,  0.00,  0.00,  0.00,  0.00,  0.00,  0.00,  0.00,  0.00,  0.00,  0.00,  0.00,  0.00,  0.00,  0.00
RIOCALI2 , D,  0.00,  0.00,  0.00,  0.00,  0.00,  0.00,  0.00,  0.00,  0.00,  0.00,  0.00,  0.00,  0.00,  0.00,  0.00,  0.00,  0.00,  0.00,  0.00,  0.00,  0.00,  0.00,  0.00,  0.00
BAJOTULUA1 , D,  0.00,  0.00,  0.00,  0.00,  0.00,  0.00,  0.00,  0.00,  0.00,  0.00,  0.00,  0.00,  0.00,  0.00,  0.00,  0.00,  0.00,  0.00,  0.00,  0.00,  0.00,  0.00,  0.00,  0.00
BAJOTULUA2 , D,  0.00,  0.00,  0.00,  0.00,  0.00,  0.00,  0.00,  0.00,  0.00,  0.00,  0.00,  0.00,  0.00,  0.00,  0.00,  0.00,  0.00,  0.00,  0.00,  0.00,  0.00,  0.00,  0.00,  0.00
ALTOTULUA1 , D,  6.00,  5.00,  5.00,  5.00,  5.00,  5.00,  5.00,  5.00,  5.00,  5.00,  4.00,  4.00,  4.00,  4.00,  4.00,  4.00,  4.00,  4.00,  4.00,  4.00,  4.00,  4.00,  4.00,  4.00
ALTOTULUA2 , D,  6.00,  5.00,  5.00,  5.00,  5.00,  5.00,  5.00,  5.00,  5.00,  5.00,  4.00,  4.00,  4.00,  4.00,  4.00,  4.00,  4.00,  4.00,  4.00,  4.00,  4.00,  4.00,  4.00,  4.00
HIDROMONTAÑITAS1 , D,  9.00,  9.00,  9.00,  9.00,  9.00,  9.00,  9.00,  9.00,  9.00,  9.00,  9.00,  9.00,  9.00,  9.00,  9.00,  9.00,  9.00,  9.00,  9.00,  9.00,  9.00,  9.00,  9.00,  9.00
HIDROMONTAÑITAS2 , D,  9.00,  9.00,  9.00,  9.00,  9.00,  9.00,  9.00,  9.00,  9.00,  9.00,  9.00,  9.00,  9.00,  9.00,  9.00,  9.00,  9.00,  9.00,  9.00,  9.00,  9.00,  9.00,  9.00,  9.00
RIOPIEDRAS1 , D,  9.00,  9.00,  9.00,  9.00,  9.00,  9.00,  9.00,  9.00,  9.00,  9.00,  9.00,  9.00,  9.00,  9.00,  9.00,  9.00,  5.00,  5.00,  9.00,  9.00,  9.00,  9.00,  9.00,  9.00
RIOPIEDRAS2 , D,  9.00,  9.00,  9.00,  9.00,  9.00,  9.00,  9.00,  9.00,  9.00,  9.00,  9.00,  9.00,  9.00,  9.00,  9.00,  9.00,  5.00,  5.00,  9.00,  9.00,  9.00,  9.00,  9.00,  9.00
SANANDRESDECUERQUIA1 , D,  9.00,  9.00,  9.00,  9.00,  9.00,  9.00,  9.00,  9.00,  9.00,  9.00,  9.00,  9.00,  9.00,  8.00,  7.00,  7.00,  9.00,  9.00,  3.00,  9.00,  9.00,  9.00,  8.00,  6.00
SANANDRESDECUERQUIA2 , D,  9.00,  9.00,  9.00,  9.00,  9.00,  9.00,  9.00,  9.00,  9.00,  9.00,  9.00,  9.00,  9.00,  8.00,  7.00,  7.00,  9.00,  9.00,  3.00,  9.00,  9.00,  9.00,  8.00,  6.00
MAYAGUEZ1 , D,  19.00,  19.00,  19.00,  19.00,  19.00,  19.00,  19.00,  19.00,  19.00,  19.00,  19.00,  19.00,  19.00,  19.00,  19.00,  18.00,  19.00,  19.00,  19.00,  19.00,  19.00,  19.00,  19.00,  17.00
INGENIOSANCARLOS1 , D,  1.00,  1.00,  2.00,  1.00,  1.00,  1.00,  0.00,  0.00,  0.00,  1.00,  2.00,  1.00,  0.00,  1.00,  1.00,  0.00,  0.00,  0.00,  0.00,  0.00,  0.00,  0.00,  0.00,  0.00
COGENERADORMANUELITA2 , D,  2.00,  3.00,  2.00,  2.00,  2.00,  0.00,  0.00,  0.00,  0.00,  0.00,  0.00,  0.00,  0.00,  0.00,  0.00,  0.00,  0.00,  1.00,  2.00,  0.00,  2.00,  0.00,  5.00,  8.00
AMAIME , D,  11.00,  11.00,  11.00,  11.00,  5.00,  11.00,  11.00,  11.00,  11.00,  11.00,  7.00,  5.00,  9.00,  10.00,  10.00,  10.00,  10.00,  10.00,  10.00,  10.00,  10.00,  10.00,  10.00,  10.00
ELCOCUYO , D,  0.00,  0.00,  0.00,  0.00,  0.00,  0.00,  0.00,  0.00,  0.00,  0.00,  0.00,  0.00,  0.00,  0.00,  0.00,  0.00,  0.00,  0.00,  0.00,  0.00,  0.00,  0.00,  0.00,  0.00
CELSIASOLARLAPAILA , INVD,  4.00,  4.00,  4.00,  4.00,  4.00,  4.00,  4.00,  4.00,  4.00,  4.00,  4.00,  4.00,  4.00,  4.00,  4.00,  4.00,  4.00,  4.00,  4.00,  4.00,  4.00,  4.00,  4.00,  4.00
AUTOGARGOSCARTAGENA , D,  0.00,  0.00,  0.00,  0.00,  0.00,  0.00,  0.00,  0.00,  0.00,  0.00,  0.00,  0.00,  0.00,  0.00,  0.00,  0.00,  0.00,  0.00,  0.00,  0.00,  0.00,  0.00,  0.00,  0.00
AUTOGARGOSYUMBO , D,  0.00,  0.00,  0.00,  0.00,  0.00,  0.00,  0.00,  0.00,  0.00,  0.00,  0.00,  0.00,  0.00,  0.00,  0.00,  0.00,  0.00,  0.00,  0.00,  0.00,  0.00,  0.00,  0.00,  0.00
TEQUENDAMABIOGAS , D,  0.00,  0.00,  0.00,  0.00,  0.00,  0.00,  0.00,  0.00,  0.00,  0.00,  0.00,  0.00,  0.00,  0.00,  0.00,  0.00,  0.00,  0.00,  0.00,  0.00,  0.00,  0.00,  0.00,  0.00
AUTOGCELSIASOLARYUMBO , D,  0.00,  0.00,  0.00,  0.00,  0.00,  0.00,  0.00,  0.00,  1.00,  3.00,  3.00,  2.00,  1.00,  3.00,  3.00,  1.00,  0.00,  0.00,  0.00,  0.00,  0.00,  0.00,  0.00,  0.00
AUTOGCELSIASOLARYUMBO , INVD,  9.00,  9.00,  9.00,  9.00,  9.00,  9.00,  9.00,  9.00,  9.00,  9.00,  9.00,  9.00,  9.00,  9.00,  9.00,  9.00,  9.00,  9.00,  9.00,  9.00,  9.00,  9.00,  9.00,  9.00
CELSIASOLARBOLIVAR , D,  0.00,  0.00,  0.00,  0.00,  0.00,  0.00,  0.00,  2.00,  4.00,  5.00,  5.00,  5.00,  7.00,  4.00,  2.00,  3.00,  0.00,  0.00,  0.00,  0.00,  0.00,  0.00,  0.00,  0.00
CELSIASOLARBOLIVAR , INVD,  4.00,  4.00,  4.00,  4.00,  4.00,  4.00,  4.00,  4.00,  4.00,  4.00,  4.00,  4.00,  4.00,  4.00,  4.00,  4.00,  4.00,  4.00,  4.00,  4.00,  4.00,  4.00,  4.00,  4.00
NIMA , D,  4.00,  4.00,  4.00,  4.00,  4.00,  4.00,  4.00,  4.00,  4.00,  4.00,  4.00,  4.00,  4.00,  4.00,  4.00,  4.00,  3.00,  4.00,  4.00,  4.00,  4.00,  4.00,  4.00,  4.00


AGENTE: CEMEX ENERGY
AUTOGFERTICOL , D,  16.00,  16.00,  16.00,  16.00,  16.00,  16.00,  16.00,  16.00,  16.00,  16.00,  16.00,  16.00,  16.00,  16.00,  16.00,  16.00,  16.00,  16.00,  16.00,  16.00,  16.00,  16.00,  16.00,  16.00
SUEVA2 , D,  2.50,  2.50,  2.50,  2.50,  2.50,  2.50,  2.50,  2.50,  2.50,  2.50,  2.50,  2.50,  2.50,  2.50,  2.50,  2.50,  2.50,  2.50,  2.50,  2.50,  2.50,  2.50,  2.50,  2.50


AGENTE: CES
PAIPA4 , P,  145733
PAIPA4 , PAP1, 28182398
PAIPA4 , PAPUSD1, 7345
PAIPA4 , D,  160,  160,  160,  160,  160,  160,  160,  160,  160,  160,  160,  160,  160,  160,  160,  160,  160,  160,  160,  160,  160,  160,  160,  160
PAIPA4 , CONF,  1
PAIPA4 , C,  CARBON


AGENTE: CETSA(TULUA)
RIOFRIOII1 , D,  2.00,  2.00,  2.00,  2.00,  2.00,  2.00,  2.00,  2.00,  3.00,  2.00,  2.00,  2.00,  2.00,  2.00,  2.00,  2.00,  2.00,  2.00,  2.00,  2.00,  2.00,  2.00,  2.00,  3.00
RIOFRIOII2 , D,  2.00,  2.00,  2.00,  2.00,  2.00,  2.00,  2.00,  2.00,  3.00,  2.00,  2.00,  2.00,  2.00,  2.00,  2.00,  2.00,  2.00,  2.00,  2.00,  2.00,  2.00,  2.00,  2.00,  3.00
RUMOR , D,  2.00,  2.00,  2.00,  2.00,  2.00,  1.00,  2.00,  2.00,  2.00,  2.00,  2.00,  2.00,  2.00,  2.00,  2.00,  2.00,  2.00,  2.00,  2.00,  2.00,  1.00,  1.00,  1.00,  0.00
RIOFRIOI , D,  1.00,  1.00,  1.00,  1.00,  1.00,  1.00,  1.00,  1.00,  1.00,  1.00,  1.00,  1.00,  1.00,  1.00,  1.00,  1.00,  1.00,  1.00,  1.00,  1.00,  1.00,  1.00,  1.00,  1.00


AGENTE: CH EL EDEN
ELEDÉN , D,  10.00,  10.00,  10.00,  10.00,  10.00,  10.00,  10.00,  10.00,  10.00,  10.00,  10.00,  10.00,  10.00,  10.00,  10.00,  10.00,  10.00,  10.00,  10.00,  10.00,  10.00,  10.00,  10.00,  10.00


AGENTE: CHC S.A.S. E.S.P.
MAGALLO , D,  3.30,  3.30,  3.30,  3.30,  3.30,  3.30,  3.30,  3.30,  3.30,  3.30,  3.30,  3.30,  3.30,  3.30,  3.30,  3.30,  3.30,  3.30,  3.30,  3.30,  3.30,  3.30,  3.30,  3.30


AGENTE: DEPI ENERGY
URRAO1 , D,  0.70,  0.70,  0.70,  0.70,  0.70,  0.70,  0.70,  0.70,  0.70,  0.70,  0.70,  0.70,  0.70,  0.70,  0.70,  0.70,  0.70,  0.70,  0.70,  0.70,  0.70,  0.70,  0.70,  0.70
INGENIOMARIALUISA , D,  0.50,  0.50,  0.50,  0.50,  0.50,  0.50,  0.50,  0.50,  0.50,  0.50,  0.50,  0.50,  0.50,  0.50,  0.50,  0.50,  0.50,  0.50,  0.50,  0.50,  0.50,  0.50,  0.50,  0.50
AUTOGCOCA-COLAFEMSA , D,  0.40,  0.40,  0.40,  0.40,  0.40,  0.40,  0.40,  0.40,  0.40,  0.40,  0.40,  0.40,  0.40,  0.40,  0.40,  0.40,  0.40,  0.40,  0.40,  0.40,  0.40,  0.40,  0.40,  0.40


AGENTE: EEP(PEREIRA)
GRANJASOLARBELMONTE1 , D,  0.00,  0.00,  0.00,  0.00,  0.00,  0.00,  0.39,  1.09,  1.76,  2.67,  2.97,  2.87,  3.60,  2.77,  2.70,  2.04,  0.96,  0.11,  0.00,  0.00,  0.00,  0.00,  0.00,  0.00
GRANJASOLARBELMONTE1 , INVD,  44.00,  44.00,  44.00,  44.00,  44.00,  44.00,  44.00,  44.00,  44.00,  44.00,  44.00,  44.00,  44.00,  44.00,  44.00,  44.00,  44.00,  44.00,  44.00,  44.00,  44.00,  44.00,  44.00,  44.00
INGENIORISARALDA1 , D,  15.00,  15.00,  15.00,  15.00,  15.00,  15.00,  15.00,  15.00,  15.00,  15.00,  15.00,  15.00,  15.00,  15.00,  15.00,  15.00,  15.00,  15.00,  15.00,  15.00,  15.00,  15.00,  15.00,  15.00
BIOENERGY , D,  0.00,  0.00,  0.00,  0.00,  0.00,  0.00,  0.00,  0.00,  0.00,  0.00,  0.00,  0.00,  0.00,  0.00,  0.00,  0.00,  0.00,  0.00,  0.00,  0.00,  0.00,  0.00,  0.00,  0.00
NUEVOLIBARE , D,  3.00,  3.00,  3.00,  3.00,  3.00,  3.00,  3.00,  3.00,  3.00,  3.00,  3.00,  3.00,  3.00,  3.00,  3.00,  3.00,  3.00,  3.00,  3.00,  3.00,  3.00,  3.00,  3.00,  3.00
BELMONTE , D,  1.00,  1.00,  1.00,  1.00,  1.00,  1.00,  1.00,  1.00,  1.00,  1.00,  1.00,  1.00,  1.00,  1.00,  1.00,  1.00,  1.00,  1.00,  1.00,  1.00,  1.00,  1.00,  1.00,  1.00


AGENTE: EEPPM
ESMERALDA , P,  86294
ESMERALDA1 , D,  14,  14,  14,  14,  14,  14,  14,  14,  14,  14,  14,  14,  14,  14,  14,  14,  14,  14,  14,  14,  14,  14,  14,  14
ESMERALDA2 , D,  14,  14,  14,  14,  14,  14,  14,  14,  14,  14,  14,  14,  14,  14,  14,  14,  14,  14,  14,  14,  14,  14,  14,  14
GUATAPE , P,  81514
GUATAPE1 , D,  70,  70,  70,  70,  70,  70,  70,  70,  70,  70,  70,  70,  70,  70,  70,  70,  70,  70,  70,  70,  70,  70,  70,  70
GUATAPE2 , D,  70,  70,  70,  70,  70,  70,  70,  70,  70,  70,  70,  70,  70,  70,  70,  70,  70,  70,  70,  70,  70,  70,  70,  70
GUATAPE3 , D,  70,  70,  70,  70,  70,  70,  70,  70,  70,  70,  70,  70,  70,  70,  70,  70,  70,  70,  70,  70,  70,  70,  70,  70
GUATAPE4 , D,  70,  70,  70,  70,  70,  70,  70,  70,  70,  70,  70,  70,  70,  70,  70,  70,  70,  70,  70,  70,  70,  70,  70,  70
GUATAPE5 , D,  70,  70,  70,  70,  70,  70,  70,  70,  70,  70,  70,  70,  70,  70,  70,  70,  70,  70,  70,  70,  70,  70,  70,  70
GUATAPE6 , D,  70,  70,  70,  70,  70,  70,  70,  70,  70,  70,  70,  70,  70,  70,  70,  70,  70,  70,  70,  70,  70,  70,  70,  70
GUATAPE7 , D,  70,  70,  70,  70,  70,  70,  70,  70,  70,  70,  70,  70,  70,  70,  70,  70,  70,  70,  70,  70,  70,  70,  70,  70
GUATAPE8 , D,  70,  70,  70,  70,  70,  70,  70,  70,  70,  70,  70,  70,  70,  70,  70,  70,  70,  70,  70,  70,  70,  70,  70,  70
GUATAPE , AGCP,  560,  560,  560,  560,  560,  560,  560,  560,  560,  560,  560,  560,  560,  560,  560,  560,  560,  560,  560,  560,  560,  560,  560,  560
GUATAPE1 , AGCU,  70,  70,  70,  70,  70,  70,  70,  70,  70,  70,  70,  70,  70,  70,  70,  70,  70,  70,  70,  70,  70,  70,  70,  70
GUATAPE2 , AGCU,  70,  70,  70,  70,  70,  70,  70,  70,  70,  70,  70,  70,  70,  70,  70,  70,  70,  70,  70,  70,  70,  70,  70,  70
GUATAPE3 , AGCU,  70,  70,  70,  70,  70,  70,  70,  70,  70,  70,  70,  70,  70,  70,  70,  70,  70,  70,  70,  70,  70,  70,  70,  70
GUATAPE4 , AGCU,  70,  70,  70,  70,  70,  70,  70,  70,  70,  70,  70,  70,  70,  70,  70,  70,  70,  70,  70,  70,  70,  70,  70,  70
GUATAPE5 , AGCU,  70,  70,  70,  70,  70,  70,  70,  70,  70,  70,  70,  70,  70,  70,  70,  70,  70,  70,  70,  70,  70,  70,  70,  70
GUATAPE6 , AGCU,  70,  70,  70,  70,  70,  70,  70,  70,  70,  70,  70,  70,  70,  70,  70,  70,  70,  70,  70,  70,  70,  70,  70,  70
GUATAPE7 , AGCU,  70,  70,  70,  70,  70,  70,  70,  70,  70,  70,  70,  70,  70,  70,  70,  70,  70,  70,  70,  70,  70,  70,  70,  70
GUATAPE8 , AGCU,  70,  70,  70,  70,  70,  70,  70,  70,  70,  70,  70,  70,  70,  70,  70,  70,  70,  70,  70,  70,  70,  70,  70,  70
LATASAJERA , P,  81514
LATASAJERA1 , D,  102,  102,  102,  102,  102,  102,  102,  102,  102,  102,  102,  102,  102,  102,  102,  102,  102,  102,  102,  102,  102,  102,  102,  102
LATASAJERA2 , D,  102,  102,  102,  102,  102,  102,  102,  102,  102,  102,  102,  102,  102,  102,  102,  102,  102,  102,  102,  102,  102,  102,  102,  102
LATASAJERA3 , D,  102,  102,  102,  102,  102,  102,  102,  102,  102,  102,  102,  102,  102,  102,  102,  102,  102,  102,  102,  102,  102,  102,  102,  102
LATASAJERA , AGCP,  306,  306,  306,  306,  306,  306,  306,  306,  306,  306,  306,  306,  306,  306,  306,  306,  306,  306,  306,  306,  306,  306,  306,  306
LATASAJERA1 , AGCU,  102,  102,  102,  102,  102,  102,  102,  102,  102,  102,  102,  102,  102,  102,  102,  102,  102,  102,  102,  102,  102,  102,  102,  102
LATASAJERA2 , AGCU,  102,  102,  102,  102,  102,  102,  102,  102,  102,  102,  102,  102,  102,  102,  102,  102,  102,  102,  102,  102,  102,  102,  102,  102
LATASAJERA3 , AGCU,  102,  102,  102,  102,  102,  102,  102,  102,  102,  102,  102,  102,  102,  102,  102,  102,  102,  102,  102,  102,  102,  102,  102,  102
PLAYAS , P,  87294
PLAYAS1 , D,  69,  69,  69,  69,  69,  69,  69,  69,  69,  69,  69,  69,  69,  69,  69,  69,  69,  69,  69,  69,  69,  69,  69,  69
PLAYAS2 , D,  69,  69,  69,  69,  69,  69,  69,  69,  69,  69,  69,  69,  69,  69,  69,  69,  69,  69,  69,  69,  69,  69,  69,  69
PLAYAS3 , D,  69,  69,  69,  69,  69,  69,  69,  69,  69,  69,  69,  69,  69,  69,  69,  69,  69,  69,  69,  69,  69,  69,  69,  69
SANFRANCISCO , P,  86294
SANFRANCISCO1 , D,  0,  0,  0,  0,  0,  0,  0,  0,  0,  0,  0,  0,  0,  0,  0,  0,  0,  0,  0,  0,  0,  0,  0,  0
SANFRANCISCO2 , D,  0,  0,  0,  0,  0,  0,  0,  0,  45,  45,  45,  45,  0,  0,  0,  0,  0,  0,  45,  45,  45,  45,  0,  0
SANFRANCISCO3 , D,  0,  0,  0,  0,  0,  0,  0,  0,  45,  45,  45,  45,  0,  0,  0,  0,  0,  0,  45,  45,  45,  45,  0,  0
GUATRON , P,  87294
GUADALUPE31 , D,  45,  45,  45,  45,  45,  45,  45,  45,  45,  45,  45,  45,  45,  45,  45,  45,  45,  45,  45,  45,  45,  45,  45,  45
GUADALUPE32 , D,  45,  45,  45,  45,  45,  45,  45,  45,  45,  45,  45,  45,  45,  45,  45,  45,  45,  45,  45,  45,  45,  45,  45,  45
GUADALUPE33 , D,  45,  45,  45,  45,  45,  45,  45,  45,  45,  45,  45,  45,  45,  45,  45,  45,  45,  45,  45,  45,  45,  45,  45,  45
GUADALUPE34 , D,  45,  45,  45,  45,  45,  45,  45,  45,  45,  45,  45,  45,  45,  45,  45,  45,  45,  45,  45,  45,  45,  45,  45,  45
GUADALUPE35 , D,  45,  45,  45,  45,  45,  45,  45,  45,  45,  45,  45,  45,  45,  45,  45,  45,  45,  45,  45,  45,  45,  45,  45,  45
GUADALUPE36 , D,  45,  45,  45,  45,  45,  45,  45,  45,  45,  45,  45,  45,  45,  45,  45,  45,  45,  45,  45,  45,  45,  45,  45,  45
GUADALUPE41 , D,  0,  0,  0,  0,  0,  0,  0,  0,  0,  0,  0,  0,  0,  0,  0,  0,  0,  0,  0,  0,  0,  0,  0,  0
GUADALUPE42 , D,  0,  0,  0,  0,  0,  0,  0,  0,  0,  0,  0,  0,  0,  0,  0,  0,  0,  0,  0,  0,  0,  0,  0,  0
GUADALUPE43 , D,  0,  0,  0,  0,  0,  0,  0,  0,  0,  0,  0,  0,  0,  0,  0,  0,  0,  0,  0,  0,  0,  0,  0,  0
TRONERAS1 , D,  20,  20,  20,  20,  20,  20,  20,  20,  20,  20,  20,  20,  20,  20,  20,  20,  20,  20,  20,  20,  20,  20,  20,  20
TRONERAS2 , D,  20,  20,  20,  20,  20,  20,  20,  20,  20,  20,  20,  20,  20,  20,  20,  20,  20,  20,  20,  20,  20,  20,  20,  20
PORCEII , P,  87292
PORCEII1 , D,  135,  135,  135,  135,  135,  135,  135,  135,  135,  135,  135,  135,  135,  135,  135,  135,  135,  135,  135,  135,  135,  135,  135,  135
PORCEII2 , D,  135,  135,  135,  135,  135,  135,  135,  135,  135,  135,  135,  135,  135,  135,  135,  135,  135,  135,  135,  135,  135,  135,  135,  135
PORCEII3 , D,  135,  135,  135,  135,  135,  135,  135,  135,  135,  135,  135,  135,  135,  135,  135,  135,  135,  135,  135,  135,  135,  135,  135,  135
PORCEIII , P,  81514
PORCEIII4 , D,  175,  175,  175,  175,  175,  175,  175,  175,  175,  175,  175,  175,  175,  175,  175,  175,  175,  175,  175,  175,  175,  175,  175,  175
PORCEIII3 , D,  175,  175,  175,  175,  175,  175,  175,  175,  175,  175,  175,  175,  175,  175,  175,  175,  175,  175,  175,  175,  175,  175,  175,  175
PORCEIII2 , D,  175,  175,  175,  175,  175,  175,  175,  175,  175,  175,  175,  175,  175,  175,  175,  175,  175,  175,  175,  175,  175,  175,  175,  175
PORCEIII1 , D,  175,  175,  175,  175,  175,  175,  175,  175,  175,  175,  175,  175,  175,  175,  175,  175,  175,  175,  175,  175,  175,  175,  175,  175
PORCEIII , AGCP,  200,  200,  200,  200,  200,  200,  200,  200,  200,  200,  200,  200,  200,  200,  200,  200,  200,  200,  200,  200,  200,  200,  200,  200
PORCEIII4 , AGCU,  50,  50,  50,  50,  50,  50,  50,  50,  50,  50,  50,  50,  50,  50,  50,  50,  50,  50,  50,  50,  50,  50,  50,  50
PORCEIII3 , AGCU,  50,  50,  50,  50,  50,  50,  50,  50,  50,  50,  50,  50,  50,  50,  50,  50,  50,  50,  50,  50,  50,  50,  50,  50
PORCEIII2 , AGCU,  50,  50,  50,  50,  50,  50,  50,  50,  50,  50,  50,  50,  50,  50,  50,  50,  50,  50,  50,  50,  50,  50,  50,  50
PORCEIII1 , AGCU,  50,  50,  50,  50,  50,  50,  50,  50,  50,  50,  50,  50,  50,  50,  50,  50,  50,  50,  50,  50,  50,  50,  50,  50
TERMOSIERRACC , P,  79074
TERMOSIERRACC , PAP1, 71781661
TERMOSIERRACC , PAP2, 167183585
TERMOSIERRACC , PAP3, 106713253
TERMOSIERRACC , PAP4, 235730697
TERMOSIERRACC , PAP5, 201129082
TERMOSIERRACC , PAP6, 386035540
TERMOSIERRACC , PAP7, 663450861
TERMOSIERRACC , PAP8, 417490856
TERMOSIERRACC , PAP9, 724765322
TERMOSIERRACC , PAP10, 715752327
TERMOSIERRACC , PAP11, 435981118
TERMOSIERRACC , PAP12, 435981118
TERMOSIERRACC , PAP13, 408934457
TERMOSIERRACC , PAP14, 392328138
TERMOSIERRACC , PAPUSD1, 18708
TERMOSIERRACC , PAPUSD2, 43572
TERMOSIERRACC , PAPUSD3, 27812
TERMOSIERRACC , PAPUSD4, 61437
TERMOSIERRACC , PAPUSD5, 52419
TERMOSIERRACC , PAPUSD6, 100610
TERMOSIERRACC , PAPUSD7, 172911
TERMOSIERRACC , PAPUSD8, 108808
TERMOSIERRACC , PAPUSD9, 188891
TERMOSIERRACC , PAPUSD10, 186542
TERMOSIERRACC , PAPUSD11, 113627
TERMOSIERRACC , PAPUSD12, 113627
TERMOSIERRACC , PAPUSD13, 106578
TERMOSIERRACC , PAPUSD14, 102250
TERMOSIERRA1 , D,  136,  136,  136,  136,  136,  136,  136,  136,  136,  136,  136,  136,  134,  134,  134,  134,  134,  136,  136,  136,  136,  136,  136,  136
TERMOSIERRA2 , D,  0,  0,  0,  0,  0,  0,  0,  0,  0,  0,  0,  0,  0,  0,  0,  0,  0,  0,  0,  0,  0,  0,  0,  0
TERMOSIERRA3 , D,  62,  62,  62,  62,  62,  62,  62,  62,  62,  62,  62,  62,  62,  62,  62,  62,  62,  62,  62,  62,  62,  62,  62,  62
TERMOSIERRACC , CONF,  3
TERMOSIERRACC , C,  GAS
TERMODORADA1 , P,  1043148
TERMODORADA1 , PAP1, 37302828
TERMODORADA1 , PAP2, 38615065
TERMODORADA1 , PAP3, 38630413
TERMODORADA1 , PAPUSD1, 9722
TERMODORADA1 , PAPUSD2, 10064
TERMODORADA1 , PAPUSD3, 10068
TERMODORADA1 , D,  45,  45,  45,  45,  45,  45,  45,  45,  45,  45,  45,  45,  45,  45,  45,  45,  45,  45,  45,  45,  45,  45,  45,  45
TERMODORADA1 , CONF,  3
TERMODORADA1 , C,  ACPM
INSULA1 , D,  4.00,  4.00,  4.00,  4.00,  4.00,  4.00,  4.00,  4.00,  4.00,  4.00,  4.00,  4.00,  4.00,  4.00,  4.00,  4.00,  4.00,  4.00,  4.00,  4.00,  4.00,  4.00,  4.00,  4.00
INSULA2 , D,  4.00,  4.00,  4.00,  4.00,  4.00,  4.00,  4.00,  4.00,  4.00,  4.00,  4.00,  4.00,  4.00,  4.00,  4.00,  4.00,  4.00,  4.00,  4.00,  4.00,  4.00,  4.00,  4.00,  4.00
INSULA3 , D,  7.00,  7.00,  7.00,  7.00,  7.00,  7.00,  7.00,  7.00,  7.00,  7.00,  7.00,  7.00,  7.00,  7.00,  7.00,  7.00,  7.00,  7.00,  7.00,  7.00,  7.00,  7.00,  7.00,  7.00
LAHERRADURA1 , D,  9.00,  9.00,  9.00,  9.00,  9.00,  9.00,  9.00,  9.00,  9.00,  9.00,  9.00,  9.00,  9.00,  9.00,  9.00,  9.00,  9.00,  9.00,  9.00,  9.00,  9.00,  9.00,  9.00,  9.00
LAHERRADURA2 , D,  9.00,  9.00,  9.00,  9.00,  9.00,  9.00,  9.00,  9.00,  9.00,  9.00,  9.00,  9.00,  9.00,  9.00,  9.00,  9.00,  9.00,  9.00,  9.00,  9.00,  9.00,  9.00,  9.00,  9.00
PAJARITO1 , D,  0.00,  0.00,  0.00,  0.00,  0.00,  0.00,  0.00,  0.00,  0.00,  0.00,  0.00,  0.00,  0.00,  0.00,  0.00,  0.00,  0.00,  0.00,  0.00,  0.00,  0.00,  0.00,  0.00,  0.00
PAJARITO2 , D,  7.50,  7.50,  7.50,  7.50,  7.50,  7.50,  7.50,  7.50,  7.50,  7.50,  7.50,  7.50,  7.50,  7.50,  7.50,  7.50,  7.50,  7.50,  7.50,  7.50,  7.50,  7.50,  7.50,  7.50
AUTOGPTARBELLO1 , D,  0.00,  0.38,  0.38,  0.38,  0.38,  0.38,  0.38,  0.38,  0.38,  0.38,  0.38,  0.38,  0.38,  0.38,  0.00,  0.00,  0.00,  0.00,  0.00,  0.00,  0.00,  0.00,  0.00,  0.00
AUTOGPTARBELLO2 , D,  0.00,  0.00,  0.00,  0.00,  0.00,  0.00,  0.38,  0.38,  0.38,  0.38,  0.00,  0.00,  0.00,  0.00,  0.00,  0.00,  0.00,  0.00,  0.00,  0.00,  0.00,  0.00,  0.00,  0.00
AUTOGPTARBELLO3 , D,  0.00,  0.00,  0.00,  0.00,  0.00,  0.00,  0.00,  0.00,  0.00,  0.00,  0.00,  0.00,  0.00,  0.00,  0.00,  0.00,  0.00,  0.00,  0.00,  0.00,  0.00,  0.00,  0.00,  0.00
AUTOGPTARBELLO4 , D,  0.00,  0.00,  0.38,  0.38,  0.38,  0.38,  0.38,  0.38,  0.38,  0.38,  0.38,  0.38,  0.00,  0.00,  0.00,  0.00,  0.00,  0.00,  0.00,  0.00,  0.00,  0.00,  0.00,  0.00
AUTOGPTARBELLO5 , D,  0.00,  0.00,  0.00,  0.00,  0.00,  0.00,  0.00,  0.00,  0.00,  0.00,  0.00,  0.00,  0.00,  0.00,  0.00,  0.00,  0.00,  0.00,  0.00,  0.00,  0.00,  0.00,  0.00,  0.00
AUTOGPTARBELLO6 , D,  0.00,  0.00,  0.00,  0.00,  0.00,  0.00,  0.00,  0.00,  0.00,  0.00,  0.00,  0.00,  0.00,  0.00,  0.00,  0.00,  0.00,  0.00,  0.00,  0.00,  0.00,  0.00,  0.00,  0.00
AUTOGPTARBELLO7 , D,  0.00,  0.00,  0.00,  0.00,  0.00,  0.00,  0.00,  0.00,  0.00,  0.00,  0.00,  0.00,  0.00,  0.00,  0.00,  0.00,  0.00,  0.00,  0.00,  0.00,  0.00,  0.00,  0.00,  0.00
JEPIRACHI1-15 , D,  8.20,  9.10,  8.10,  6.80,  3.80,  3.90,  4.80,  4.70,  4.80,  5.50,  6.50,  12.90,  15.30,  15.30,  16.20,  16.30,  15.20,  15.00,  10.20,  8.40,  6.70,  7.60,  8.30,  10.00
JEPIRACHI1-15 , INVD,  15.00,  15.00,  15.00,  15.00,  15.00,  15.00,  15.00,  15.00,  15.00,  15.00,  15.00,  15.00,  15.00,  15.00,  15.00,  15.00,  15.00,  15.00,  15.00,  15.00,  15.00,  15.00,  15.00,  15.00
RIOGRANDE , D,  0.30,  0.30,  0.30,  0.30,  0.30,  0.30,  0.30,  0.30,  0.30,  0.30,  0.30,  0.30,  0.30,  0.30,  0.30,  0.30,  0.30,  0.30,  0.30,  0.30,  0.30,  0.30,  0.30,  0.30
MUNICIPAL , D,  0.70,  0.70,  0.70,  0.70,  0.70,  0.70,  0.70,  0.70,  0.70,  0.70,  0.70,  0.70,  0.70,  0.70,  0.70,  0.70,  0.70,  0.70,  0.70,  0.70,  0.70,  0.70,  0.70,  0.70
AUTOGARGOSELCAIRO , D,  6.40,  6.40,  6.40,  6.40,  6.40,  6.40,  6.40,  6.40,  6.40,  6.40,  6.40,  6.40,  6.40,  6.40,  6.40,  6.40,  6.40,  6.40,  6.40,  6.40,  6.40,  6.40,  6.40,  6.40
PORCEIIIMENOR , D,  1.00,  1.00,  1.00,  1.00,  1.00,  1.00,  1.00,  1.00,  1.00,  1.00,  1.00,  1.00,  1.00,  1.00,  1.00,  1.00,  1.00,  1.00,  1.00,  1.00,  1.00,  1.00,  1.00,  1.00
AUTOGARGOSSOGAMOSO , D,  0.50,  0.50,  0.50,  0.50,  0.50,  0.50,  0.50,  0.50,  0.50,  0.50,  0.50,  0.50,  0.50,  0.50,  0.50,  0.50,  0.50,  0.50,  0.50,  0.50,  0.50,  0.50,  0.50,  0.50
AMERICA , D,  0.00,  0.00,  0.00,  0.00,  0.00,  0.00,  0.00,  0.00,  0.00,  0.00,  0.00,  0.00,  0.00,  0.00,  0.00,  0.00,  0.00,  0.00,  0.00,  0.00,  0.00,  0.00,  0.00,  0.00
AUTOGAYURA , D,  0.00,  0.00,  0.00,  0.00,  0.00,  0.00,  0.00,  0.00,  0.00,  0.00,  0.00,  0.00,  0.00,  0.00,  0.00,  0.00,  0.00,  0.00,  0.00,  0.00,  0.00,  0.00,  0.00,  0.00
BELLO , D,  0.30,  0.30,  0.30,  0.30,  0.30,  0.30,  0.30,  0.30,  0.30,  0.30,  0.30,  0.30,  0.30,  0.30,  0.30,  0.30,  0.30,  0.30,  0.30,  0.30,  0.30,  0.30,  0.30,  0.30
CAMPESTRE(EPM) , D,  0.00,  0.00,  0.00,  0.00,  0.00,  0.00,  0.00,  0.00,  0.00,  0.00,  0.00,  0.00,  0.00,  0.00,  0.00,  0.00,  0.00,  0.00,  0.00,  0.00,  0.00,  0.00,  0.00,  0.00
MANANTIALES , D,  0.00,  0.00,  0.00,  0.00,  0.00,  0.00,  0.00,  0.00,  0.00,  0.00,  0.00,  0.00,  0.00,  0.00,  0.00,  0.00,  0.00,  0.00,  0.00,  0.00,  0.00,  0.00,  0.00,  0.00
AUTGCEMENTOSDELNARE , D,  6.10,  6.10,  6.10,  6.10,  6.10,  6.10,  5.40,  3.80,  3.80,  3.80,  3.80,  3.80,  3.80,  3.80,  3.80,  4.10,  4.10,  4.10,  4.10,  4.10,  4.10,  4.10,  4.80,  6.10
LAVUELTA , D,  10.20,  10.20,  10.20,  10.20,  10.20,  10.20,  10.20,  10.20,  10.20,  10.20,  10.20,  10.20,  10.20,  10.20,  10.20,  10.20,  10.20,  10.20,  10.20,  10.20,  10.20,  10.20,  10.20,  10.20
CARACOLI , D,  0.00,  0.00,  0.00,  0.00,  0.00,  0.00,  0.00,  0.00,  0.00,  0.00,  0.00,  0.00,  0.00,  0.00,  0.00,  0.00,  0.00,  0.00,  0.00,  0.00,  0.00,  0.00,  0.00,  0.00
RIOGRANDEI , D,  19.00,  19.00,  19.00,  19.00,  19.00,  19.00,  19.00,  19.00,  19.00,  19.00,  19.00,  19.00,  19.00,  19.00,  19.00,  19.00,  19.00,  19.00,  19.00,  19.00,  19.00,  19.00,  19.00,  19.00
SONSON , D,  18.00,  18.00,  18.00,  18.00,  18.00,  18.00,  18.00,  18.00,  18.00,  18.00,  18.00,  18.00,  18.00,  18.00,  18.00,  18.00,  18.00,  18.00,  18.00,  18.00,  18.00,  18.00,  18.00,  18.00
RIOFRIO(TAMESIS) , D,  0.68,  0.68,  0.68,  0.68,  0.68,  0.68,  0.68,  0.68,  0.68,  0.68,  0.68,  0.68,  0.68,  0.68,  0.68,  0.68,  0.68,  0.68,  0.68,  0.68,  0.68,  0.68,  0.68,  0.68
GUACAICA , D,  0.00,  0.00,  0.00,  0.00,  0.00,  0.00,  0.00,  0.00,  0.00,  0.00,  0.00,  0.00,  0.00,  0.00,  0.00,  0.00,  0.00,  0.00,  0.00,  0.00,  0.00,  0.00,  0.00,  0.00
INTERMEDIA , D,  0.00,  0.00,  0.00,  0.00,  0.00,  0.00,  0.00,  0.00,  0.00,  0.00,  0.00,  0.00,  0.00,  0.00,  0.00,  0.00,  0.00,  0.00,  0.00,  0.00,  0.00,  0.00,  0.00,  0.00
SANCANCIO , D,  1.30,  1.30,  1.30,  1.30,  1.30,  1.30,  1.30,  1.30,  1.30,  1.30,  1.30,  1.30,  1.30,  1.30,  1.30,  1.30,  1.30,  1.30,  1.30,  1.30,  1.30,  1.30,  1.30,  1.30
NIQUIA , D,  12.00,  12.00,  12.00,  12.00,  12.00,  13.00,  13.00,  13.00,  13.00,  13.00,  13.00,  14.00,  14.00,  14.00,  14.00,  14.00,  14.00,  14.00,  14.00,  14.00,  14.00,  14.00,  14.00,  14.00
NUTIBARA , D,  0.00,  0.00,  0.00,  0.00,  0.00,  0.00,  0.00,  0.00,  0.00,  0.00,  0.00,  0.00,  0.00,  0.00,  0.00,  0.00,  0.00,  0.00,  0.00,  0.00,  0.00,  0.00,  0.00,  0.00
CASCADA , D,  1.20,  1.20,  1.20,  1.20,  1.20,  1.20,  1.20,  1.20,  1.20,  1.20,  1.20,  1.20,  1.20,  1.20,  1.20,  1.20,  1.20,  1.20,  1.20,  1.20,  1.20,  1.20,  1.20,  1.20
PALMASSANGIL , D,  10.50,  10.50,  10.50,  10.50,  10.50,  10.50,  10.50,  10.50,  10.50,  10.50,  10.50,  10.50,  10.50,  10.50,  10.50,  10.50,  10.50,  10.50,  10.50,  10.50,  10.50,  10.50,  10.50,  10.50


AGENTE: EGECOL S.A. E.S.P.
PCHLALIBERTAD1 , D,  0.21,  0.21,  0.21,  0.21,  0.21,  0.21,  0.21,  0.21,  0.21,  0.21,  0.21,  0.21,  0.21,  0.21,  0.21,  0.21,  0.21,  0.21,  0.21,  0.21,  0.21,  0.21,  0.21,  0.21


AGENTE: ELECTROHUILA
IQUIRAI , D,  2.00,  2.00,  2.00,  2.00,  2.00,  2.00,  2.00,  2.00,  2.00,  2.00,  2.00,  2.00,  2.00,  2.00,  2.00,  2.00,  2.00,  2.00,  2.00,  2.00,  2.00,  2.00,  2.00,  2.00
IQUIRAII , D,  0.00,  0.00,  0.00,  0.00,  0.00,  0.00,  0.00,  0.00,  0.00,  0.00,  0.00,  0.00,  0.00,  0.00,  0.00,  0.00,  0.00,  0.00,  0.00,  0.00,  0.00,  0.00,  0.00,  0.00
LAPITA , D,  0.00,  0.00,  0.00,  0.00,  0.00,  0.00,  0.00,  0.00,  0.00,  0.00,  0.00,  0.00,  0.00,  0.00,  0.00,  0.00,  0.00,  0.00,  0.00,  0.00,  0.00,  0.00,  0.00,  0.00


AGENTE: EMEE(POPAYAN)
COCONUCO , D,  2.20,  2.20,  2.20,  2.20,  2.20,  2.20,  2.20,  2.20,  2.20,  2.20,  2.20,  2.20,  2.20,  2.20,  2.20,  2.20,  2.20,  2.20,  2.20,  2.20,  2.20,  2.20,  2.20,  2.20


AGENTE: EMGESA S.A.
BETANIA , P,  81514
BETANIA1 , D,  175,  175,  175,  175,  175,  175,  175,  175,  175,  175,  175,  175,  175,  175,  175,  175,  175,  175,  175,  175,  175,  175,  175,  175
BETANIA2 , D,  175,  175,  175,  175,  175,  175,  175,  175,  175,  175,  175,  175,  175,  175,  175,  175,  175,  175,  175,  175,  175,  175,  175,  175
BETANIA3 , D,  175,  175,  175,  175,  175,  175,  175,  175,  175,  175,  175,  175,  175,  175,  175,  175,  175,  175,  175,  175,  175,  175,  175,  175
BETANIA , MO,  60,  60,  60,  60,  60,  60,  60,  60,  60,  60,  60,  60,  60,  60,  60,  60,  60,  60,  60,  60,  60,  60,  60,  60
GUAVIO , P,  87055
GUAVIO1 , D,  249,  249,  249,  249,  249,  249,  249,  249,  249,  249,  249,  249,  249,  249,  249,  249,  249,  249,  249,  249,  249,  249,  249,  249
GUAVIO2 , D,  249,  249,  249,  249,  249,  249,  249,  249,  249,  249,  249,  249,  249,  249,  249,  249,  249,  249,  249,  249,  249,  249,  249,  249
GUAVIO3 , D,  249,  249,  249,  249,  249,  249,  249,  249,  249,  249,  249,  249,  249,  249,  249,  249,  249,  249,  249,  249,  249,  249,  249,  249
GUAVIO4 , D,  249,  249,  249,  249,  249,  249,  249,  249,  249,  249,  249,  249,  249,  249,  249,  249,  249,  249,  249,  249,  249,  249,  249,  249
GUAVIO5 , D,  249,  249,  249,  249,  249,  249,  249,  249,  249,  249,  249,  249,  249,  249,  249,  249,  249,  249,  249,  249,  249,  249,  249,  249
GUAVIO , AGCP,  0,  0,  0,  0,  0,  0,  0,  0,  0,  0,  0,  0,  0,  0,  0,  0,  0,  0,  0,  0,  0,  0,  0,  0
GUAVIO1 , AGCU,  189,  189,  189,  189,  189,  189,  189,  189,  189,  189,  189,  189,  189,  189,  189,  189,  189,  189,  189,  189,  189,  189,  189,  189
GUAVIO2 , AGCU,  189,  189,  189,  189,  189,  189,  189,  189,  189,  189,  189,  189,  189,  189,  189,  189,  189,  189,  189,  189,  189,  189,  189,  189
GUAVIO3 , AGCU,  189,  189,  189,  189,  189,  189,  189,  189,  189,  189,  189,  189,  189,  189,  189,  189,  189,  189,  189,  189,  189,  189,  189,  189
GUAVIO4 , AGCU,  189,  189,  189,  189,  189,  189,  189,  189,  189,  189,  189,  189,  189,  189,  189,  189,  189,  189,  189,  189,  189,  189,  189,  189
GUAVIO5 , AGCU,  189,  189,  189,  189,  189,  189,  189,  189,  189,  189,  189,  189,  189,  189,  189,  189,  189,  189,  189,  189,  189,  189,  189,  189
PAGUA , P,  87056
LAGUACA1 , D,  108,  108,  108,  108,  108,  108,  108,  108,  108,  108,  108,  108,  108,  108,  108,  108,  108,  108,  108,  108,  108,  108,  108,  108
LAGUACA2 , D,  108,  108,  108,  108,  108,  108,  108,  108,  108,  108,  108,  108,  108,  108,  108,  108,  108,  108,  108,  108,  108,  108,  108,  108
LAGUACA3 , D,  108,  108,  108,  108,  108,  108,  108,  108,  108,  108,  108,  108,  108,  108,  108,  108,  108,  108,  108,  108,  108,  108,  108,  108
PARAISO1 , D,  92,  92,  92,  92,  92,  92,  92,  92,  92,  92,  92,  92,  92,  92,  92,  92,  92,  92,  92,  92,  92,  92,  92,  92
PARAISO2 , D,  92,  92,  92,  92,  92,  92,  92,  92,  92,  92,  92,  92,  92,  92,  92,  92,  92,  92,  92,  92,  92,  92,  92,  92
PARAISO3 , D,  92,  92,  92,  92,  92,  92,  92,  92,  92,  92,  92,  92,  92,  92,  92,  92,  92,  92,  92,  92,  92,  92,  92,  92
PAGUA , AGCP,  0,  0,  0,  0,  0,  0,  0,  0,  0,  0,  0,  0,  0,  0,  0,  0,  0,  0,  0,  0,  0,  0,  0,  0
LAGUACA1 , AGCU,  68,  68,  68,  68,  68,  68,  68,  68,  68,  68,  68,  68,  68,  68,  68,  68,  68,  68,  68,  68,  68,  68,  68,  68
LAGUACA2 , AGCU,  68,  68,  68,  68,  68,  68,  68,  68,  68,  68,  68,  68,  68,  68,  68,  68,  68,  68,  68,  68,  68,  68,  68,  68
LAGUACA3 , AGCU,  68,  68,  68,  68,  68,  68,  68,  68,  68,  68,  68,  68,  68,  68,  68,  68,  68,  68,  68,  68,  68,  68,  68,  68
PARAISO1 , AGCU,  58,  58,  58,  58,  58,  58,  58,  58,  58,  58,  58,  58,  58,  58,  58,  58,  58,  58,  58,  58,  58,  58,  58,  58
PARAISO2 , AGCU,  58,  58,  58,  58,  58,  58,  58,  58,  58,  58,  58,  58,  58,  58,  58,  58,  58,  58,  58,  58,  58,  58,  58,  58
PARAISO3 , AGCU,  58,  58,  58,  58,  58,  58,  58,  58,  58,  58,  58,  58,  58,  58,  58,  58,  58,  58,  58,  58,  58,  58,  58,  58
ELQUIMBO , P,  81515
ELQUIMBO1 , D,  200,  200,  200,  200,  200,  200,  200,  200,  200,  200,  200,  200,  200,  200,  200,  200,  200,  200,  200,  200,  200,  200,  200,  200
ELQUIMBO2 , D,  200,  200,  200,  200,  200,  200,  200,  200,  200,  200,  200,  200,  200,  200,  200,  200,  200,  200,  200,  200,  200,  200,  200,  200
ELQUIMBO , AGCP,  0,  0,  0,  0,  0,  0,  0,  0,  0,  0,  0,  0,  0,  0,  0,  0,  0,  0,  0,  0,  0,  0,  0,  0
ELQUIMBO1 , AGCU,  100,  100,  100,  100,  100,  100,  100,  100,  100,  100,  100,  100,  100,  100,  100,  100,  100,  100,  100,  100,  100,  100,  100,  100
ELQUIMBO2 , AGCU,  100,  100,  100,  100,  100,  100,  100,  100,  100,  100,  100,  100,  100,  100,  100,  100,  100,  100,  100,  100,  100,  100,  100,  100
ELQUIMBO , MO,  100,  100,  100,  100,  100,  100,  100,  100,  100,  100,  100,  100,  100,  100,  100,  100,  100,  100,  100,  100,  100,  100,  100,  100
DARIOVALENCIASAMPER , P,  87053
DARIOVALENCIASAMPER1 , D,  50,  50,  50,  50,  50,  50,  50,  50,  50,  50,  50,  50,  50,  50,  50,  50,  50,  50,  50,  50,  50,  50,  50,  50
DARIOVALENCIASAMPER2 , D,  50,  50,  50,  50,  50,  50,  50,  50,  50,  50,  50,  50,  50,  50,  50,  50,  50,  50,  50,  50,  50,  50,  50,  50
DARIOVALENCIASAMPER5 , D,  50,  50,  50,  50,  50,  50,  50,  50,  50,  50,  50,  50,  50,  50,  50,  50,  50,  50,  50,  50,  50,  50,  50,  50
SALTOII , P,  87054
SALTOII2 , D,  35,  35,  35,  35,  35,  35,  35,  35,  35,  35,  35,  35,  35,  35,  35,  35,  35,  35,  35,  35,  35,  35,  35,  35
ELPASOPANELES , D,  0,  0,  0,  0,  0,  0,  6,  28,  42,  52,  53,  54,  54,  51,  45,  38,  26,  7,  0,  0,  0,  0,  0,  0
ELPASOPANELES , PRU,  100,  100,  100,  100,  100,  100,  100,  100,  100,  100,  100,  100,  100,  100,  100,  100,  100,  100,  100,  100,  100,  100,  100,  100
ELPASOPANELES , INVD,  46,  46,  46,  46,  46,  46,  46,  46,  46,  46,  46,  46,  46,  46,  46,  46,  46,  46,  46,  46,  46,  46,  46,  46
CARTAGENA1 , P,  1002278
CARTAGENA1 , PAP1, 67069886
CARTAGENA1 , PAP2, 67069886
CARTAGENA1 , PAPUSD1, 17480
CARTAGENA1 , PAPUSD2, 17480
CARTAGENA1 , D,  52,  52,  52,  52,  52,  52,  52,  52,  52,  52,  52,  52,  52,  52,  52,  52,  52,  52,  52,  52,  52,  52,  52,  52
CARTAGENA1 , CONF,  1
CARTAGENA1 , C,  COMBUSTOLEO
CARTAGENA2 , P,  1001177
CARTAGENA2 , PAP1, 61134124
CARTAGENA2 , PAP2, 61134124
CARTAGENA2 , PAPUSD1, 15933
CARTAGENA2 , PAPUSD2, 15933
CARTAGENA2 , D,  62,  62,  62,  62,  62,  62,  62,  62,  62,  62,  62,  62,  62,  62,  62,  62,  62,  62,  62,  62,  62,  62,  62,  62
CARTAGENA2 , CONF,  1
CARTAGENA2 , C,  COMBUSTOLEO
CARTAGENA3 , P,  1003681
CARTAGENA3 , PAP1, 63140849
CARTAGENA3 , PAP2, 63140849
CARTAGENA3 , PAPUSD1, 16456
CARTAGENA3 , PAPUSD2, 16456
CARTAGENA3 , D,  0,  0,  0,  0,  0,  0,  0,  0,  0,  0,  0,  0,  0,  0,  0,  0,  0,  0,  0,  0,  0,  0,  0,  0
CARTAGENA3 , CONF,  1
CARTAGENA3 , C,  COMBUSTOLEO
ZIPAEMG2 , P,  208136
ZIPAEMG2 , PAP1, 43771926
ZIPAEMG2 , PAPUSD1, 11408
ZIPAEMG2 , D,  36,  36,  36,  36,  36,  36,  36,  36,  36,  36,  36,  36,  36,  36,  36,  36,  36,  36,  36,  36,  36,  36,  36,  36
ZIPAEMG2 , CONF,  1
ZIPAEMG2 , C,  CARBON
ZIPAEMG3 , P,  207813
ZIPAEMG3 , PAP1, 67465092
ZIPAEMG3 , PAPUSD1, 17583
ZIPAEMG3 , D,  63,  63,  63,  63,  63,  63,  63,  63,  63,  63,  63,  63,  63,  63,  63,  63,  63,  63,  63,  63,  63,  63,  63,  63
ZIPAEMG3 , CONF,  1
ZIPAEMG3 , C,  CARBON
ZIPAEMG4 , P,  207817
ZIPAEMG4 , PAP1, 67465092
ZIPAEMG4 , PAPUSD1, 17583
ZIPAEMG4 , D,  64,  64,  64,  64,  64,  64,  64,  64,  64,  64,  64,  64,  64,  64,  64,  64,  64,  64,  64,  64,  64,  64,  64,  64
ZIPAEMG4 , CONF,  1
ZIPAEMG4 , C,  CARBON
ZIPAEMG5 , P,  207811
ZIPAEMG5 , PAP1, 67465092
ZIPAEMG5 , PAPUSD1, 17583
ZIPAEMG5 , D,  63,  63,  63,  63,  63,  63,  63,  63,  63,  63,  63,  63,  63,  63,  63,  63,  63,  63,  63,  63,  63,  63,  63,  63
ZIPAEMG5 , CONF,  1
ZIPAEMG5 , C,  CARBON
RIONEGRO , D,  0.00,  0.00,  0.00,  0.00,  0.00,  0.00,  0.00,  0.00,  0.00,  0.00,  0.00,  0.00,  0.00,  0.00,  0.00,  0.00,  0.00,  0.00,  0.00,  0.00,  0.00,  0.00,  0.00,  0.00
SANTAANA , D,  0.00,  0.00,  0.00,  0.00,  0.00,  0.00,  0.00,  0.00,  0.00,  0.00,  0.00,  0.00,  0.00,  0.00,  0.00,  0.00,  0.00,  0.00,  0.00,  0.00,  0.00,  0.00,  0.00,  0.00
SUBA , D,  1.70,  1.70,  1.70,  1.70,  1.70,  1.70,  1.70,  1.70,  1.70,  1.70,  1.70,  1.70,  1.70,  1.70,  1.70,  1.70,  1.70,  1.70,  1.70,  1.70,  1.70,  1.70,  1.70,  1.70
USAQUEN , D,  1.00,  1.00,  1.00,  1.00,  1.00,  1.00,  1.00,  1.00,  1.00,  1.00,  1.00,  1.00,  1.00,  1.00,  1.00,  1.00,  1.00,  1.00,  1.00,  1.00,  1.00,  1.00,  1.00,  1.00
LAGUNETA , D,  18.00,  18.00,  18.00,  18.00,  18.00,  18.00,  18.00,  18.00,  18.00,  18.00,  18.00,  18.00,  18.00,  18.00,  18.00,  18.00,  18.00,  18.00,  18.00,  18.00,  18.00,  18.00,  18.00,  18.00
GUAVIOMENOR , D,  5.00,  5.00,  5.00,  5.00,  5.00,  5.00,  5.00,  5.00,  5.00,  5.00,  5.00,  5.00,  5.00,  5.00,  5.00,  5.00,  5.00,  5.00,  5.00,  5.00,  5.00,  5.00,  5.00,  5.00
TEQUENDAMA1 , D,  14.00,  14.00,  14.00,  14.00,  14.00,  14.00,  14.00,  14.00,  14.00,  14.00,  14.00,  14.00,  14.00,  14.00,  14.00,  14.00,  14.00,  14.00,  14.00,  14.00,  14.00,  14.00,  14.00,  14.00
TEQUENDAMA2 , D,  14.00,  14.00,  14.00,  14.00,  14.00,  14.00,  14.00,  14.00,  14.00,  14.00,  14.00,  14.00,  14.00,  14.00,  14.00,  14.00,  14.00,  14.00,  14.00,  14.00,  14.00,  14.00,  14.00,  14.00
TEQUENDAMA3 , D,  14.00,  14.00,  14.00,  14.00,  14.00,  14.00,  14.00,  14.00,  14.00,  14.00,  14.00,  14.00,  14.00,  14.00,  14.00,  14.00,  14.00,  14.00,  14.00,  14.00,  14.00,  14.00,  14.00,  14.00
TEQUENDAMA4 , D,  14.00,  14.00,  14.00,  14.00,  14.00,  14.00,  14.00,  14.00,  14.00,  14.00,  14.00,  14.00,  14.00,  14.00,  14.00,  14.00,  14.00,  14.00,  14.00,  14.00,  14.00,  14.00,  14.00,  14.00
CHARQUITO , D,  0.00,  0.00,  0.00,  0.00,  0.00,  0.00,  0.00,  0.00,  0.00,  0.00,  0.00,  0.00,  0.00,  0.00,  0.00,  0.00,  0.00,  0.00,  0.00,  0.00,  0.00,  0.00,  0.00,  0.00
ELLIMONAR , D,  18.00,  18.00,  18.00,  18.00,  18.00,  18.00,  18.00,  18.00,  18.00,  18.00,  18.00,  18.00,  18.00,  18.00,  18.00,  18.00,  18.00,  18.00,  18.00,  18.00,  18.00,  18.00,  18.00,  18.00


AGENTE: EMSA(META)
AUTOGYAGUARITO , D,  0.39,  0.60,  0.60,  0.49,  0.50,  0.50,  0.50,  0.36,  0.40,  0.60,  0.58,  0.60,  0.59,  0.60,  0.59,  0.60,  0.42,  0.45,  0.34,  0.27,  0.30,  0.30,  0.40,  0.40


AGENTE: ENERCO 
PUENTEGUILLERMO1 , D,  1.00,  1.00,  1.00,  1.00,  1.00,  1.00,  1.00,  1.00,  1.00,  1.00,  1.00,  1.00,  1.00,  1.00,  1.00,  1.00,  1.00,  1.00,  1.00,  1.00,  1.00,  1.00,  1.00,  1.00
PUENTEGUILLERMO3 , D,  0.00,  0.00,  0.00,  0.00,  0.00,  0.00,  0.00,  0.00,  0.00,  0.00,  0.00,  0.00,  0.00,  0.00,  0.00,  0.00,  0.00,  0.00,  0.00,  0.00,  0.00,  0.00,  0.00,  0.00
CURRUCUCUES , D,  0.60,  0.60,  0.60,  0.60,  0.60,  0.60,  0.60,  0.60,  0.60,  0.60,  0.60,  0.60,  0.60,  0.60,  0.60,  0.60,  0.60,  0.60,  0.60,  0.60,  0.60,  0.60,  0.60,  0.60
AUTOGECOPETROLORITO , D,  1.00,  1.00,  1.00,  1.00,  1.00,  1.00,  1.00,  1.00,  1.00,  1.00,  1.00,  1.00,  1.00,  1.00,  1.00,  1.00,  1.00,  1.00,  1.00,  1.00,  1.00,  1.00,  1.00,  1.00


AGENTE: ENERGETICA
COELLO , D,  1.00,  1.00,  1.00,  1.00,  1.00,  1.00,  1.00,  1.00,  1.00,  1.00,  1.00,  1.00,  1.00,  1.00,  1.00,  1.00,  1.00,  1.00,  1.00,  1.00,  1.00,  1.00,  1.00,  1.00


AGENTE: ENERGIA DEL SUROESTE
MULATOSII1 , D,  6.50,  6.50,  6.50,  6.50,  6.50,  6.50,  6.50,  6.50,  6.50,  6.50,  6.50,  6.50,  6.50,  6.50,  6.50,  6.50,  6.50,  6.50,  6.50,  6.50,  6.50,  6.50,  6.50,  6.50


AGENTE: ENERGIA RIO PIEDRAS
AGUAFRESCA , D,  7.29,  7.29,  7.29,  7.29,  7.29,  7.29,  7.29,  7.29,  7.29,  7.29,  7.29,  7.29,  7.29,  7.29,  7.29,  7.29,  7.29,  7.29,  7.29,  7.29,  7.29,  7.29,  7.29,  7.29


AGENTE: ENREVSA E.S.P.
ELBOSQUE , D,  1.80,  1.80,  1.80,  1.80,  1.80,  1.80,  1.80,  1.80,  1.80,  1.80,  1.80,  1.80,  1.80,  1.80,  1.80,  1.80,  1.80,  1.80,  1.80,  1.80,  1.80,  1.80,  1.80,  1.80


AGENTE: ESPROD SAS ESP
PLANTASOLARBAYUNCAI1 , D,  0.00,  0.00,  0.00,  0.00,  0.00,  0.36,  1.27,  1.80,  1.98,  2.13,  1.93,  2.07,  1.89,  1.66,  1.42,  0.86,  0.14,  0.00,  0.00,  0.00,  0.00,  0.00,  0.00,  0.00
PLANTASOLARBAYUNCAI1 , INVD,  0.00,  0.00,  0.00,  0.00,  0.00,  1.00,  1.00,  2.00,  2.00,  2.00,  2.00,  2.00,  2.00,  2.00,  1.00,  1.00,  1.00,  0.00,  0.00,  0.00,  0.00,  0.00,  0.00,  0.00


AGENTE: GEC  
SANJOSE , D,  0.10,  0.10,  0.10,  0.10,  0.10,  0.10,  0.10,  0.10,  0.10,  0.10,  0.10,  0.10,  0.10,  0.10,  0.10,  0.10,  0.10,  0.10,  0.10,  0.10,  0.10,  0.10,  0.10,  0.10


AGENTE: GECELCA S.A. E.S.P
GUAJIRA1 , P,  397775
GUAJIRA1 , PAP1, 65937986
GUAJIRA1 , PAP2, 65937986
GUAJIRA1 , PAP3, 65937986
GUAJIRA1 , PAP4, 0
GUAJIRA1 , PAP5, 65937986
GUAJIRA1 , PAP6, 65937986
GUAJIRA1 , PAP7, 65937986
GUAJIRA1 , PAP8, 65937986
GUAJIRA1 , PAP9, 65937986
GUAJIRA1 , PAPUSD1, 17185
GUAJIRA1 , PAPUSD2, 17185
GUAJIRA1 , PAPUSD3, 17185
GUAJIRA1 , PAPUSD4, 0
GUAJIRA1 , PAPUSD5, 17185
GUAJIRA1 , PAPUSD6, 17185
GUAJIRA1 , PAPUSD7, 17185
GUAJIRA1 , PAPUSD8, 17185
GUAJIRA1 , PAPUSD9, 17185
GUAJIRA1 , D,  0,  0,  0,  0,  0,  0,  0,  0,  0,  0,  0,  0,  0,  0,  0,  0,  0,  0,  0,  0,  0,  0,  0,  0
GUAJIRA1 , CONF,  7
GUAJIRA1 , C,  MEZCLA GAS - CARBÓN
GUAJIRA2 , P,  382617
GUAJIRA2 , PAP1, 65937986
GUAJIRA2 , PAP2, 65937986
GUAJIRA2 , PAP3, 65937986
GUAJIRA2 , PAP4, 0
GUAJIRA2 , PAP5, 65937986
GUAJIRA2 , PAP6, 65937986
GUAJIRA2 , PAP7, 65937986
GUAJIRA2 , PAP8, 65937986
GUAJIRA2 , PAP9, 65937986
GUAJIRA2 , PAPUSD1, 17185
GUAJIRA2 , PAPUSD2, 17185
GUAJIRA2 , PAPUSD3, 17185
GUAJIRA2 , PAPUSD4, 0
GUAJIRA2 , PAPUSD5, 17185
GUAJIRA2 , PAPUSD6, 17185
GUAJIRA2 , PAPUSD7, 17185
GUAJIRA2 , PAPUSD8, 17185
GUAJIRA2 , PAPUSD9, 17185
GUAJIRA2 , D,  145,  145,  145,  145,  145,  145,  145,  145,  145,  145,  145,  145,  145,  145,  145,  145,  145,  145,  145,  145,  145,  145,  145,  145
GUAJIRA2 , CONF,  7
GUAJIRA2 , C,  MEZCLA GAS - CARBÓN
GECELCA3 , P,  236562
GECELCA3 , PAP1, 112177070
GECELCA3 , PAP2, 112177070
GECELCA3 , PAP3, 112177070
GECELCA3 , PAPUSD1, 29236
GECELCA3 , PAPUSD2, 29236
GECELCA3 , PAPUSD3, 29236
GECELCA3 , D,  164,  164,  164,  164,  164,  164,  164,  164,  164,  164,  164,  164,  164,  164,  164,  164,  164,  164,  164,  164,  164,  164,  164,  164
GECELCA3 , CONF,  1
GECELCA3 , C,  CARBON
GECELCA32 , P,  254083
GECELCA32 , PAP1, 122137792
GECELCA32 , PAP2, 122137792
GECELCA32 , PAPUSD1, 31832
GECELCA32 , PAPUSD2, 31832
GECELCA32 , D,  273,  273,  273,  273,  273,  273,  273,  273,  273,  273,  273,  273,  273,  273,  273,  273,  273,  273,  273,  273,  273,  273,  273,  273
GECELCA32 , CONF,  1
GECELCA32 , C,  CARBON


AGENTE: GENERPUTUMAYO
SANFRANCISCO(PUTUMAYO) , D,  0.20,  0.20,  0.20,  0.20,  0.20,  0.20,  0.20,  0.20,  0.20,  0.20,  0.20,  0.20,  0.20,  0.20,  0.20,  0.20,  0.20,  0.20,  0.20,  0.20,  0.20,  0.20,  0.20,  0.20
LAFRISOLERA , D,  0.39,  0.39,  0.39,  0.39,  0.39,  0.39,  0.39,  0.39,  0.39,  0.39,  0.39,  0.39,  0.39,  0.39,  0.39,  0.39,  0.39,  0.39,  0.39,  0.39,  0.39,  0.39,  0.39,  0.39


AGENTE: GENERSA
TERMOBOLIVAR1 , D,  0.00,  0.00,  0.00,  0.00,  0.00,  0.00,  0.00,  0.00,  0.00,  0.00,  0.00,  0.00,  0.00,  0.00,  0.00,  0.00,  0.00,  0.00,  0.00,  0.00,  0.00,  0.00,  0.00,  0.00
TERMOCAPACHOS , D,  9.90,  9.90,  9.90,  9.90,  9.90,  9.90,  9.90,  9.90,  9.90,  9.90,  9.90,  9.90,  9.90,  9.90,  9.90,  9.90,  9.90,  9.90,  9.90,  9.90,  9.90,  9.90,  9.90,  9.90


AGENTE: GENMAS S.A. E.S.P.
LACASCADA(ABEJORRAL)1 , D,  0.00,  0.00,  0.00,  0.00,  0.00,  0.00,  0.00,  0.00,  0.00,  0.00,  0.00,  0.00,  0.00,  0.00,  0.00,  0.00,  0.00,  0.00,  0.00,  0.00,  0.00,  0.00,  0.00,  0.00
SANJOSEDELAMONTAÑA1 , D,  0.00,  0.00,  0.00,  0.00,  0.00,  0.00,  0.00,  0.00,  0.00,  0.00,  0.00,  0.00,  0.00,  0.00,  0.00,  0.00,  0.00,  0.00,  0.00,  0.00,  0.00,  0.00,  0.00,  0.00
SANTARITA1 , D,  0.60,  0.60,  0.60,  0.60,  0.60,  0.60,  0.60,  0.60,  0.60,  0.60,  0.60,  0.60,  0.60,  0.60,  0.60,  0.60,  0.60,  0.60,  0.60,  0.60,  0.60,  0.60,  0.60,  0.60
SANJOSEDELAMONTAÑAII1 , D,  0.00,  0.00,  0.00,  0.00,  0.00,  0.00,  0.00,  0.00,  0.00,  0.00,  0.00,  0.00,  0.00,  0.00,  0.00,  0.00,  0.00,  0.00,  0.00,  0.00,  0.00,  0.00,  0.00,  0.00
JUANGARCIA1 , D,  1.50,  1.50,  1.50,  1.50,  1.50,  1.50,  1.50,  1.50,  1.50,  1.50,  1.50,  1.50,  1.50,  1.50,  1.50,  1.50,  1.50,  1.50,  1.50,  1.50,  1.50,  1.50,  1.50,  1.30
JUANGARCIA2 , D,  1.50,  1.50,  1.50,  1.50,  1.50,  1.50,  1.50,  1.50,  1.50,  1.50,  1.50,  1.50,  1.50,  1.50,  1.50,  1.50,  1.50,  1.50,  1.50,  1.50,  1.50,  1.50,  1.50,  1.30


AGENTE: GENSA
PAIPA1 , P,  169718
PAIPA1 , PAP1, 9281582
PAIPA1 , PAPUSD1, 2419
PAIPA1 , D,  36,  36,  36,  36,  36,  36,  36,  36,  36,  36,  36,  36,  36,  36,  36,  36,  36,  36,  36,  36,  36,  36,  36,  36
PAIPA1 , CONF,  1
PAIPA1 , C,  CARBON
PAIPA2 , P,  165689
PAIPA2 , PAP1, 16675385
PAIPA2 , PAPUSD1, 4346
PAIPA2 , D,  0,  0,  0,  0,  0,  0,  0,  0,  0,  0,  0,  0,  0,  0,  0,  0,  0,  0,  0,  0,  0,  0,  0,  0
PAIPA2 , CONF,  1
PAIPA2 , C,  CARBON
PAIPA3 , P,  161930
PAIPA3 , PAP1, 16675385
PAIPA3 , PAPUSD1, 4346
PAIPA3 , D,  70,  70,  70,  70,  70,  70,  70,  70,  70,  70,  70,  70,  70,  70,  70,  70,  70,  70,  70,  70,  70,  70,  70,  70
PAIPA3 , CONF,  1
PAIPA3 , C,  CARBON


AGENTE: HIDRALPOR SAS ESP
CARLOSLLERAS , P,  74194
CARLOSLLERAS1 , D,  35,  35,  35,  35,  35,  35,  35,  35,  35,  35,  35,  35,  35,  35,  35,  35,  35,  35,  35,  35,  35,  35,  35,  35
CARLOSLLERAS2 , D,  35,  35,  35,  35,  35,  35,  35,  35,  35,  35,  35,  35,  35,  35,  35,  35,  35,  35,  35,  35,  35,  35,  35,  35
ESCUELADEMINAS , P,  74194
ESCUELADEMINAS1 , D,  19,  19,  19,  19,  19,  19,  19,  19,  19,  19,  19,  19,  19,  19,  19,  19,  19,  19,  19,  19,  19,  19,  19,  19
ESCUELADEMINAS2 , D,  18,  18,  18,  18,  18,  18,  18,  18,  18,  18,  18,  18,  18,  18,  18,  18,  18,  18,  18,  18,  18,  18,  18,  18
ESCUELADEMINAS3 , D,  18,  18,  18,  18,  18,  18,  18,  18,  18,  18,  18,  18,  18,  18,  18,  18,  18,  18,  18,  18,  18,  18,  18,  18


AGENTE: HIDROBARRANCAS
HIDROBARRANCAS1 , D,  3.10,  3.10,  3.10,  3.10,  3.10,  3.10,  3.10,  3.10,  3.10,  3.10,  3.10,  3.10,  3.10,  3.10,  3.10,  3.10,  3.10,  3.10,  3.10,  3.10,  3.10,  3.10,  3.10,  3.10


AGENTE: HIDROTOLIMA
SANTIAGO , D,  1.70,  1.70,  1.70,  1.70,  1.70,  1.70,  1.70,  1.70,  1.70,  1.70,  1.70,  1.70,  1.70,  1.70,  1.70,  1.70,  1.70,  1.70,  1.70,  1.70,  1.70,  1.70,  1.70,  1.70
PASTALES , D,  0.65,  0.65,  0.65,  0.65,  0.65,  0.65,  0.65,  0.65,  0.65,  0.65,  0.65,  0.65,  0.65,  0.65,  0.65,  0.65,  0.65,  0.65,  0.65,  0.65,  0.65,  0.65,  0.65,  0.65
MIROLINDO , D,  2.17,  2.17,  2.17,  2.17,  2.17,  2.17,  2.17,  2.17,  2.17,  2.17,  2.17,  2.17,  2.17,  2.17,  2.17,  2.17,  2.17,  2.17,  2.17,  2.17,  2.17,  2.17,  2.17,  2.17
RIORECIO , D,  0.43,  0.43,  0.43,  0.43,  0.43,  0.43,  0.43,  0.43,  0.43,  0.43,  0.43,  0.43,  0.43,  0.43,  0.43,  0.43,  0.43,  0.43,  0.43,  0.43,  0.43,  0.43,  0.43,  0.43
VENTANAA , D,  2.50,  2.50,  2.50,  2.50,  2.50,  2.50,  2.50,  2.50,  2.50,  2.50,  2.50,  2.50,  2.50,  2.50,  2.50,  2.50,  2.50,  2.50,  2.50,  2.50,  2.50,  2.50,  2.50,  2.50
VENTANAB , D,  0.00,  0.00,  0.00,  0.00,  0.00,  0.00,  0.00,  0.00,  0.00,  0.00,  0.00,  0.00,  0.00,  0.00,  0.00,  0.00,  0.00,  0.00,  0.00,  0.00,  0.00,  0.00,  0.00,  0.00


AGENTE: HZ ENERGY
AMALFI1 , D,  0.45,  0.45,  0.45,  0.45,  0.45,  0.45,  0.45,  0.45,  0.45,  0.45,  0.45,  0.45,  0.45,  0.45,  0.45,  0.45,  0.45,  0.45,  0.45,  0.45,  0.45,  0.45,  0.45,  0.45
LAREBUSCA1 , D,  0.65,  0.65,  0.65,  0.65,  0.65,  0.65,  0.65,  0.65,  0.65,  0.65,  0.65,  0.65,  0.65,  0.65,  0.65,  0.65,  0.65,  0.65,  0.65,  0.65,  0.65,  0.65,  0.65,  0.65
PROVIDENCIA1 , D,  4.90,  4.90,  4.90,  4.90,  4.90,  4.90,  4.90,  3.96,  3.96,  4.90,  4.90,  4.82,  3.96,  3.96,  3.96,  3.96,  3.96,  4.90,  4.90,  4.90,  4.90,  4.90,  4.90,  4.90
REMEDIOS1 , D,  0.55,  0.55,  0.55,  0.55,  0.55,  0.55,  0.55,  0.55,  0.55,  0.55,  0.55,  0.55,  0.55,  0.55,  0.55,  0.55,  0.55,  0.55,  0.55,  0.55,  0.55,  0.55,  0.55,  0.55


AGENTE: IAC ENERGY
LANAVETA1 , D,  3.00,  3.00,  3.00,  3.00,  3.00,  3.00,  3.00,  3.00,  3.00,  3.00,  3.00,  3.00,  3.00,  3.00,  3.00,  3.00,  3.00,  3.00,  3.00,  3.00,  3.00,  3.00,  3.00,  3.00


AGENTE: ISAGEN
JAGUAS , P,  81514
JAGUAS1 , D,  85,  85,  85,  85,  85,  85,  85,  85,  85,  85,  85,  85,  85,  85,  85,  85,  85,  85,  85,  85,  85,  85,  85,  85
JAGUAS2 , D,  85,  85,  85,  85,  85,  85,  85,  85,  85,  85,  85,  85,  85,  85,  85,  85,  85,  85,  85,  85,  85,  85,  85,  85
JAGUAS , AGCP,  140,  140,  140,  140,  140,  140,  140,  140,  140,  140,  140,  140,  140,  140,  140,  140,  140,  140,  140,  140,  140,  140,  140,  140
JAGUAS1 , AGCU,  70,  70,  70,  70,  70,  70,  70,  70,  70,  70,  70,  70,  70,  70,  70,  70,  70,  70,  70,  70,  70,  70,  70,  70
JAGUAS2 , AGCU,  70,  70,  70,  70,  70,  70,  70,  70,  70,  70,  70,  70,  70,  70,  70,  70,  70,  70,  70,  70,  70,  70,  70,  70
SANCARLOS , P,  81514
SANCARLOS1 , D,  155,  155,  155,  155,  155,  155,  155,  155,  155,  155,  155,  155,  155,  155,  155,  155,  155,  155,  155,  155,  155,  155,  155,  155
SANCARLOS2 , D,  155,  155,  155,  155,  155,  155,  155,  155,  155,  155,  155,  155,  155,  155,  155,  155,  155,  155,  155,  155,  155,  155,  155,  155
SANCARLOS3 , D,  155,  155,  155,  155,  155,  155,  155,  155,  155,  155,  155,  155,  155,  155,  155,  155,  155,  155,  155,  155,  155,  155,  155,  155
SANCARLOS4 , D,  155,  155,  155,  155,  155,  155,  155,  155,  155,  155,  155,  155,  155,  155,  155,  155,  155,  155,  155,  155,  155,  155,  155,  155
SANCARLOS5 , D,  155,  155,  155,  155,  155,  155,  155,  155,  155,  155,  155,  155,  155,  155,  155,  155,  155,  155,  155,  155,  155,  155,  155,  155
SANCARLOS6 , D,  0,  0,  0,  0,  0,  0,  0,  0,  0,  0,  0,  0,  0,  0,  0,  0,  0,  0,  0,  0,  0,  0,  0,  0
SANCARLOS7 , D,  155,  155,  155,  155,  155,  155,  155,  155,  155,  155,  155,  155,  155,  155,  155,  155,  155,  155,  155,  155,  155,  155,  155,  155
SANCARLOS8 , D,  155,  155,  155,  155,  155,  155,  155,  155,  155,  155,  155,  155,  155,  155,  155,  155,  155,  155,  155,  155,  155,  155,  155,  155
SANCARLOS , AGCP,  910,  910,  910,  910,  910,  910,  910,  910,  910,  910,  910,  910,  910,  910,  910,  910,  910,  910,  910,  910,  910,  910,  910,  910
SANCARLOS1 , AGCU,  130,  130,  130,  130,  130,  130,  130,  130,  130,  130,  130,  130,  130,  130,  130,  130,  130,  130,  130,  130,  130,  130,  130,  130
SANCARLOS2 , AGCU,  130,  130,  130,  130,  130,  130,  130,  130,  130,  130,  130,  130,  130,  130,  130,  130,  130,  130,  130,  130,  130,  130,  130,  130
SANCARLOS3 , AGCU,  130,  130,  130,  130,  130,  130,  130,  130,  130,  130,  130,  130,  130,  130,  130,  130,  130,  130,  130,  130,  130,  130,  130,  130
SANCARLOS4 , AGCU,  130,  130,  130,  130,  130,  130,  130,  130,  130,  130,  130,  130,  130,  130,  130,  130,  130,  130,  130,  130,  130,  130,  130,  130
SANCARLOS5 , AGCU,  130,  130,  130,  130,  130,  130,  130,  130,  130,  130,  130,  130,  130,  130,  130,  130,  130,  130,  130,  130,  130,  130,  130,  130
SANCARLOS6 , AGCU,  0,  0,  0,  0,  0,  0,  0,  0,  0,  0,  0,  0,  0,  0,  0,  0,  0,  0,  0,  0,  0,  0,  0,  0
SANCARLOS7 , AGCU,  130,  130,  130,  130,  130,  130,  130,  130,  130,  130,  130,  130,  130,  130,  130,  130,  130,  130,  130,  130,  130,  130,  130,  130
SANCARLOS8 , AGCU,  130,  130,  130,  130,  130,  130,  130,  130,  130,  130,  130,  130,  130,  130,  130,  130,  130,  130,  130,  130,  130,  130,  130,  130
MIELI , P,  90000
MIELI1 , D,  132,  132,  132,  132,  132,  132,  132,  132,  132,  132,  132,  132,  132,  132,  132,  132,  132,  132,  132,  132,  132,  132,  132,  132
MIELI2 , D,  132,  132,  132,  132,  132,  132,  132,  132,  132,  132,  132,  132,  132,  132,  132,  132,  132,  132,  132,  132,  132,  132,  132,  132
MIELI3 , D,  132,  132,  132,  132,  132,  132,  132,  132,  132,  132,  132,  132,  132,  132,  132,  132,  132,  132,  132,  132,  132,  132,  132,  132
MIELI , AGCP,  234,  234,  234,  234,  234,  234,  234,  234,  234,  234,  234,  234,  234,  234,  234,  234,  234,  234,  234,  234,  234,  234,  234,  234
MIELI1 , AGCU,  78,  78,  78,  78,  78,  78,  78,  78,  78,  78,  78,  78,  78,  78,  78,  78,  78,  78,  78,  78,  78,  78,  78,  78
MIELI2 , AGCU,  78,  78,  78,  78,  78,  78,  78,  78,  78,  78,  78,  78,  78,  78,  78,  78,  78,  78,  78,  78,  78,  78,  78,  78
MIELI3 , AGCU,  78,  78,  78,  78,  78,  78,  78,  78,  78,  78,  78,  78,  78,  78,  78,  78,  78,  78,  78,  78,  78,  78,  78,  78
MIELI , MO,  33,  33,  33,  33,  33,  33,  33,  33,  33,  33,  33,  33,  33,  33,  33,  33,  33,  33,  33,  33,  33,  33,  33,  33
AMOYALAESPERANZA , P,  88457
AMOYALAESPERANZA1 , D,  38,  38,  38,  38,  38,  38,  38,  38,  38,  38,  38,  38,  38,  38,  38,  38,  38,  38,  38,  38,  38,  38,  38,  38
AMOYALAESPERANZA2 , D,  37,  37,  37,  37,  37,  37,  37,  37,  37,  37,  37,  37,  37,  37,  37,  37,  37,  37,  37,  37,  37,  37,  37,  37
SOGAMOSO , P,  81514
SOGAMOSO1 , D,  273,  273,  273,  273,  273,  273,  273,  273,  273,  273,  273,  273,  273,  273,  273,  273,  273,  273,  273,  273,  273,  273,  273,  273
SOGAMOSO2 , D,  273,  273,  273,  273,  273,  273,  273,  273,  273,  273,  273,  273,  273,  273,  273,  273,  273,  273,  273,  273,  273,  273,  273,  273
SOGAMOSO3 , D,  273,  273,  273,  273,  273,  273,  273,  273,  273,  273,  273,  273,  273,  273,  273,  273,  273,  273,  273,  273,  273,  273,  273,  273
SOGAMOSO , AGCP,  459,  459,  459,  459,  459,  459,  459,  459,  459,  459,  459,  459,  459,  459,  459,  459,  459,  459,  459,  459,  459,  459,  459,  459
SOGAMOSO1 , AGCU,  153,  153,  153,  153,  153,  153,  153,  153,  153,  153,  153,  153,  153,  153,  153,  153,  153,  153,  153,  153,  153,  153,  153,  153
SOGAMOSO2 , AGCU,  153,  153,  153,  153,  153,  153,  153,  153,  153,  153,  153,  153,  153,  153,  153,  153,  153,  153,  153,  153,  153,  153,  153,  153
SOGAMOSO3 , AGCU,  153,  153,  153,  153,  153,  153,  153,  153,  153,  153,  153,  153,  153,  153,  153,  153,  153,  153,  153,  153,  153,  153,  153,  153
SOGAMOSO , MO,  120,  120,  120,  120,  120,  120,  120,  120,  120,  120,  120,  120,  120,  120,  120,  120,  120,  120,  120,  120,  120,  120,  120,  120
TERMOCENTROCC , P,  788110
TERMOCENTROCC , PAP4, 90156814
TERMOCENTROCC , PAP5, 89090142
TERMOCENTROCC , PAPUSD4, 23497
TERMOCENTROCC , PAPUSD5, 23219
TERMOCENTRO1 , D,  90,  90,  90,  90,  90,  90,  90,  90,  90,  90,  90,  90,  90,  90,  90,  90,  90,  90,  90,  90,  90,  90,  90,  90
TERMOCENTRO3 , D,  44,  44,  44,  44,  44,  44,  44,  44,  44,  44,  44,  44,  44,  44,  44,  44,  44,  44,  44,  44,  44,  44,  44,  44
TERMOCENTROCC , CONF,  4
TERMOCENTROCC , C,  GAS
CALDERAS1 , D,  4.00,  4.00,  4.00,  4.00,  4.00,  4.00,  4.00,  4.00,  4.00,  4.00,  4.00,  4.00,  4.00,  4.00,  4.00,  4.00,  4.00,  4.00,  4.00,  4.00,  4.00,  4.00,  4.00,  4.00
CALDERAS2 , D,  4.00,  4.00,  4.00,  4.00,  4.00,  4.00,  4.00,  4.00,  4.00,  4.00,  4.00,  4.00,  4.00,  4.00,  4.00,  4.00,  4.00,  4.00,  4.00,  4.00,  4.00,  4.00,  4.00,  4.00
LUZMAI1 , D,  9.00,  9.00,  9.00,  9.00,  9.00,  9.00,  9.00,  9.00,  9.00,  9.00,  9.00,  9.00,  9.00,  9.00,  9.00,  9.00,  9.00,  9.00,  9.00,  9.00,  9.00,  9.00,  9.00,  9.00
LUZMAII1 , D,  9.00,  9.00,  9.00,  9.00,  9.00,  9.00,  9.00,  9.00,  9.00,  9.00,  9.00,  9.00,  9.00,  9.00,  9.00,  9.00,  9.00,  9.00,  9.00,  9.00,  9.00,  9.00,  9.00,  9.00
LUZMAII2 , D,  9.00,  9.00,  9.00,  9.00,  9.00,  9.00,  9.00,  9.00,  9.00,  9.00,  9.00,  9.00,  9.00,  9.00,  9.00,  9.00,  9.00,  9.00,  9.00,  9.00,  9.00,  9.00,  9.00,  9.00
LUZMAI2 , D,  9.00,  9.00,  9.00,  9.00,  9.00,  9.00,  9.00,  9.00,  9.00,  9.00,  9.00,  9.00,  9.00,  9.00,  9.00,  9.00,  9.00,  9.00,  9.00,  9.00,  9.00,  9.00,  9.00,  9.00


AGENTE: MULCALARCA
BAYONA1 , D,  0.60,  0.60,  0.60,  0.60,  0.60,  0.60,  0.60,  0.60,  0.60,  0.60,  0.60,  0.60,  0.60,  0.60,  0.60,  0.60,  0.60,  0.60,  0.60,  0.60,  0.60,  0.60,  0.60,  0.60
CAMPESTRE(CALARCA)1 , D,  0.70,  0.70,  0.70,  0.70,  0.70,  0.70,  0.70,  0.70,  0.70,  0.70,  0.70,  0.70,  0.70,  0.70,  0.70,  0.70,  0.70,  0.70,  0.70,  0.70,  0.70,  0.70,  0.70,  0.70
UNION1 , D,  0.70,  0.70,  0.70,  0.70,  0.70,  0.70,  0.70,  0.70,  0.70,  0.70,  0.70,  0.70,  0.70,  0.70,  0.70,  0.70,  0.70,  0.70,  0.70,  0.70,  0.70,  0.70,  0.70,  0.70


AGENTE: NITRO ENERGY
INCAUCA1 , D,  6.80,  6.80,  6.80,  6.80,  6.80,  6.80,  6.80,  6.80,  6.80,  6.80,  6.80,  6.80,  6.80,  6.80,  6.80,  6.80,  6.80,  6.80,  6.80,  6.80,  6.80,  6.80,  6.80,  6.80
INGENIOPROVIDENCIA2 , D,  16.36,  16.36,  16.36,  16.36,  16.36,  16.36,  16.36,  16.36,  16.36,  16.36,  16.36,  16.36,  16.36,  16.36,  16.36,  16.36,  16.36,  16.36,  16.36,  16.36,  16.36,  16.36,  16.36,  16.36


AGENTE: PCH ALEJANDRÍA
ALEJANDRIA1 , D,  4.00,  4.00,  4.00,  4.00,  4.00,  4.00,  4.00,  4.00,  4.00,  4.00,  4.00,  4.00,  4.00,  4.00,  4.00,  4.00,  4.00,  4.00,  4.00,  4.00,  4.00,  4.00,  4.00,  4.00
ALEJANDRIA2 , D,  4.00,  4.00,  4.00,  4.00,  4.00,  4.00,  4.00,  4.00,  4.00,  4.00,  4.00,  4.00,  4.00,  4.00,  4.00,  4.00,  4.00,  4.00,  4.00,  4.00,  4.00,  4.00,  4.00,  4.00


AGENTE: PROELECTRICA
PROELECTRICA , P,  342686
PROELECTRICA , PAP1, 41231865
PROELECTRICA , PAPUSD1, 10746
PROELECTRICA1 , D,  45,  45,  45,  45,  45,  45,  45,  45,  45,  45,  45,  45,  45,  45,  45,  45,  45,  45,  45,  45,  45,  45,  45,  45
PROELECTRICA2 , D,  45,  45,  45,  45,  45,  45,  45,  45,  45,  45,  45,  45,  45,  45,  45,  45,  45,  45,  45,  45,  45,  45,  45,  45
PROELECTRICA , CONF,  1
PROELECTRICA , C,  GAS
AUTOGREFICAR , D,  7.50,  7.50,  7.50,  7.50,  7.50,  7.50,  7.50,  7.50,  7.50,  7.50,  7.50,  7.50,  7.50,  7.50,  7.50,  7.50,  7.50,  7.50,  7.50,  7.50,  7.50,  7.50,  7.50,  7.50


AGENTE: PROENCA 
COGENERADORPROENCA , D,  16.00,  16.00,  16.00,  16.00,  16.00,  16.00,  16.00,  16.00,  16.00,  16.00,  16.00,  16.00,  16.00,  16.00,  16.00,  16.00,  16.00,  16.00,  16.00,  16.00,  16.00,  16.00,  16.00,  16.00
PROENCAII , D,  0.00,  0.00,  0.00,  0.00,  0.00,  0.00,  0.00,  0.00,  0.00,  0.00,  0.00,  0.00,  0.00,  0.00,  0.00,  0.00,  0.00,  0.00,  0.00,  0.00,  0.00,  0.00,  0.00,  0.00


AGENTE: RENOVATIO
POCUNE1 , D,  1.00,  1.00,  1.00,  1.00,  1.00,  1.00,  1.00,  1.00,  1.00,  1.00,  1.00,  1.00,  1.00,  1.00,  1.00,  1.00,  1.00,  1.00,  1.00,  1.00,  1.00,  1.00,  1.00,  1.00


AGENTE: RIOEN SAS  E.S.P.
CENTRALCASTILLA1 , D,  3.00,  3.00,  3.00,  3.00,  3.00,  3.00,  3.00,  3.00,  3.00,  3.00,  3.00,  3.00,  3.00,  3.00,  3.00,  3.00,  3.00,  3.00,  3.00,  3.00,  3.00,  3.00,  3.00,  3.00
INGENIORIOPAILA1 , D,  16.00,  16.00,  16.00,  16.00,  16.00,  16.00,  16.00,  16.00,  16.00,  16.00,  16.00,  16.00,  16.00,  16.00,  16.00,  16.00,  16.00,  16.00,  16.00,  16.00,  16.00,  16.00,  16.00,  16.00


AGENTE: RISARALDA
MORROAZUL1 , D,  13.00,  13.00,  13.00,  13.00,  13.00,  13.00,  13.00,  13.00,  13.00,  13.00,  13.00,  13.00,  13.00,  13.00,  13.00,  13.00,  13.00,  13.00,  13.00,  13.00,  13.00,  13.00,  13.00,  13.00


AGENTE: SANTA FE ENERGY
CAUYA1 , D,  0.00,  0.00,  0.00,  0.00,  0.00,  0.00,  0.00,  0.00,  0.00,  0.00,  0.00,  0.00,  0.00,  0.00,  0.00,  0.00,  0.00,  0.00,  0.00,  0.00,  0.00,  0.00,  0.00,  0.00
CAUYA2 , D,  0.00,  0.00,  0.00,  0.00,  0.00,  0.00,  0.00,  0.00,  0.00,  0.00,  0.00,  0.00,  0.00,  0.00,  0.00,  0.00,  0.00,  0.00,  0.00,  0.00,  0.00,  0.00,  0.00,  0.00


AGENTE: TEBSA S.A. (E.S.P.)
TEBSABCC , P,  437792
TEBSABCC , PAP1, 98928082
TEBSABCC , PAP2, 98928082
TEBSABCC , PAP3, 98928082
TEBSABCC , PAP4, 0
TEBSABCC , PAP5, 98928082
TEBSABCC , PAP6, 98928082
TEBSABCC , PAP7, 46070259
TEBSABCC , PAP8, 98928082
TEBSABCC , PAP9, 98928082
TEBSABCC , PAP10, 46070259
TEBSABCC , PAP11, 98928082
TEBSABCC , PAP12, 98928082
TEBSABCC , PAP13, 98928082
TEBSABCC , PAP14, 46070259
TEBSABCC , PAP15, 98928082
TEBSABCC , PAP16, 98928082
TEBSABCC , PAP17, 46070259
TEBSABCC , PAP18, 98928082
TEBSABCC , PAP19, 98928082
TEBSABCC , PAP20, 46070259
TEBSABCC , PAP21, 92136680
TEBSABCC , PAP22, 92136680
TEBSABCC , PAP23, 138206939
TEBSABCC , PAP24, 230343619
TEBSABCC , PAP25, 98928082
TEBSABCC , PAP26, 98928082
TEBSABCC , PAP27, 98928082
TEBSABCC , PAP28, 98928082
TEBSABCC , PAP29, 98928082
TEBSABCC , PAP30, 98928082
TEBSABCC , PAP31, 92136680
TEBSABCC , PAP32, 92136680
TEBSABCC , PAP33, 46070259
TEBSABCC , PAP34, 92136680
TEBSABCC , PAP35, 92136680
TEBSABCC , PAP36, 46070259
TEBSABCC , PAP37, 98928082
TEBSABCC , PAP38, 98928082
TEBSABCC , PAP39, 98928082
TEBSABCC , PAP40, 92136680
TEBSABCC , PAP41, 46070259
TEBSABCC , PAP42, 92136680
TEBSABCC , PAP43, 46070259
TEBSABCC , PAP44, 92136680
TEBSABCC , PAP45, 46070259
TEBSABCC , PAP46, 92136680
TEBSABCC , PAP47, 92136680
TEBSABCC , PAP48, 92136680
TEBSABCC , PAPUSD1, 25783
TEBSABCC , PAPUSD2, 25783
TEBSABCC , PAPUSD3, 25783
TEBSABCC , PAPUSD4, 0
TEBSABCC , PAPUSD5, 25783
TEBSABCC , PAPUSD6, 25783
TEBSABCC , PAPUSD7, 12007
TEBSABCC , PAPUSD8, 25783
TEBSABCC , PAPUSD9, 25783
TEBSABCC , PAPUSD10, 12007
TEBSABCC , PAPUSD11, 25783
TEBSABCC , PAPUSD12, 25783
TEBSABCC , PAPUSD13, 25783
TEBSABCC , PAPUSD14, 12007
TEBSABCC , PAPUSD15, 25783
TEBSABCC , PAPUSD16, 25783
TEBSABCC , PAPUSD17, 12007
TEBSABCC , PAPUSD18, 25783
TEBSABCC , PAPUSD19, 25783
TEBSABCC , PAPUSD20, 12007
TEBSABCC , PAPUSD21, 24013
TEBSABCC , PAPUSD22, 24013
TEBSABCC , PAPUSD23, 36020
TEBSABCC , PAPUSD24, 60033
TEBSABCC , PAPUSD25, 25783
TEBSABCC , PAPUSD26, 25783
TEBSABCC , PAPUSD27, 25783
TEBSABCC , PAPUSD28, 25783
TEBSABCC , PAPUSD29, 25783
TEBSABCC , PAPUSD30, 25783
TEBSABCC , PAPUSD31, 24013
TEBSABCC , PAPUSD32, 24013
TEBSABCC , PAPUSD33, 12007
TEBSABCC , PAPUSD34, 24013
TEBSABCC , PAPUSD35, 24013
TEBSABCC , PAPUSD36, 12007
TEBSABCC , PAPUSD37, 25783
TEBSABCC , PAPUSD38, 25783
TEBSABCC , PAPUSD39, 25783
TEBSABCC , PAPUSD40, 24013
TEBSABCC , PAPUSD41, 12007
TEBSABCC , PAPUSD42, 24013
TEBSABCC , PAPUSD43, 12007
TEBSABCC , PAPUSD44, 24013
TEBSABCC , PAPUSD45, 12007
TEBSABCC , PAPUSD46, 24013
TEBSABCC , PAPUSD47, 24013
TEBSABCC , PAPUSD48, 24013
TEBSA11 , D,  92,  92,  92,  92,  92,  92,  92,  92,  92,  92,  92,  92,  92,  92,  92,  92,  92,  92,  92,  92,  92,  92,  92,  92
TEBSA12 , D,  92,  92,  92,  92,  92,  92,  92,  92,  92,  92,  92,  92,  92,  92,  92,  92,  92,  92,  92,  92,  92,  92,  92,  92
TEBSA13 , D,  92,  92,  92,  92,  92,  92,  92,  92,  92,  92,  92,  92,  92,  92,  92,  92,  92,  92,  92,  92,  92,  92,  92,  92
TEBSA14 , D,  166,  166,  166,  166,  166,  166,  166,  166,  166,  166,  166,  166,  166,  166,  166,  166,  166,  166,  166,  166,  166,  166,  166,  166
TEBSA21 , D,  92,  92,  92,  92,  92,  92,  92,  92,  92,  92,  92,  92,  92,  92,  92,  92,  92,  92,  92,  92,  92,  92,  92,  92
TEBSA22 , D,  92,  92,  92,  92,  92,  92,  92,  92,  92,  92,  92,  92,  92,  92,  92,  92,  92,  92,  92,  92,  92,  92,  92,  92
TEBSA24 , D,  165,  165,  165,  165,  165,  165,  165,  165,  165,  165,  165,  165,  165,  165,  165,  165,  165,  165,  165,  165,  165,  165,  165,  165
TEBSABCC , CONF,  3
TEBSABCC , C,  GAS
BARRANQUILLA3 , P,  656577
BARRANQUILLA3 , PAP1, 64008000
BARRANQUILLA3 , PAP2, 64008000
BARRANQUILLA3 , PAP3, 64008000
BARRANQUILLA3 , PAPUSD1, 16682
BARRANQUILLA3 , PAPUSD2, 16682
BARRANQUILLA3 , PAPUSD3, 16682
BARRANQUILLA3 , D,  60,  60,  60,  60,  60,  60,  60,  60,  60,  60,  60,  60,  60,  60,  60,  60,  60,  60,  60,  60,  60,  60,  60,  60
BARRANQUILLA3 , CONF,  1
BARRANQUILLA3 , C,  GAS
BARRANQUILLA4 , P,  653318
BARRANQUILLA4 , PAP1, 64008000
BARRANQUILLA4 , PAP2, 64008000
BARRANQUILLA4 , PAP3, 64008000
BARRANQUILLA4 , PAPUSD1, 16682
BARRANQUILLA4 , PAPUSD2, 16682
BARRANQUILLA4 , PAPUSD3, 16682
BARRANQUILLA4 , D,  60,  60,  60,  60,  60,  60,  60,  60,  60,  60,  60,  60,  60,  60,  60,  60,  60,  60,  60,  60,  60,  60,  60,  60
BARRANQUILLA4 , CONF,  1
BARRANQUILLA4 , C,  GAS


AGENTE: TERMO MECHERO
TERMOMECHERO4 , D,  19.30,  19.30,  19.30,  19.30,  19.30,  19.30,  19.30,  19.30,  19.30,  19.30,  19.30,  19.30,  19.30,  19.30,  19.30,  19.30,  19.30,  19.30,  19.30,  19.30,  19.30,  19.30,  19.30,  19.30
TERMOMECHERO5 , D,  19.30,  19.30,  19.30,  19.30,  19.30,  19.30,  19.30,  19.30,  19.30,  19.30,  19.30,  19.30,  19.30,  19.30,  19.30,  19.30,  19.30,  19.30,  19.30,  19.30,  19.30,  19.30,  19.30,  19.30
TERMOMECHERO6 , D,  19.30,  19.30,  19.30,  19.30,  19.30,  19.30,  19.30,  19.30,  19.30,  19.30,  19.30,  19.30,  19.30,  19.30,  19.30,  19.30,  19.30,  19.30,  19.30,  19.30,  19.30,  19.30,  19.30,  19.30


AGENTE: TERMOCANDELARIA
TERMOCANDELARIA1 , P,  617451
TERMOCANDELARIA1 , PAP1, 87655123
TERMOCANDELARIA1 , PAP2, 87655123
TERMOCANDELARIA1 , PAP3, 87655123
TERMOCANDELARIA1 , PAP4, 87655123
TERMOCANDELARIA1 , PAPUSD1, 22845
TERMOCANDELARIA1 , PAPUSD2, 22845
TERMOCANDELARIA1 , PAPUSD3, 22845
TERMOCANDELARIA1 , PAPUSD4, 22845
TERMOCANDELARIA1 , D,  157,  157,  157,  157,  157,  157,  157,  157,  157,  157,  157,  157,  157,  157,  157,  157,  157,  157,  157,  157,  157,  157,  157,  157
TERMOCANDELARIA1 , CONF,  1
TERMOCANDELARIA1 , C,  GAS
TERMOCANDELARIA2 , P,  629340
TERMOCANDELARIA2 , PAP1, 87655123
TERMOCANDELARIA2 , PAP2, 87655123
TERMOCANDELARIA2 , PAP3, 87655123
TERMOCANDELARIA2 , PAP4, 87655123
TERMOCANDELARIA2 , PAPUSD1, 22845
TERMOCANDELARIA2 , PAPUSD2, 22845
TERMOCANDELARIA2 , PAPUSD3, 22845
TERMOCANDELARIA2 , PAPUSD4, 22845
TERMOCANDELARIA2 , D,  157,  157,  157,  157,  157,  157,  157,  157,  157,  157,  157,  157,  157,  157,  157,  157,  157,  157,  157,  157,  157,  157,  157,  157
TERMOCANDELARIA2 , CONF,  1
TERMOCANDELARIA2 , C,  GAS


AGENTE: TERMOEMCALI
TERMOEMCALICC , P,  823943
TERMOEMCALICC , PAP1, 160937031
TERMOEMCALICC , PAP2, 259853602
TERMOEMCALICC , PAPUSD1, 41944
TERMOEMCALICC , PAPUSD2, 67724
TERMOEMCALI1GAS , D,  138,  138,  138,  138,  138,  138,  138,  138,  138,  138,  138,  138,  138,  138,  138,  138,  138,  138,  138,  138,  138,  138,  138,  138
TERMOEMCALI1VAPOR , D,  75,  75,  75,  75,  75,  75,  75,  75,  75,  75,  75,  75,  75,  75,  75,  75,  75,  75,  75,  75,  75,  75,  75,  75
TERMOEMCALICC , CONF,  2
TERMOEMCALICC , C,  ACPM


AGENTE: TERMOFLORES
FLORESICC , P,  541518
FLORESICC , PAP1, 69844001
FLORESICC , PAP2, 69844001
FLORESICC , PAP3, 69844001
FLORESICC , PAPUSD1, 18203
FLORESICC , PAPUSD2, 18203
FLORESICC , PAPUSD3, 18203
FLORES1GAS , D,  116,  116,  116,  116,  116,  116,  116,  116,  116,  116,  116,  116,  116,  116,  116,  116,  116,  116,  116,  116,  116,  116,  116,  116
FLORES1VAPOR , D,  44,  44,  44,  44,  44,  44,  44,  44,  44,  44,  44,  44,  44,  44,  44,  44,  44,  44,  44,  44,  44,  44,  44,  44
FLORESICC , CONF,  1
FLORESICC , C,  GAS
FLORES4CC , P,  461665
FLORES4CC , PAP1, 127521033
FLORES4CC , PAP2, 127521033
FLORES4CC , PAP3, 127521033
FLORES4CC , PAP8, 58440585
FLORES4CC , PAP9, 69076611
FLORES4CC , PAP10, 69076611
FLORES4CC , PAP11, 69076611
FLORES4CC , PAPUSD1, 33235
FLORES4CC , PAPUSD2, 33235
FLORES4CC , PAPUSD3, 33235
FLORES4CC , PAPUSD8, 15231
FLORES4CC , PAPUSD9, 18003
FLORES4CC , PAPUSD10, 18003
FLORES4CC , PAPUSD11, 18003
FLORES2 , D,  120,  120,  120,  120,  120,  120,  120,  120,  120,  120,  120,  120,  120,  120,  120,  120,  120,  120,  120,  120,  120,  120,  120,  120
FLORES3 , D,  169,  169,  169,  169,  169,  169,  169,  169,  169,  169,  169,  169,  169,  169,  169,  169,  169,  169,  169,  169,  169,  169,  169,  169
FLORES4 , D,  161,  161,  161,  161,  161,  161,  161,  161,  161,  161,  161,  161,  161,  161,  161,  161,  161,  161,  161,  161,  161,  161,  161,  161
FLORES4CC , CONF,  1
FLORES4CC , C,  GAS


AGENTE: TERMONORTE
TERMONORTE , P,  850000
TERMONORTE , PAP1, 141813672
TERMONORTE , PAP2, 87114113
TERMONORTE , PAP3, 43050579
TERMONORTE , PAP4, 130533039
TERMONORTE , PAP5, 80184581
TERMONORTE , PAP6, 39628020
TERMONORTE , PAP7, 116029368
TERMONORTE , PAP8, 71275183
TERMONORTE , PAP9, 35223201
TERMONORTE , PAP10, 101525697
TERMONORTE , PAP11, 62365785
TERMONORTE , PAP12, 30822219
TERMONORTE , PAP13, 87022026
TERMONORTE , PAP14, 53456387
TERMONORTE , PAP15, 26417401
TERMONORTE , PAP16, 72518355
TERMONORTE , PAP17, 44546990
TERMONORTE , PAP18, 22016419
TERMONORTE , PAP19, 58014684
TERMONORTE , PAP20, 35637592
TERMONORTE , PAP21, 17611600
TERMONORTE , PAP22, 43511013
TERMONORTE , PAP23, 26728194
TERMONORTE , PAP24, 13210619
TERMONORTE , PAPUSD1, 36960
TERMONORTE , PAPUSD2, 22704
TERMONORTE , PAPUSD3, 11220
TERMONORTE , PAPUSD4, 34020
TERMONORTE , PAPUSD5, 20898
TERMONORTE , PAPUSD6, 10328
TERMONORTE , PAPUSD7, 30240
TERMONORTE , PAPUSD8, 18576
TERMONORTE , PAPUSD9, 9180
TERMONORTE , PAPUSD10, 26460
TERMONORTE , PAPUSD11, 16254
TERMONORTE , PAPUSD12, 8033
TERMONORTE , PAPUSD13, 22680
TERMONORTE , PAPUSD14, 13932
TERMONORTE , PAPUSD15, 6885
TERMONORTE , PAPUSD16, 18900
TERMONORTE , PAPUSD17, 11610
TERMONORTE , PAPUSD18, 5738
TERMONORTE , PAPUSD19, 15120
TERMONORTE , PAPUSD20, 9288
TERMONORTE , PAPUSD21, 4590
TERMONORTE , PAPUSD22, 11340
TERMONORTE , PAPUSD23, 6966
TERMONORTE , PAPUSD24, 3443
TERMONORTE1 , D,  8,  8,  8,  8,  8,  8,  8,  8,  8,  8,  8,  8,  8,  8,  8,  8,  8,  8,  8,  8,  8,  8,  8,  8
TERMONORTE2 , D,  8,  8,  8,  8,  8,  8,  8,  8,  8,  8,  8,  8,  8,  8,  8,  8,  8,  8,  8,  8,  8,  8,  8,  8
TERMONORTE3 , D,  8,  8,  8,  8,  8,  8,  8,  8,  8,  8,  8,  8,  8,  8,  8,  8,  8,  8,  8,  8,  8,  8,  8,  8
TERMONORTE4 , D,  8,  8,  8,  8,  8,  8,  8,  8,  8,  8,  8,  8,  8,  8,  8,  8,  8,  8,  8,  8,  8,  8,  8,  8
TERMONORTE5 , D,  8,  8,  8,  8,  8,  8,  8,  8,  8,  8,  8,  8,  8,  8,  8,  8,  8,  8,  8,  8,  8,  8,  8,  8
TERMONORTE6 , D,  8,  8,  8,  8,  8,  8,  8,  8,  8,  8,  8,  8,  8,  8,  8,  8,  8,  8,  8,  8,  8,  8,  8,  8
TERMONORTE7 , D,  8,  8,  8,  8,  8,  8,  8,  8,  8,  8,  8,  8,  8,  8,  8,  8,  8,  8,  8,  8,  8,  8,  8,  8
TERMONORTE8 , D,  8,  8,  8,  8,  8,  8,  8,  8,  8,  8,  8,  8,  8,  8,  8,  8,  8,  8,  8,  8,  8,  8,  8,  8
TERMONORTE9 , D,  8,  8,  8,  8,  8,  8,  8,  8,  8,  8,  8,  8,  8,  8,  8,  8,  8,  8,  8,  8,  8,  8,  8,  8
TERMONORTE10 , D,  8,  8,  8,  8,  8,  8,  8,  8,  8,  8,  8,  8,  8,  8,  8,  8,  8,  8,  8,  8,  8,  8,  8,  8
TERMONORTE , CONF,  1
TERMONORTE , C,  ACPM


AGENTE: TERMOPIEDRAS S.A.
TERMOPIEDRAS , D,  3.75,  3.75,  3.75,  3.75,  3.75,  3.75,  3.75,  3.75,  3.75,  3.75,  3.75,  3.75,  3.75,  3.75,  3.75,  3.75,  3.75,  3.75,  3.75,  3.75,  3.75,  3.75,  3.75,  3.75
AUTOGTURGAS , D,  3.50,  3.50,  3.50,  3.50,  3.50,  3.50,  3.50,  3.50,  3.50,  3.50,  3.50,  3.50,  3.50,  3.50,  3.50,  3.50,  3.50,  3.50,  3.50,  3.50,  3.50,  3.50,  3.50,  3.50


AGENTE: TERMOTASAJERO
TASAJERO1 , P,  189980
TASAJERO1 , PAP1, 55209874
TASAJERO1 , PAP2, 55209874
TASAJERO1 , PAP3, 55209874
TASAJERO1 , PAPUSD1, 14389
TASAJERO1 , PAPUSD2, 14389
TASAJERO1 , PAPUSD3, 14389
TASAJERO1 , D,  165,  165,  165,  165,  165,  165,  165,  165,  165,  165,  165,  165,  165,  165,  165,  165,  165,  165,  165,  165,  165,  165,  165,  165
TASAJERO1 , CONF,  1
TASAJERO1 , C,  CARBON


AGENTE: TERMOTASAJERO DOS
TASAJERO2 , P,  160980
TASAJERO2 , PAP1, 55474623
TASAJERO2 , PAP2, 55474623
TASAJERO2 , PAPUSD1, 14458
TASAJERO2 , PAPUSD2, 14458
TASAJERO2 , D,  170,  170,  170,  170,  170,  170,  170,  170,  170,  170,  170,  170,  170,  170,  170,  170,  170,  170,  170,  170,  170,  170,  170,  170
TASAJERO2 , CONF,  1
TASAJERO2 , C,  CARBON


AGENTE: TERMOVALLE
TERMOVALLECC , P,  800000
TERMOVALLECC , PAP1, 95889217
TERMOVALLECC , PAP2, 95889217
TERMOVALLECC , PAP3, 95889217
TERMOVALLECC , PAP4, 244287096
TERMOVALLECC , PAP5, 244287096
TERMOVALLECC , PAP6, 244287096
TERMOVALLECC , PAP7, 95889217
TERMOVALLECC , PAP8, 244287096
TERMOVALLECC , PAPUSD1, 24991
TERMOVALLECC , PAPUSD2, 24991
TERMOVALLECC , PAPUSD3, 24991
TERMOVALLECC , PAPUSD4, 63667
TERMOVALLECC , PAPUSD5, 63667
TERMOVALLECC , PAPUSD6, 63667
TERMOVALLECC , PAPUSD7, 24991
TERMOVALLECC , PAPUSD8, 63667
TERMOVALLE1GAS , D,  165,  165,  165,  165,  165,  165,  165,  165,  165,  165,  165,  165,  165,  165,  165,  165,  165,  165,  165,  165,  165,  165,  165,  165
TERMOVALLE1VAPOR , D,  76,  76,  76,  76,  76,  76,  76,  76,  76,  76,  76,  76,  76,  76,  76,  76,  76,  76,  76,  76,  76,  76,  76,  76
TERMOVALLECC , CONF,  4
TERMOVALLECC , C,  ACPM


AGENTE: TERMOYOPAL
TERMOYOPAL2 , P,  513000
TERMOYOPAL2 , PAP1, 5452306
TERMOYOPAL2 , PAPUSD1, 1421
TERMOYOPAL2 , D,  28,  28,  28,  28,  28,  28,  28,  28,  28,  28,  28,  28,  28,  28,  28,  28,  28,  28,  28,  28,  28,  28,  28,  28
TERMOYOPAL2 , CONF,  1
TERMOYOPAL2 , C,  GAS
TERMOYOPAL1 , P,  513000
TERMOYOPAL1 , PAP1, 4289710
TERMOYOPAL1 , PAPUSD1, 1118
TERMOYOPAL1 , D,  8,  8,  8,  8,  8,  8,  8,  8,  8,  8,  8,  8,  8,  8,  8,  8,  8,  8,  8,  8,  8,  8,  8,  8
TERMOYOPAL1 , CONF,  1
TERMOYOPAL1 , C,  GAS
TERMOYOPALG3 , P,  77000
TERMOYOPALG3 , PAP1, 2102649
TERMOYOPALG3 , PAPUSD1, 548
TERMOYOPALG3 , D,  50,  50,  50,  50,  50,  50,  50,  50,  50,  50,  50,  50,  50,  50,  50,  50,  50,  50,  50,  50,  50,  50,  50,  50
TERMOYOPALG3 , CONF,  1
TERMOYOPALG3 , C,  GAS
TERMOYOPALG4 , P,  77000
TERMOYOPALG4 , PAP1, 2102649
TERMOYOPALG4 , PAPUSD1, 548
TERMOYOPALG4 , D,  50,  50,  50,  50,  50,  50,  50,  50,  50,  50,  50,  50,  50,  50,  50,  50,  50,  50,  50,  50,  50,  50,  50,  50
TERMOYOPALG4 , CONF,  1
TERMOYOPALG4 , C,  GAS
TERMOYOPALG5 , P,  77000
TERMOYOPALG5 , PAP1, 2102649
TERMOYOPALG5 , PAPUSD1, 548
TERMOYOPALG5 , D,  50,  50,  50,  50,  50,  50,  50,  50,  50,  50,  50,  50,  50,  50,  50,  50,  50,  50,  50,  50,  50,  50,  50,  50
TERMOYOPALG5 , CONF,  1
TERMOYOPALG5 , C,  GAS


AGENTE: URRA
URRA , P,  81514
URRA1 , D,  0,  0,  0,  0,  0,  0,  0,  0,  0,  72,  72,  71,  71,  71,  71,  71,  71,  71,  71,  71,  71,  71,  0,  0
URRA2 , D,  0,  0,  0,  0,  0,  0,  0,  0,  0,  0,  0,  0,  0,  0,  0,  0,  0,  0,  0,  0,  0,  0,  0,  0
URRA3 , D,  74,  74,  74,  74,  74,  74,  74,  74,  74,  74,  74,  73,  73,  73,  73,  73,  73,  73,  73,  73,  73,  73,  74,  74
URRA4 , D,  0,  0,  0,  0,  0,  0,  0,  0,  0,  0,  0,  73,  73,  73,  73,  73,  73,  73,  73,  73,  73,  73,  0,  0
URRA , AGCP,  0,  0,  0,  0,  0,  0,  0,  0,  0,  0,  0,  0,  0,  0,  0,  0,  0,  0,  0,  0,  0,  0,  0,  0
URRA1 , AGCU,  0,  0,  0,  0,  0,  0,  0,  0,  0,  0,  0,  0,  0,  0,  0,  0,  0,  0,  0,  0,  0,  0,  0,  0
URRA2 , AGCU,  0,  0,  0,  0,  0,  0,  0,  0,  0,  0,  0,  0,  0,  0,  0,  0,  0,  0,  0,  0,  0,  0,  0,  0
URRA3 , AGCU,  0,  0,  0,  0,  0,  0,  0,  0,  0,  0,  0,  0,  0,  0,  0,  0,  0,  0,  0,  0,  0,  0,  0,  0
URRA4 , AGCU,  0,  0,  0,  0,  0,  0,  0,  0,  0,  0,  0,  0,  0,  0,  0,  0,  0,  0,  0,  0,  0,  0,  0,  0
URRA , MO,  74,  74,  74,  74,  74,  74,  74,  74,  74,  146,  146,  217,  217,  217,  217,  217,  217,  217,  217,  217,  217,  217,  74,  74


AGENTE: VATIA S.A.
TRINA-VATIABSLI1 , D,  0.18,  0.18,  0.18,  0.18,  0.18,  0.18,  0.18,  0.18,  0.18,  0.18,  0.18,  0.18,  0.18,  0.18,  0.18,  0.18,  0.18,  0.18,  0.18,  0.18,  0.18,  0.18,  0.18,  0.18
TRINA-VATIABSLI1 , INVD,  126.00,  126.00,  126.00,  126.00,  126.00,  126.00,  126.00,  126.00,  126.00,  126.00,  126.00,  126.00,  126.00,  126.00,  126.00,  126.00,  126.00,  126.00,  126.00,  126.00,  126.00,  126.00,  126.00,  126.00
TRINA-VATIABSLII1 , D,  0.18,  0.18,  0.18,  0.18,  0.18,  0.18,  0.18,  0.18,  0.18,  0.18,  0.18,  0.18,  0.18,  0.18,  0.18,  0.18,  0.18,  0.18,  0.18,  0.18,  0.18,  0.18,  0.18,  0.18
TRINA-VATIABSLII1 , INVD,  126.00,  126.00,  126.00,  126.00,  126.00,  126.00,  126.00,  126.00,  126.00,  126.00,  126.00,  126.00,  126.00,  126.00,  126.00,  126.00,  126.00,  126.00,  126.00,  126.00,  126.00,  126.00,  126.00,  126.00
TRINA-VATIABSLIII1 , D,  0.00,  0.00,  0.00,  0.00,  0.00,  0.00,  0.00,  0.00,  0.00,  0.00,  0.00,  0.00,  0.00,  0.00,  0.00,  0.00,  0.00,  0.00,  0.00,  0.00,  0.00,  0.00,  0.00,  0.00
TRINA-VATIABSLIII1 , INVD,  0.00,  0.00,  0.00,  0.00,  0.00,  0.00,  0.00,  0.00,  0.00,  0.00,  0.00,  0.00,  0.00,  0.00,  0.00,  0.00,  0.00,  0.00,  0.00,  0.00,  0.00,  0.00,  0.00,  0.00
FLORIDA21 , D,  0.00,  0.00,  0.00,  0.00,  0.00,  0.00,  0.00,  0.00,  0.00,  0.00,  0.00,  0.00,  0.00,  0.00,  0.00,  0.00,  0.00,  0.00,  0.00,  0.00,  0.00,  0.00,  0.00,  0.00
FLORIDA22 , D,  9.90,  9.90,  9.90,  9.90,  9.90,  9.90,  9.90,  9.90,  9.90,  9.90,  9.90,  9.90,  9.90,  9.90,  9.90,  9.90,  9.90,  9.90,  9.90,  9.90,  9.90,  9.90,  9.90,  9.90
ASNAZU1 , D,  0.00,  0.00,  0.00,  0.00,  0.00,  0.00,  0.00,  0.00,  0.00,  0.00,  0.00,  0.00,  0.00,  0.00,  0.00,  0.00,  0.00,  0.00,  0.00,  0.00,  0.00,  0.00,  0.00,  0.00
INZA1 , D,  0.46,  0.46,  0.46,  0.46,  0.46,  0.46,  0.46,  0.46,  0.46,  0.46,  0.46,  0.46,  0.46,  0.46,  0.46,  0.46,  0.46,  0.46,  0.46,  0.46,  0.46,  0.46,  0.46,  0.46
MONDOMO1 , D,  0.40,  0.40,  0.40,  0.40,  0.40,  0.40,  0.40,  0.40,  0.40,  0.40,  0.40,  0.40,  0.40,  0.40,  0.40,  0.40,  0.40,  0.40,  0.40,  0.40,  0.40,  0.40,  0.40,  0.40
OVEJAS1 , D,  0.80,  0.80,  0.80,  0.80,  0.80,  0.80,  0.80,  0.80,  0.80,  0.80,  0.80,  0.80,  0.80,  0.80,  0.80,  0.80,  0.80,  0.80,  0.80,  0.80,  0.80,  0.80,  0.80,  0.80
RIOPALO1 , D,  0.85,  0.85,  0.85,  0.85,  0.85,  0.85,  0.85,  0.85,  0.85,  0.85,  0.85,  0.85,  0.85,  0.85,  0.85,  0.85,  0.85,  0.85,  0.85,  0.85,  0.85,  0.85,  0.85,  0.85
SAJANDI1 , D,  2.70,  2.70,  2.70,  2.70,  2.70,  2.70,  2.70,  2.70,  2.70,  2.70,  2.70,  2.70,  2.70,  2.70,  2.70,  2.70,  2.70,  2.70,  2.70,  2.70,  2.70,  2.70,  2.70,  2.70
SILVIA1 , D,  0.35,  0.35,  0.35,  0.35,  0.35,  0.35,  0.35,  0.35,  0.35,  0.35,  0.35,  0.35,  0.35,  0.35,  0.35,  0.35,  0.35,  0.35,  0.35,  0.35,  0.35,  0.35,  0.35,  0.35
LASPALMAS1 , D,  0.00,  0.00,  0.00,  0.00,  0.00,  0.00,  0.00,  0.00,  0.00,  0.00,  0.00,  0.00,  0.00,  0.00,  0.00,  0.00,  0.00,  0.00,  0.00,  0.00,  0.00,  0.00,  0.00,  0.00
LASPALMAS2 , D,  1.40,  1.40,  1.40,  1.40,  1.40,  1.40,  1.40,  1.40,  1.40,  1.40,  1.40,  1.40,  1.40,  1.40,  1.40,  1.40,  1.40,  1.40,  1.40,  1.40,  1.40,  1.40,  1.40,  1.40


