Ofertas Iniciales para: 2020-12-22


AGENTE: AES CHIVOR
CHIVOR , P,  70054
CHIVOR1 , D,  125,  125,  125,  125,  125,  125,  125,  125,  125,  125,  125,  125,  125,  125,  125,  125,  125,  125,  125,  125,  125,  125,  125,  125
CHIVOR2 , D,  125,  125,  125,  125,  125,  125,  125,  125,  125,  125,  125,  125,  125,  125,  125,  125,  125,  125,  125,  125,  125,  125,  125,  125
CHIVOR3 , D,  125,  125,  125,  125,  125,  125,  125,  125,  125,  125,  125,  125,  125,  125,  125,  125,  125,  125,  125,  125,  125,  125,  125,  125
CHIVOR4 , D,  125,  125,  125,  125,  125,  125,  125,  125,  125,  125,  125,  125,  125,  125,  125,  125,  125,  125,  125,  125,  125,  125,  125,  125
CHIVOR5 , D,  0,  0,  0,  0,  0,  0,  0,  0,  0,  0,  0,  0,  0,  0,  0,  0,  0,  0,  0,  0,  0,  0,  0,  0
CHIVOR6 , D,  0,  0,  0,  0,  0,  0,  0,  0,  0,  0,  0,  0,  0,  0,  0,  0,  0,  0,  0,  0,  0,  0,  0,  0
CHIVOR7 , D,  0,  0,  0,  0,  0,  0,  0,  0,  0,  0,  0,  0,  0,  0,  0,  0,  0,  0,  0,  0,  0,  0,  0,  0
CHIVOR8 , D,  0,  0,  0,  0,  0,  0,  0,  0,  0,  0,  0,  0,  0,  0,  0,  0,  0,  0,  0,  0,  0,  0,  0,  0
CHIVOR , AGCP,  420,  420,  420,  420,  420,  420,  420,  420,  420,  420,  420,  420,  420,  420,  420,  420,  420,  420,  420,  420,  420,  420,  420,  420
CHIVOR1 , AGCU,  105,  105,  105,  105,  105,  105,  105,  105,  105,  105,  105,  105,  105,  105,  105,  105,  105,  105,  105,  105,  105,  105,  105,  105
CHIVOR2 , AGCU,  105,  105,  105,  105,  105,  105,  105,  105,  105,  105,  105,  105,  105,  105,  105,  105,  105,  105,  105,  105,  105,  105,  105,  105
CHIVOR3 , AGCU,  105,  105,  105,  105,  105,  105,  105,  105,  105,  105,  105,  105,  105,  105,  105,  105,  105,  105,  105,  105,  105,  105,  105,  105
CHIVOR4 , AGCU,  105,  105,  105,  105,  105,  105,  105,  105,  105,  105,  105,  105,  105,  105,  105,  105,  105,  105,  105,  105,  105,  105,  105,  105
CHIVOR5 , AGCU,  0,  0,  0,  0,  0,  0,  0,  0,  0,  0,  0,  0,  0,  0,  0,  0,  0,  0,  0,  0,  0,  0,  0,  0
CHIVOR6 , AGCU,  0,  0,  0,  0,  0,  0,  0,  0,  0,  0,  0,  0,  0,  0,  0,  0,  0,  0,  0,  0,  0,  0,  0,  0
CHIVOR7 , AGCU,  0,  0,  0,  0,  0,  0,  0,  0,  0,  0,  0,  0,  0,  0,  0,  0,  0,  0,  0,  0,  0,  0,  0,  0
CHIVOR8 , AGCU,  0,  0,  0,  0,  0,  0,  0,  0,  0,  0,  0,  0,  0,  0,  0,  0,  0,  0,  0,  0,  0,  0,  0,  0
TUNJITA , D,  0.00,  0.00,  0.00,  0.00,  0.00,  0.00,  0.00,  0.00,  0.00,  0.00,  0.00,  0.00,  0.00,  0.00,  0.00,  0.00,  10.00,  19.60,  19.60,  19.60,  19.60,  10.00,  0.00,  0.00


AGENTE: AURES BAJO
AURESBAJO1 , D,  8.00,  8.00,  8.00,  8.00,  8.00,  8.00,  8.00,  8.00,  5.00,  6.00,  6.00,  6.00,  6.00,  6.00,  6.00,  6.00,  6.00,  6.00,  6.00,  6.00,  6.00,  6.00,  6.00,  6.00
AURESBAJO2 , D,  8.50,  8.50,  8.50,  8.50,  8.50,  8.50,  8.50,  8.50,  8.50,  8.50,  8.50,  8.50,  8.50,  8.50,  8.50,  8.50,  8.50,  8.50,  8.50,  8.50,  8.50,  8.50,  8.50,  8.50


AGENTE: AXIA ENERGIA
AUTOGUNIBOL , D,  1.00,  1.00,  1.00,  1.00,  1.00,  1.00,  1.00,  1.00,  1.00,  1.00,  1.00,  1.00,  1.00,  1.00,  1.00,  1.00,  1.00,  1.00,  1.00,  1.00,  1.00,  1.00,  1.00,  1.00
AUTOGFAMILIA , D,  1.00,  1.00,  1.00,  1.00,  1.00,  1.00,  1.00,  1.00,  1.00,  1.00,  1.00,  1.00,  1.00,  1.00,  1.00,  1.00,  1.00,  1.00,  1.00,  1.00,  1.00,  1.00,  1.00,  1.00


AGENTE: BIOGAS DOÑA JUANA
DOÑAJUANA , D,  0.25,  0.25,  0.25,  0.25,  0.25,  0.25,  0.25,  0.25,  0.25,  0.25,  0.25,  0.25,  0.25,  0.25,  0.25,  0.25,  0.25,  0.25,  0.25,  0.25,  0.25,  0.25,  0.25,  0.25


AGENTE: CANTAYÚS
CANTAYUS1 , D,  2.00,  2.00,  2.00,  2.00,  2.00,  2.00,  2.00,  2.00,  2.00,  2.00,  2.00,  2.00,  2.00,  2.00,  2.00,  2.00,  2.00,  2.00,  2.00,  2.00,  2.00,  2.00,  2.00,  2.00
CANTAYUS2 , D,  2.00,  2.00,  2.00,  2.00,  2.00,  2.00,  2.00,  2.00,  2.00,  2.00,  2.00,  2.00,  2.00,  2.00,  2.00,  2.00,  2.00,  2.00,  2.00,  2.00,  2.00,  2.00,  2.00,  2.00


AGENTE: CASCADA
SANMIGUEL , P,  68000
SANMIGUEL1 , D,  22,  22,  22,  22,  22,  22,  22,  22,  22,  22,  22,  22,  22,  22,  22,  22,  22,  22,  22,  22,  22,  22,  22,  22
SANMIGUEL2 , D,  22,  22,  22,  22,  22,  22,  22,  22,  22,  22,  22,  22,  22,  22,  22,  22,  22,  22,  22,  22,  22,  22,  22,  22
ELPOPAL1 , D,  9.18,  9.18,  9.18,  9.18,  9.18,  9.18,  9.18,  9.18,  9.18,  9.18,  9.18,  9.18,  9.18,  9.18,  9.18,  9.18,  9.18,  9.18,  9.18,  9.18,  9.18,  9.18,  9.18,  9.18
ELPOPAL2 , D,  9.18,  9.18,  9.18,  9.18,  9.18,  9.18,  9.18,  9.18,  9.18,  9.18,  9.18,  9.18,  9.18,  9.18,  9.18,  9.18,  9.18,  9.18,  9.18,  9.18,  9.18,  9.18,  9.18,  9.18
ELMOLINO1 , D,  6.12,  6.12,  6.12,  6.12,  6.12,  6.12,  6.12,  6.12,  6.12,  6.12,  6.12,  6.12,  6.12,  6.12,  6.12,  6.12,  6.12,  6.12,  6.12,  6.12,  6.12,  6.12,  6.12,  6.12
ELMOLINO2 , D,  6.12,  6.12,  6.12,  6.12,  6.12,  6.12,  6.12,  6.12,  6.12,  6.12,  6.12,  6.12,  6.12,  6.12,  6.12,  6.12,  6.12,  6.12,  6.12,  6.12,  6.12,  6.12,  6.12,  6.12
SANMATIAS1 , D,  6.15,  6.15,  6.15,  6.15,  6.15,  6.15,  6.15,  6.15,  6.15,  6.15,  6.15,  6.15,  6.15,  6.15,  6.15,  6.15,  6.15,  6.15,  6.15,  6.15,  6.15,  6.15,  6.15,  6.15
SANMATIAS2 , D,  6.15,  6.15,  6.15,  6.15,  6.15,  6.15,  6.15,  6.15,  6.15,  6.15,  6.15,  6.15,  6.15,  6.15,  6.15,  6.15,  6.15,  6.15,  6.15,  6.15,  6.15,  6.15,  6.15,  6.15
LACASCADA(ANTIOQUIA) , D,  2.08,  2.08,  2.08,  2.08,  2.08,  2.08,  2.08,  2.08,  2.08,  2.08,  2.08,  2.08,  2.08,  2.08,  2.08,  2.08,  2.08,  2.08,  2.08,  2.08,  2.08,  2.08,  2.08,  2.08
CARUQUIA , D,  4.94,  4.94,  4.94,  4.94,  4.94,  4.94,  4.94,  4.94,  4.94,  4.94,  4.94,  4.94,  4.94,  4.94,  4.94,  4.94,  4.94,  4.94,  4.94,  4.94,  4.94,  4.94,  4.94,  4.94
GUANAQUITAS , D,  6.29,  6.29,  6.29,  6.29,  6.29,  6.29,  6.29,  6.29,  6.29,  6.29,  6.29,  6.29,  6.29,  6.29,  6.29,  6.29,  6.29,  6.29,  6.29,  6.29,  6.29,  6.29,  6.29,  6.29
BARROSO , D,  19.36,  19.36,  19.36,  19.36,  19.36,  19.36,  19.36,  19.36,  19.36,  19.36,  19.36,  19.36,  19.36,  19.36,  19.36,  19.36,  19.36,  19.36,  19.36,  19.36,  19.36,  19.36,  19.36,  19.36


AGENTE: CCG ENERGY SAS ESP
PATICO-LACABRERA , D,  1.30,  1.30,  1.30,  1.30,  1.30,  1.30,  1.30,  1.30,  1.30,  1.30,  1.30,  1.30,  1.30,  1.30,  1.30,  1.30,  1.30,  1.30,  1.30,  1.30,  1.30,  1.30,  1.30,  1.30


AGENTE: CEDENAR
RIOMAYO1 , D,  6.80,  6.80,  6.80,  6.80,  6.80,  6.80,  6.80,  6.80,  6.80,  6.80,  6.80,  6.80,  7.00,  7.00,  7.00,  7.00,  6.80,  6.80,  6.80,  6.80,  6.80,  6.80,  6.80,  6.80
RIOMAYO2 , D,  0.00,  0.00,  0.00,  0.00,  0.00,  0.00,  0.00,  0.00,  0.00,  0.00,  0.00,  0.00,  0.00,  0.00,  0.00,  0.00,  0.00,  0.00,  0.00,  0.00,  0.00,  0.00,  0.00,  0.00
RIOMAYO3 , D,  6.90,  6.90,  6.90,  6.90,  6.90,  6.90,  6.90,  6.90,  6.90,  6.90,  6.90,  6.90,  0.00,  0.00,  0.00,  0.00,  6.90,  6.90,  6.90,  6.90,  6.90,  6.90,  6.90,  6.90
RIOSAPUYES , D,  1.60,  1.60,  1.60,  1.60,  1.60,  1.60,  1.60,  1.60,  1.60,  1.60,  1.60,  1.60,  1.60,  1.60,  1.60,  1.60,  1.60,  1.60,  1.60,  1.60,  1.60,  1.60,  1.60,  1.60
JULIOBRAVO , D,  0.00,  0.00,  0.00,  0.00,  0.00,  0.00,  0.00,  0.00,  0.00,  0.00,  0.00,  0.00,  0.00,  0.00,  0.00,  0.00,  0.00,  0.00,  0.00,  0.00,  0.00,  0.00,  0.00,  0.00
RIOBOBO , D,  2.62,  2.62,  2.62,  2.62,  2.62,  2.62,  2.62,  2.62,  2.62,  2.62,  2.62,  2.62,  2.62,  2.62,  2.62,  2.62,  2.62,  2.62,  2.62,  2.62,  2.62,  2.62,  2.62,  2.62


AGENTE: CELSIA COLOMBIA
CALIMA , P,  450000
CALIMA1 , D,  33,  33,  33,  33,  33,  33,  33,  33,  33,  33,  33,  33,  33,  33,  33,  33,  33,  33,  33,  33,  33,  33,  33,  33
CALIMA2 , D,  33,  33,  33,  33,  33,  33,  33,  33,  33,  33,  33,  33,  33,  33,  33,  33,  33,  33,  33,  33,  33,  33,  33,  33
CALIMA3 , D,  33,  33,  33,  33,  33,  33,  33,  33,  33,  33,  33,  33,  33,  33,  33,  33,  33,  33,  33,  33,  33,  33,  33,  33
CALIMA4 , D,  33,  33,  33,  33,  33,  33,  33,  33,  33,  33,  33,  33,  33,  33,  33,  33,  33,  33,  33,  33,  33,  33,  33,  33
CALIMA , AGCP,  68,  68,  68,  68,  68,  68,  68,  68,  68,  68,  68,  68,  68,  68,  68,  68,  68,  68,  68,  68,  68,  68,  68,  68
CALIMA1 , AGCU,  17,  17,  17,  17,  17,  17,  17,  17,  17,  17,  17,  17,  17,  17,  17,  17,  17,  17,  17,  17,  17,  17,  17,  17
CALIMA2 , AGCU,  17,  17,  17,  17,  17,  17,  17,  17,  17,  17,  17,  17,  17,  17,  17,  17,  17,  17,  17,  17,  17,  17,  17,  17
CALIMA3 , AGCU,  17,  17,  17,  17,  17,  17,  17,  17,  17,  17,  17,  17,  17,  17,  17,  17,  17,  17,  17,  17,  17,  17,  17,  17
CALIMA4 , AGCU,  17,  17,  17,  17,  17,  17,  17,  17,  17,  17,  17,  17,  17,  17,  17,  17,  17,  17,  17,  17,  17,  17,  17,  17
PRADO , P,  350000
PRADO1 , D,  17,  17,  17,  17,  17,  17,  17,  17,  17,  17,  17,  17,  17,  17,  17,  17,  17,  17,  17,  17,  17,  17,  17,  17
PRADO2 , D,  17,  17,  17,  17,  17,  17,  17,  17,  17,  17,  17,  17,  17,  17,  17,  17,  17,  17,  17,  17,  17,  17,  17,  17
PRADO3 , D,  17,  17,  17,  17,  17,  17,  17,  17,  17,  17,  17,  17,  17,  17,  17,  17,  17,  17,  17,  17,  17,  17,  17,  17
PRADO , AGCP,  0,  0,  0,  0,  0,  0,  0,  0,  0,  0,  0,  0,  0,  0,  0,  0,  0,  0,  0,  0,  0,  0,  0,  0
PRADO1 , AGCU,  0,  0,  0,  0,  0,  0,  0,  0,  0,  0,  0,  0,  0,  0,  0,  0,  0,  0,  0,  0,  0,  0,  0,  0
PRADO2 , AGCU,  0,  0,  0,  0,  0,  0,  0,  0,  0,  0,  0,  0,  0,  0,  0,  0,  0,  0,  0,  0,  0,  0,  0,  0
PRADO3 , AGCU,  0,  0,  0,  0,  0,  0,  0,  0,  0,  0,  0,  0,  0,  0,  0,  0,  0,  0,  0,  0,  0,  0,  0,  0
PRADO1 , PRU,  0,  0,  0,  0,  0,  0,  0,  5,  5,  5,  5,  5,  5,  5,  5,  5,  5,  5,  0,  0,  0,  0,  0,  0
PRADO2 , PRU,  0,  0,  0,  0,  0,  0,  0,  5,  5,  5,  5,  5,  5,  5,  5,  5,  5,  5,  0,  0,  0,  0,  0,  0
PRADO3 , PRU,  0,  0,  0,  0,  0,  0,  0,  5,  5,  5,  5,  5,  5,  5,  5,  5,  5,  5,  0,  0,  0,  0,  0,  0
SALVAJINA , P,  400000
SALVAJINA1 , D,  0,  0,  0,  0,  0,  0,  0,  0,  0,  0,  0,  0,  0,  0,  0,  0,  0,  0,  0,  0,  0,  0,  0,  0
SALVAJINA2 , D,  95,  95,  95,  95,  95,  95,  95,  95,  95,  95,  95,  95,  95,  95,  95,  95,  95,  95,  95,  95,  95,  95,  95,  95
SALVAJINA3 , D,  95,  95,  95,  95,  95,  95,  95,  95,  95,  95,  95,  95,  95,  95,  95,  95,  95,  95,  95,  95,  95,  95,  95,  95
SALVAJINA , AGCP,  0,  0,  0,  0,  0,  0,  0,  0,  0,  0,  0,  0,  0,  0,  0,  0,  0,  0,  0,  0,  0,  0,  0,  0
SALVAJINA2 , AGCU,  0,  0,  0,  0,  0,  0,  0,  0,  0,  0,  0,  0,  0,  0,  0,  0,  0,  0,  0,  0,  0,  0,  0,  0
SALVAJINA3 , AGCU,  0,  0,  0,  0,  0,  0,  0,  0,  0,  0,  0,  0,  0,  0,  0,  0,  0,  0,  0,  0,  0,  0,  0,  0
SALVAJINA , MO,  60,  0,  0,  60,  60,  60,  70,  95,  95,  95,  95,  95,  95,  95,  95,  95,  95,  95,  95,  95,  95,  60,  0,  0
ALBAN , P,  205500
ALTOANCHICAYA1 , D,  115,  115,  115,  115,  115,  115,  115,  115,  115,  115,  115,  115,  115,  115,  115,  115,  115,  115,  115,  115,  115,  115,  115,  115
ALTOANCHICAYA2 , D,  115,  115,  115,  115,  115,  115,  115,  115,  115,  115,  115,  115,  115,  115,  115,  115,  115,  115,  115,  115,  115,  115,  115,  115
ALTOANCHICAYA3 , D,  115,  115,  115,  115,  115,  115,  115,  115,  115,  115,  115,  115,  115,  115,  115,  115,  115,  115,  115,  115,  115,  115,  115,  115
BAJOANCHICAYA1 , D,  0,  0,  0,  0,  0,  0,  10,  10,  10,  10,  10,  10,  10,  10,  10,  10,  10,  10,  10,  10,  10,  10,  10,  10
BAJOANCHICAYA2 , D,  0,  0,  0,  0,  0,  0,  0,  0,  0,  0,  0,  0,  0,  0,  0,  0,  0,  0,  0,  0,  0,  0,  0,  0
BAJOANCHICAYA3 , D,  0,  0,  0,  0,  0,  0,  10,  10,  10,  10,  10,  10,  10,  10,  10,  10,  10,  10,  10,  10,  10,  10,  10,  10
BAJOANCHICAYA4 , D,  5,  5,  5,  5,  5,  5,  10,  10,  10,  10,  10,  10,  10,  10,  10,  10,  10,  10,  10,  10,  10,  10,  10,  10
ALBAN , AGCP,  0,  0,  0,  0,  0,  0,  0,  0,  0,  0,  0,  0,  0,  0,  0,  0,  0,  0,  0,  0,  0,  0,  0,  0
ALTOANCHICAYA1 , AGCU,  0,  0,  0,  0,  0,  0,  0,  0,  0,  0,  0,  0,  0,  0,  0,  0,  0,  0,  0,  0,  0,  0,  0,  0
ALTOANCHICAYA2 , AGCU,  0,  0,  0,  0,  0,  0,  0,  0,  0,  0,  0,  0,  0,  0,  0,  0,  0,  0,  0,  0,  0,  0,  0,  0
ALTOANCHICAYA3 , AGCU,  0,  0,  0,  0,  0,  0,  0,  0,  0,  0,  0,  0,  0,  0,  0,  0,  0,  0,  0,  0,  0,  0,  0,  0
BAJOANCHICAYA1 , AGCU,  0,  0,  0,  0,  0,  0,  0,  0,  0,  0,  0,  0,  0,  0,  0,  0,  0,  0,  0,  0,  0,  0,  0,  0
BAJOANCHICAYA3 , AGCU,  0,  0,  0,  0,  0,  0,  0,  0,  0,  0,  0,  0,  0,  0,  0,  0,  0,  0,  0,  0,  0,  0,  0,  0
ALBAN , MO,  5,  5,  5,  5,  5,  5,  10,  10,  10,  10,  10,  10,  10,  10,  10,  10,  10,  10,  10,  10,  10,  10,  10,  10
ALTOANCHICAYA1 , PRU,  1,  1,  1,  1,  1,  1,  1,  1,  1,  1,  1,  1,  1,  1,  1,  1,  1,  1,  1,  1,  1,  1,  1,  1
ALTOANCHICAYA2 , PRU,  1,  1,  1,  1,  1,  1,  1,  1,  1,  1,  1,  1,  1,  1,  1,  1,  1,  1,  1,  1,  1,  1,  1,  1
ALTOANCHICAYA3 , PRU,  1,  1,  1,  1,  1,  1,  1,  1,  1,  1,  1,  1,  1,  1,  1,  1,  1,  1,  1,  1,  1,  1,  1,  1
BAJOANCHICAYA1 , PRU,  1,  1,  1,  1,  1,  1,  1,  1,  1,  1,  1,  1,  1,  1,  1,  1,  1,  1,  1,  1,  1,  1,  1,  1
BAJOANCHICAYA3 , PRU,  1,  1,  1,  1,  1,  1,  1,  1,  1,  1,  1,  1,  1,  1,  1,  1,  1,  1,  1,  1,  1,  1,  1,  1
BAJOANCHICAYA4 , PRU,  1,  1,  1,  1,  1,  1,  1,  1,  1,  1,  1,  1,  1,  1,  1,  1,  1,  1,  1,  1,  1,  1,  1,  1
CUCUANA , P,  70054
CUCUANA1 , D,  28,  28,  28,  28,  28,  28,  28,  28,  28,  28,  28,  28,  28,  28,  28,  28,  28,  28,  28,  28,  28,  28,  28,  28
CUCUANA2 , D,  28,  28,  28,  28,  28,  28,  28,  28,  28,  28,  28,  28,  28,  28,  28,  28,  28,  28,  28,  28,  28,  28,  28,  28
MERILECTRICA1 , P,  446661
MERILECTRICA1 , PAP1, 57515092
MERILECTRICA1 , PAPUSD1, 16816
MERILECTRICA1 , D,  0,  0,  0,  0,  0,  0,  0,  0,  0,  0,  0,  0,  0,  0,  0,  0,  0,  0,  0,  0,  0,  0,  0,  0
MERILECTRICA1 , CONF,  1
MERILECTRICA1 , C,  GAS
CELSIASOLARESPINAL1 , D,  0.00,  0.00,  0.00,  0.00,  0.00,  0.00,  0.00,  0.00,  1.00,  2.00,  2.00,  2.00,  1.00,  1.00,  1.00,  1.00,  0.00,  0.00,  0.00,  0.00,  0.00,  0.00,  0.00,  0.00
CELSIASOLARESPINAL1 , INVD,  4.00,  4.00,  4.00,  4.00,  4.00,  4.00,  4.00,  4.00,  4.00,  4.00,  4.00,  4.00,  4.00,  4.00,  4.00,  4.00,  4.00,  4.00,  4.00,  4.00,  4.00,  4.00,  4.00,  4.00
CELSIASOLARCARMELO1 , D,  0.00,  0.00,  0.00,  0.00,  0.00,  0.00,  0.00,  0.00,  1.00,  2.00,  3.00,  2.00,  3.00,  2.00,  2.00,  2.00,  1.00,  0.00,  0.00,  0.00,  0.00,  0.00,  0.00,  0.00
CELSIASOLARCARMELO1 , INVD,  56.00,  56.00,  56.00,  56.00,  56.00,  56.00,  56.00,  56.00,  56.00,  56.00,  56.00,  56.00,  56.00,  56.00,  56.00,  56.00,  56.00,  56.00,  56.00,  56.00,  56.00,  56.00,  56.00,  56.00
PRADO4 , D,  5.00,  5.00,  5.00,  5.00,  5.00,  5.00,  5.00,  5.00,  5.00,  5.00,  5.00,  5.00,  5.00,  5.00,  5.00,  5.00,  5.00,  5.00,  5.00,  5.00,  5.00,  5.00,  5.00,  5.00
RIOCALI1 , D,  0.00,  0.00,  0.00,  0.00,  0.00,  0.00,  0.00,  0.00,  0.00,  0.00,  0.00,  0.00,  0.00,  0.00,  0.00,  0.00,  0.00,  0.00,  0.00,  0.00,  0.00,  0.00,  0.00,  0.00
RIOCALI2 , D,  0.00,  0.00,  0.00,  0.00,  0.00,  0.00,  0.00,  0.00,  0.00,  0.00,  0.00,  0.00,  0.00,  0.00,  0.00,  0.00,  0.00,  0.00,  0.00,  0.00,  0.00,  0.00,  0.00,  0.00
BAJOTULUA1 , D,  7.00,  6.00,  5.00,  5.00,  5.00,  5.00,  5.00,  5.00,  5.00,  5.00,  5.00,  5.00,  5.00,  5.00,  5.00,  5.00,  5.00,  5.00,  3.00,  0.00,  0.00,  0.00,  0.00,  0.00
BAJOTULUA2 , D,  7.00,  6.00,  5.00,  5.00,  5.00,  5.00,  5.00,  5.00,  5.00,  5.00,  5.00,  5.00,  5.00,  5.00,  5.00,  5.00,  5.00,  5.00,  3.00,  0.00,  0.00,  0.00,  0.00,  0.00
ALTOTULUA1 , D,  6.00,  5.00,  5.00,  5.00,  5.00,  5.00,  4.00,  4.00,  4.00,  4.00,  4.00,  4.00,  4.00,  4.00,  4.00,  3.00,  3.00,  4.00,  0.00,  0.00,  0.00,  0.00,  0.00,  0.00
ALTOTULUA2 , D,  6.00,  5.00,  5.00,  5.00,  5.00,  5.00,  4.00,  4.00,  4.00,  4.00,  4.00,  4.00,  4.00,  4.00,  4.00,  3.00,  3.00,  4.00,  0.00,  0.00,  0.00,  0.00,  0.00,  0.00
HIDROMONTAÑITAS1 , D,  7.00,  7.00,  7.00,  7.00,  7.00,  7.00,  7.00,  7.00,  7.00,  7.00,  7.00,  7.00,  7.00,  7.00,  7.00,  7.00,  7.00,  7.00,  7.00,  7.00,  8.00,  9.00,  9.00,  9.00
HIDROMONTAÑITAS2 , D,  7.00,  7.00,  7.00,  7.00,  7.00,  7.00,  7.00,  7.00,  7.00,  7.00,  7.00,  7.00,  7.00,  7.00,  7.00,  7.00,  7.00,  7.00,  7.00,  7.00,  8.00,  9.00,  9.00,  9.00
RIOPIEDRAS1 , D,  9.00,  9.00,  9.00,  9.00,  9.00,  9.00,  9.00,  9.00,  9.00,  9.00,  9.00,  9.00,  9.00,  9.00,  9.00,  9.00,  9.00,  9.00,  9.00,  9.00,  9.00,  9.00,  9.00,  9.00
RIOPIEDRAS2 , D,  9.00,  9.00,  9.00,  9.00,  9.00,  9.00,  9.00,  9.00,  9.00,  9.00,  9.00,  9.00,  9.00,  9.00,  9.00,  9.00,  9.00,  9.00,  9.00,  9.00,  9.00,  9.00,  9.00,  9.00
SANANDRESDECUERQUIA1 , D,  9.00,  9.00,  9.00,  9.00,  9.00,  9.00,  9.00,  9.00,  9.00,  9.00,  9.00,  9.00,  9.00,  9.00,  9.00,  9.00,  9.00,  9.00,  9.00,  9.00,  9.00,  9.00,  9.00,  9.00
SANANDRESDECUERQUIA2 , D,  9.00,  9.00,  9.00,  9.00,  9.00,  9.00,  9.00,  9.00,  9.00,  9.00,  9.00,  9.00,  9.00,  9.00,  9.00,  9.00,  9.00,  9.00,  9.00,  8.00,  8.00,  9.00,  9.00,  8.00
MAYAGUEZ1 , D,  15.00,  15.00,  16.00,  16.00,  16.00,  15.00,  16.00,  16.00,  16.00,  16.00,  15.00,  16.00,  16.00,  16.00,  16.00,  16.00,  15.00,  15.00,  16.00,  15.00,  14.00,  17.00,  16.00,  17.00
COGENERADORMANUELITA2 , D,  7.00,  6.00,  8.00,  8.00,  8.00,  8.00,  8.00,  8.00,  7.00,  7.00,  6.00,  5.00,  5.00,  6.00,  6.00,  6.00,  5.00,  5.00,  6.00,  7.00,  7.00,  6.00,  6.00,  5.00
AMAIME , D,  5.00,  3.00,  4.00,  4.00,  4.00,  4.00,  4.00,  4.00,  4.00,  4.00,  3.00,  3.00,  3.00,  3.00,  3.00,  3.00,  3.00,  3.00,  3.00,  3.00,  4.00,  4.00,  4.00,  4.00
ELCOCUYO , D,  0.00,  0.00,  0.00,  0.00,  0.00,  0.00,  0.00,  0.00,  0.00,  0.00,  0.00,  0.00,  0.00,  0.00,  0.00,  0.00,  0.00,  0.00,  0.00,  0.00,  0.00,  0.00,  0.00,  0.00
AUTOGARGOSCARTAGENA , D,  4.00,  0.00,  0.00,  0.00,  0.00,  0.00,  0.00,  0.00,  0.00,  0.00,  2.00,  2.00,  3.00,  5.00,  5.00,  8.00,  8.00,  7.00,  7.00,  7.00,  0.00,  0.00,  2.00,  0.00
AUTOGARGOSYUMBO , D,  0.00,  0.00,  0.00,  0.00,  0.00,  0.00,  0.00,  0.00,  0.00,  0.00,  0.00,  0.00,  0.00,  0.00,  0.00,  0.00,  0.00,  0.00,  0.00,  0.00,  0.00,  0.00,  0.00,  0.00
TEQUENDAMABIOGAS , D,  0.00,  0.00,  0.00,  0.00,  0.00,  0.00,  0.00,  0.00,  0.00,  0.00,  0.00,  0.00,  0.00,  0.00,  0.00,  0.00,  0.00,  0.00,  0.00,  0.00,  0.00,  0.00,  0.00,  0.00
AUTOGCELSIASOLARYUMBO , D,  0.00,  0.00,  0.00,  0.00,  0.00,  0.00,  0.00,  0.00,  0.00,  0.00,  2.00,  3.00,  4.00,  1.00,  0.00,  2.00,  0.00,  0.00,  0.00,  0.00,  0.00,  0.00,  0.00,  0.00
AUTOGCELSIASOLARYUMBO , INVD,  9.00,  9.00,  9.00,  9.00,  9.00,  9.00,  9.00,  9.00,  9.00,  9.00,  9.00,  9.00,  9.00,  9.00,  9.00,  9.00,  9.00,  9.00,  9.00,  9.00,  9.00,  9.00,  9.00,  9.00
CELSIASOLARBOLIVAR , D,  0.00,  0.00,  0.00,  0.00,  0.00,  0.00,  0.00,  2.00,  4.00,  5.00,  6.00,  6.00,  6.00,  6.00,  5.00,  3.00,  1.00,  0.00,  0.00,  0.00,  0.00,  0.00,  0.00,  0.00
CELSIASOLARBOLIVAR , INVD,  5.00,  5.00,  5.00,  5.00,  5.00,  5.00,  5.00,  5.00,  5.00,  5.00,  5.00,  5.00,  5.00,  5.00,  5.00,  5.00,  5.00,  5.00,  5.00,  5.00,  5.00,  5.00,  5.00,  5.00
NIMA , D,  1.00,  1.00,  1.00,  1.00,  1.00,  1.00,  1.00,  1.00,  1.00,  1.00,  1.00,  1.00,  1.00,  1.00,  1.00,  1.00,  1.00,  1.00,  1.00,  1.00,  1.00,  1.00,  1.00,  1.00


AGENTE: CEMEX ENERGY
AUTOGREFICAR , D,  7.50,  7.50,  7.50,  7.50,  7.50,  7.50,  7.50,  7.50,  7.50,  7.50,  7.50,  7.50,  7.50,  7.50,  7.50,  7.50,  7.50,  7.50,  7.50,  7.50,  7.50,  7.50,  7.50,  7.50
AUTOGFERTICOL , D,  16.00,  16.00,  16.00,  16.00,  16.00,  16.00,  16.00,  16.00,  16.00,  16.00,  16.00,  16.00,  16.00,  16.00,  16.00,  16.00,  16.00,  16.00,  16.00,  16.00,  16.00,  16.00,  16.00,  16.00
SUEVA2 , D,  2.50,  2.50,  2.50,  2.50,  2.50,  2.50,  2.50,  2.50,  2.50,  2.50,  2.50,  2.50,  2.50,  2.50,  2.50,  2.50,  2.50,  2.50,  2.50,  2.50,  2.50,  2.50,  2.50,  2.50


AGENTE: CES
PAIPA4 , P,  120189
PAIPA4 , PAP1, 18168421
PAIPA4 , PAPUSD1, 5312
PAIPA4 , D,  160,  160,  160,  160,  160,  160,  160,  160,  160,  160,  160,  160,  160,  160,  160,  160,  160,  160,  160,  160,  160,  160,  160,  160
PAIPA4 , CONF,  1
PAIPA4 , C,  CARBON


AGENTE: CETSA(TULUA)
RIOFRIOII1 , D,  0.00,  0.00,  0.00,  0.00,  0.00,  0.00,  0.00,  0.00,  0.00,  0.00,  0.00,  0.00,  0.00,  0.00,  2.00,  3.00,  3.00,  3.00,  3.00,  3.00,  3.00,  3.00,  3.00,  3.00
RIOFRIOII2 , D,  0.00,  0.00,  0.00,  0.00,  0.00,  0.00,  0.00,  0.00,  0.00,  0.00,  0.00,  0.00,  0.00,  0.00,  2.00,  3.00,  3.00,  3.00,  3.00,  3.00,  3.00,  3.00,  3.00,  3.00
RIOFRIOI , D,  1.00,  1.00,  1.00,  0.00,  0.00,  1.00,  1.00,  1.00,  1.00,  1.00,  1.00,  1.00,  1.00,  1.00,  1.00,  1.00,  1.00,  1.00,  1.00,  1.00,  1.00,  1.00,  1.00,  1.00
RUMOR , D,  0.00,  0.00,  0.00,  0.00,  0.00,  0.00,  2.00,  2.00,  2.00,  1.00,  2.00,  1.00,  2.00,  2.00,  2.00,  2.00,  2.00,  2.00,  2.00,  2.00,  1.00,  1.00,  0.00,  1.00


AGENTE: CH EL EDEN
ELEDÉN , D,  5.00,  5.00,  5.00,  5.00,  5.00,  5.00,  5.00,  5.00,  5.00,  5.00,  5.00,  5.00,  5.00,  5.00,  5.00,  5.00,  5.00,  5.00,  5.00,  5.00,  5.00,  5.00,  5.00,  5.00


AGENTE: CHC S.A.S. E.S.P.
MAGALLO , D,  2.70,  2.70,  2.70,  2.70,  2.70,  2.70,  2.70,  2.70,  2.70,  2.70,  2.70,  2.70,  2.70,  2.70,  2.70,  2.70,  2.70,  2.70,  2.70,  2.70,  2.70,  2.70,  2.70,  2.70


AGENTE: DICELER 
INGENIOSANCARLOS1 , D,  0.00,  0.00,  0.00,  0.00,  0.00,  0.00,  0.00,  0.00,  0.00,  0.00,  0.00,  0.00,  0.00,  0.00,  0.00,  0.00,  0.00,  0.00,  0.00,  0.00,  0.00,  0.00,  0.00,  0.00


AGENTE: EEP(PEREIRA)
INGENIORISARALDA1 , D,  15.00,  15.00,  15.00,  15.00,  15.00,  15.00,  15.00,  15.00,  15.00,  15.00,  15.00,  15.00,  15.00,  15.00,  15.00,  15.00,  15.00,  15.00,  15.00,  15.00,  15.00,  15.00,  15.00,  15.00
BIOENERGY , D,  15.00,  15.00,  15.00,  15.00,  15.00,  15.00,  15.00,  15.00,  15.00,  15.00,  15.00,  15.00,  15.00,  15.00,  15.00,  15.00,  15.00,  15.00,  15.00,  15.00,  15.00,  15.00,  15.00,  15.00
NUEVOLIBARE , D,  0.00,  0.00,  0.00,  0.00,  0.00,  0.00,  0.00,  0.00,  0.00,  0.00,  0.00,  0.00,  0.00,  0.00,  0.00,  0.00,  0.00,  0.00,  0.00,  0.00,  0.00,  0.00,  0.00,  0.00
BELMONTE , D,  2.00,  2.00,  2.00,  2.00,  2.00,  2.00,  2.00,  2.00,  2.00,  2.00,  2.00,  2.00,  2.00,  2.00,  2.00,  2.00,  2.00,  2.00,  2.00,  2.00,  2.00,  2.00,  2.00,  2.00


AGENTE: EEPPM
ESMERALDA , P,  75444
ESMERALDA1 , D,  14,  14,  14,  14,  14,  14,  14,  14,  14,  14,  14,  14,  14,  14,  14,  14,  14,  14,  14,  14,  14,  14,  14,  14
ESMERALDA2 , D,  14,  14,  14,  14,  14,  14,  14,  14,  14,  14,  14,  14,  14,  14,  14,  14,  14,  14,  14,  14,  14,  14,  14,  14
GUATAPE , P,  75444
GUATAPE1 , D,  70,  70,  70,  70,  70,  70,  70,  70,  70,  70,  70,  70,  70,  70,  70,  70,  70,  70,  70,  70,  70,  70,  70,  70
GUATAPE2 , D,  70,  70,  70,  70,  70,  70,  70,  70,  70,  70,  70,  70,  70,  70,  70,  70,  70,  70,  70,  70,  70,  70,  70,  70
GUATAPE3 , D,  70,  70,  70,  70,  70,  70,  70,  70,  70,  70,  70,  70,  70,  70,  70,  70,  70,  70,  70,  70,  70,  70,  70,  70
GUATAPE4 , D,  70,  70,  70,  70,  70,  70,  70,  70,  70,  70,  70,  70,  70,  70,  70,  70,  70,  70,  70,  70,  70,  70,  70,  70
GUATAPE5 , D,  70,  70,  70,  70,  70,  70,  70,  70,  70,  70,  70,  70,  70,  70,  70,  70,  70,  70,  70,  70,  70,  70,  70,  70
GUATAPE6 , D,  70,  70,  70,  70,  70,  70,  70,  70,  70,  70,  70,  70,  70,  70,  70,  70,  70,  70,  70,  70,  70,  70,  70,  70
GUATAPE7 , D,  70,  70,  70,  70,  70,  70,  70,  70,  70,  70,  70,  70,  70,  70,  70,  70,  70,  70,  70,  70,  70,  70,  70,  70
GUATAPE8 , D,  70,  70,  70,  70,  70,  70,  70,  70,  70,  70,  70,  70,  70,  70,  70,  70,  70,  70,  70,  70,  70,  70,  70,  70
GUATAPE , AGCP,  560,  560,  560,  560,  560,  560,  0,  0,  0,  0,  0,  0,  0,  0,  0,  0,  0,  0,  0,  0,  0,  0,  0,  0
GUATAPE1 , AGCU,  70,  70,  70,  70,  70,  70,  70,  70,  70,  70,  70,  70,  70,  70,  70,  70,  70,  70,  70,  70,  70,  70,  70,  70
GUATAPE2 , AGCU,  70,  70,  70,  70,  70,  70,  70,  70,  70,  70,  70,  70,  70,  70,  70,  70,  70,  70,  70,  70,  70,  70,  70,  70
GUATAPE3 , AGCU,  70,  70,  70,  70,  70,  70,  70,  70,  70,  70,  70,  70,  70,  70,  70,  70,  70,  70,  70,  70,  70,  70,  70,  70
GUATAPE4 , AGCU,  70,  70,  70,  70,  70,  70,  70,  70,  70,  70,  70,  70,  70,  70,  70,  70,  70,  70,  70,  70,  70,  70,  70,  70
GUATAPE5 , AGCU,  70,  70,  70,  70,  70,  70,  70,  70,  70,  70,  70,  70,  70,  70,  70,  70,  70,  70,  70,  70,  70,  70,  70,  70
GUATAPE6 , AGCU,  70,  70,  70,  70,  70,  70,  70,  70,  70,  70,  70,  70,  70,  70,  70,  70,  70,  70,  70,  70,  70,  70,  70,  70
GUATAPE7 , AGCU,  70,  70,  70,  70,  70,  70,  70,  70,  70,  70,  70,  70,  70,  70,  70,  70,  70,  70,  70,  70,  70,  70,  70,  70
GUATAPE8 , AGCU,  70,  70,  70,  70,  70,  70,  70,  70,  70,  70,  70,  70,  70,  70,  70,  70,  70,  70,  70,  70,  70,  70,  70,  70
LATASAJERA , P,  75444
LATASAJERA1 , D,  102,  102,  102,  102,  102,  102,  102,  102,  102,  102,  102,  102,  102,  102,  102,  102,  102,  102,  102,  102,  102,  102,  102,  102
LATASAJERA2 , D,  102,  102,  102,  102,  102,  102,  102,  102,  102,  102,  102,  102,  102,  102,  102,  102,  102,  102,  102,  102,  102,  102,  102,  102
LATASAJERA3 , D,  102,  102,  102,  102,  102,  102,  102,  102,  102,  102,  102,  102,  102,  102,  102,  102,  102,  102,  102,  102,  102,  102,  102,  102
LATASAJERA , AGCP,  306,  306,  306,  306,  306,  306,  0,  0,  0,  0,  0,  0,  0,  0,  0,  0,  0,  0,  0,  0,  0,  0,  0,  0
LATASAJERA1 , AGCU,  102,  102,  102,  102,  102,  102,  102,  102,  102,  102,  102,  102,  102,  102,  102,  102,  102,  102,  102,  102,  102,  102,  102,  102
LATASAJERA2 , AGCU,  102,  102,  102,  102,  102,  102,  102,  102,  102,  102,  102,  102,  102,  102,  102,  102,  102,  102,  102,  102,  102,  102,  102,  102
LATASAJERA3 , AGCU,  102,  102,  102,  102,  102,  102,  102,  102,  102,  102,  102,  102,  102,  102,  102,  102,  102,  102,  102,  102,  102,  102,  102,  102
PLAYAS , P,  75444
PLAYAS1 , D,  69,  69,  69,  69,  69,  69,  69,  69,  69,  69,  69,  69,  69,  69,  69,  69,  69,  69,  69,  69,  69,  69,  69,  69
PLAYAS2 , D,  69,  69,  69,  69,  69,  69,  69,  69,  69,  69,  69,  69,  69,  69,  69,  69,  69,  69,  69,  69,  69,  69,  69,  69
PLAYAS3 , D,  69,  69,  69,  69,  69,  69,  69,  69,  69,  69,  69,  69,  69,  69,  69,  69,  69,  69,  69,  69,  69,  69,  69,  69
SANFRANCISCO , P,  75444
SANFRANCISCO1 , D,  0,  0,  0,  0,  0,  0,  0,  0,  0,  0,  0,  0,  0,  0,  0,  0,  0,  0,  0,  0,  0,  0,  0,  0
SANFRANCISCO2 , D,  0,  0,  0,  0,  0,  0,  0,  45,  45,  45,  45,  45,  0,  0,  0,  0,  0,  0,  45,  45,  45,  45,  45,  0
SANFRANCISCO3 , D,  0,  0,  0,  0,  0,  0,  0,  45,  45,  45,  45,  45,  0,  0,  0,  0,  0,  0,  45,  45,  45,  45,  0,  0
GUATRON , P,  239000
GUADALUPE31 , D,  45,  45,  45,  45,  45,  45,  45,  45,  45,  45,  45,  45,  45,  45,  45,  45,  45,  45,  45,  45,  45,  45,  45,  45
GUADALUPE32 , D,  45,  45,  45,  45,  45,  45,  45,  45,  45,  45,  45,  45,  45,  45,  45,  45,  45,  45,  45,  45,  45,  45,  45,  45
GUADALUPE33 , D,  45,  45,  45,  45,  45,  45,  45,  45,  45,  45,  45,  45,  45,  45,  45,  45,  45,  45,  45,  45,  45,  45,  45,  45
GUADALUPE34 , D,  45,  45,  45,  45,  45,  45,  45,  45,  45,  45,  45,  45,  45,  45,  45,  45,  45,  45,  45,  45,  45,  45,  45,  45
GUADALUPE35 , D,  45,  45,  45,  45,  45,  45,  45,  45,  45,  45,  45,  45,  45,  45,  45,  45,  45,  45,  45,  45,  45,  45,  45,  45
GUADALUPE36 , D,  45,  45,  45,  45,  45,  45,  45,  45,  45,  45,  45,  45,  45,  45,  45,  45,  45,  45,  45,  45,  45,  45,  45,  45
GUADALUPE41 , D,  67,  67,  67,  67,  67,  67,  67,  67,  67,  67,  67,  67,  67,  67,  67,  67,  67,  67,  67,  67,  67,  67,  67,  67
GUADALUPE42 , D,  67,  67,  67,  67,  67,  67,  67,  67,  67,  67,  67,  67,  67,  67,  67,  67,  67,  67,  67,  67,  67,  67,  67,  67
GUADALUPE43 , D,  68,  68,  68,  68,  68,  68,  68,  68,  68,  68,  68,  68,  68,  68,  68,  68,  68,  68,  68,  68,  68,  68,  68,  68
TRONERAS1 , D,  20,  20,  20,  20,  20,  20,  20,  20,  20,  20,  20,  20,  20,  20,  20,  20,  20,  20,  20,  20,  20,  20,  20,  20
TRONERAS2 , D,  20,  20,  20,  20,  20,  20,  20,  20,  20,  20,  20,  20,  20,  20,  20,  20,  20,  20,  20,  20,  20,  20,  20,  20
GUATRON , MO,  0,  0,  0,  0,  0,  0,  0,  0,  0,  0,  0,  0,  0,  0,  0,  0,  0,  0,  0,  0,  0,  0,  0,  0
PORCEII , P,  201000
PORCEII1 , D,  135,  135,  135,  135,  135,  135,  135,  135,  135,  135,  135,  135,  135,  135,  135,  135,  135,  135,  135,  135,  135,  135,  135,  135
PORCEII2 , D,  135,  135,  135,  135,  135,  135,  135,  135,  135,  135,  135,  135,  135,  135,  135,  135,  135,  135,  135,  135,  135,  135,  135,  135
PORCEII3 , D,  135,  135,  135,  135,  135,  135,  135,  135,  135,  135,  135,  135,  135,  135,  135,  135,  135,  135,  135,  135,  135,  135,  135,  135
PORCEII , AGCP,  116,  116,  116,  116,  116,  116,  0,  0,  0,  0,  0,  0,  0,  0,  0,  0,  0,  0,  0,  0,  0,  0,  0,  0
PORCEII1 , AGCU,  58,  58,  58,  58,  58,  58,  58,  58,  58,  58,  58,  58,  58,  58,  58,  58,  58,  58,  58,  58,  58,  58,  58,  58
PORCEII2 , AGCU,  58,  58,  58,  58,  58,  58,  58,  58,  58,  58,  58,  58,  58,  58,  58,  58,  58,  58,  58,  58,  58,  58,  58,  58
PORCEIII , P,  207000
PORCEIII4 , D,  175,  175,  175,  175,  175,  175,  175,  175,  175,  175,  175,  175,  175,  175,  175,  175,  175,  175,  175,  175,  175,  175,  175,  175
PORCEIII3 , D,  175,  175,  175,  175,  175,  175,  175,  175,  175,  175,  175,  175,  175,  175,  175,  175,  175,  175,  175,  175,  175,  175,  175,  175
PORCEIII2 , D,  175,  175,  175,  175,  175,  175,  175,  175,  175,  175,  175,  175,  175,  175,  175,  175,  175,  175,  175,  175,  175,  175,  175,  175
PORCEIII1 , D,  175,  175,  175,  175,  175,  175,  175,  175,  175,  175,  175,  175,  175,  175,  175,  175,  175,  175,  175,  175,  175,  175,  175,  175
PORCEIII , AGCP,  200,  200,  200,  200,  200,  200,  0,  0,  0,  0,  0,  0,  0,  0,  0,  0,  0,  0,  0,  0,  0,  0,  0,  0
PORCEIII4 , AGCU,  50,  50,  50,  50,  50,  50,  50,  50,  50,  50,  50,  50,  50,  50,  50,  50,  50,  50,  50,  50,  50,  50,  50,  50
PORCEIII3 , AGCU,  50,  50,  50,  50,  50,  50,  50,  50,  50,  50,  50,  50,  50,  50,  50,  50,  50,  50,  50,  50,  50,  50,  50,  50
PORCEIII2 , AGCU,  50,  50,  50,  50,  50,  50,  50,  50,  50,  50,  50,  50,  50,  50,  50,  50,  50,  50,  50,  50,  50,  50,  50,  50
PORCEIII1 , AGCU,  50,  50,  50,  50,  50,  50,  50,  50,  50,  50,  50,  50,  50,  50,  50,  50,  50,  50,  50,  50,  50,  50,  50,  50
TERMOSIERRACC , P,  67799
TERMOSIERRACC , PAP1, 71565520
TERMOSIERRACC , PAP2, 163980945
TERMOSIERRACC , PAP3, 101024220
TERMOSIERRACC , PAP4, 222983851
TERMOSIERRACC , PAP5, 192567479
TERMOSIERRACC , PAP6, 260189439
TERMOSIERRACC , PAP7, 453061321
TERMOSIERRACC , PAP8, 285957678
TERMOSIERRACC , PAP9, 499583697
TERMOSIERRACC , PAP10, 491747882
TERMOSIERRACC , PAP11, 310043149
TERMOSIERRACC , PAP12, 310043149
TERMOSIERRACC , PAP13, 287794357
TERMOSIERRACC , PAP14, 285239423
TERMOSIERRACC , PAPUSD1, 20924
TERMOSIERRACC , PAPUSD2, 47944
TERMOSIERRACC , PAPUSD3, 29537
TERMOSIERRACC , PAPUSD4, 65195
TERMOSIERRACC , PAPUSD5, 56302
TERMOSIERRACC , PAPUSD6, 76073
TERMOSIERRACC , PAPUSD7, 132464
TERMOSIERRACC , PAPUSD8, 83607
TERMOSIERRACC , PAPUSD9, 146066
TERMOSIERRACC , PAPUSD10, 143775
TERMOSIERRACC , PAPUSD11, 90649
TERMOSIERRACC , PAPUSD12, 90649
TERMOSIERRACC , PAPUSD13, 84144
TERMOSIERRACC , PAPUSD14, 83397
TERMOSIERRA1 , D,  0,  0,  0,  0,  0,  0,  0,  0,  0,  0,  0,  0,  0,  0,  0,  0,  0,  0,  0,  0,  0,  0,  0,  0
TERMOSIERRA2 , D,  136,  136,  136,  136,  136,  136,  136,  136,  136,  136,  136,  136,  136,  136,  136,  136,  136,  136,  136,  136,  136,  136,  136,  136
TERMOSIERRA3 , D,  62,  62,  62,  62,  62,  62,  62,  62,  62,  62,  62,  62,  57,  57,  57,  57,  57,  57,  60,  62,  62,  62,  62,  62
TERMOSIERRACC , CONF,  3
TERMOSIERRACC , C,  GAS
TERMODORADA1 , P,  754961
TERMODORADA1 , PAP1, 21800737
TERMODORADA1 , PAP2, 22536093
TERMODORADA1 , PAP3, 22546354
TERMODORADA1 , PAPUSD1, 6374
TERMODORADA1 , PAPUSD2, 6589
TERMODORADA1 , PAPUSD3, 6592
TERMODORADA1 , D,  45,  45,  45,  45,  45,  45,  45,  45,  45,  45,  45,  45,  45,  45,  45,  45,  45,  45,  45,  45,  45,  45,  45,  45
TERMODORADA1 , CONF,  3
TERMODORADA1 , C,  ACPM
INSULA1 , D,  3.00,  3.00,  3.00,  3.00,  3.00,  3.00,  3.00,  3.00,  3.00,  3.00,  3.00,  3.00,  3.00,  3.00,  3.00,  3.00,  3.00,  3.00,  3.00,  3.00,  3.00,  3.00,  3.00,  3.00
INSULA2 , D,  3.00,  3.00,  3.00,  3.00,  3.00,  3.00,  3.00,  3.00,  3.00,  3.00,  3.00,  3.00,  3.00,  3.00,  3.00,  3.00,  3.00,  3.00,  3.00,  3.00,  3.00,  3.00,  3.00,  3.00
INSULA3 , D,  6.00,  6.00,  6.00,  6.00,  6.00,  6.00,  6.00,  6.00,  6.00,  6.00,  6.00,  6.00,  6.00,  6.00,  6.00,  6.00,  6.00,  6.00,  6.00,  6.00,  6.00,  6.00,  6.00,  6.00
LAHERRADURA1 , D,  5.50,  5.50,  5.50,  5.50,  5.50,  5.50,  5.50,  5.50,  5.50,  5.50,  5.50,  5.50,  5.50,  5.50,  5.50,  5.50,  5.50,  5.50,  5.50,  5.50,  5.50,  5.50,  5.50,  5.50
LAHERRADURA2 , D,  9.90,  9.90,  9.90,  9.90,  9.90,  9.90,  9.90,  9.90,  9.90,  9.90,  9.90,  9.90,  9.90,  9.90,  9.90,  9.90,  9.90,  9.90,  9.90,  9.90,  9.90,  9.90,  9.90,  9.90
PAJARITO1 , D,  2.00,  2.00,  2.00,  2.00,  2.00,  2.00,  2.00,  2.00,  2.00,  2.00,  2.00,  2.00,  2.00,  2.00,  2.00,  2.00,  2.00,  2.00,  2.00,  2.00,  2.00,  2.00,  2.00,  2.00
PAJARITO2 , D,  6.40,  6.40,  6.40,  6.40,  6.40,  6.40,  6.40,  6.40,  6.40,  6.40,  6.40,  6.40,  6.40,  6.40,  6.40,  6.40,  6.40,  6.40,  6.40,  6.40,  6.40,  6.40,  6.40,  6.40
AUTOGPTARBELLO1 , D,  0.00,  0.00,  0.00,  0.00,  0.00,  0.00,  0.38,  0.38,  0.38,  0.38,  0.38,  0.38,  0.38,  0.38,  0.38,  0.38,  0.38,  0.38,  0.00,  0.00,  0.00,  0.00,  0.00,  0.00
AUTOGPTARBELLO2 , D,  0.00,  0.00,  0.00,  0.00,  0.00,  0.00,  0.38,  0.38,  0.38,  0.38,  0.38,  0.38,  0.38,  0.38,  0.38,  0.38,  0.38,  0.38,  0.00,  0.00,  0.00,  0.00,  0.00,  0.00
AUTOGPTARBELLO3 , D,  0.00,  0.00,  0.00,  0.00,  0.00,  0.00,  0.38,  0.38,  0.38,  0.38,  0.38,  0.38,  0.38,  0.38,  0.38,  0.38,  0.38,  0.38,  0.00,  0.00,  0.00,  0.00,  0.00,  0.00
AUTOGPTARBELLO4 , D,  0.00,  0.00,  0.00,  0.00,  0.00,  0.00,  0.00,  0.00,  0.00,  0.00,  0.00,  0.00,  0.00,  0.00,  0.00,  0.00,  0.00,  0.00,  0.00,  0.00,  0.00,  0.00,  0.00,  0.00
AUTOGPTARBELLO5 , D,  0.00,  0.00,  0.00,  0.00,  0.00,  0.00,  0.00,  0.00,  0.00,  0.00,  0.00,  0.00,  0.00,  0.00,  0.00,  0.00,  0.00,  0.00,  0.00,  0.00,  0.00,  0.00,  0.00,  0.00
AUTOGPTARBELLO6 , D,  0.00,  0.00,  0.00,  0.00,  0.00,  0.00,  0.86,  0.56,  0.46,  0.86,  0.86,  0.16,  0.36,  0.36,  0.16,  0.16,  0.16,  0.16,  0.00,  0.00,  0.00,  0.00,  0.00,  0.00
AUTOGPTARBELLO7 , D,  0.00,  0.00,  0.00,  0.00,  0.00,  0.00,  0.00,  0.00,  0.00,  0.00,  0.00,  0.00,  0.00,  0.00,  0.00,  0.00,  0.00,  0.00,  0.00,  0.00,  0.00,  0.00,  0.00,  0.00
COGENERADORCOLTEJER1 , D,  7.00,  4.00,  7.00,  7.00,  7.00,  7.00,  7.00,  7.00,  7.00,  7.00,  7.00,  7.00,  7.00,  7.00,  7.00,  7.00,  7.00,  7.00,  7.00,  7.00,  7.00,  7.00,  7.00,  7.00
JEPIRACHI1-15 , D,  6.44,  4.33,  3.95,  4.14,  4.07,  2.22,  1.95,  4.22,  6.45,  7.56,  9.89,  9.65,  9.13,  8.68,  7.92,  10.77,  9.89,  8.94,  7.74,  7.92,  6.78,  4.84,  3.01,  3.64
JEPIRACHI1-15 , INVD,  13.00,  13.00,  13.00,  13.00,  13.00,  13.00,  13.00,  13.00,  13.00,  13.00,  13.00,  13.00,  13.00,  13.00,  13.00,  13.00,  13.00,  13.00,  13.00,  13.00,  13.00,  13.00,  13.00,  13.00
MUNICIPAL , D,  0.60,  0.60,  0.60,  0.60,  0.60,  0.60,  0.60,  0.60,  0.60,  0.60,  0.60,  0.60,  0.60,  0.60,  0.60,  0.60,  0.60,  0.60,  0.60,  0.60,  0.60,  0.60,  0.60,  0.60
AUTOGARGOSELCAIRO , D,  6.50,  6.50,  6.50,  6.50,  6.50,  6.50,  6.50,  6.50,  6.50,  6.50,  6.50,  6.50,  6.50,  6.50,  6.50,  6.50,  6.50,  6.50,  6.50,  6.50,  6.50,  6.50,  6.50,  6.50
PORCEIIIMENOR , D,  0.00,  0.00,  0.00,  0.00,  0.00,  0.00,  0.00,  0.00,  0.00,  0.00,  0.00,  0.00,  0.00,  0.00,  0.00,  0.00,  0.00,  0.00,  0.00,  0.00,  0.00,  0.00,  0.00,  0.00
AUTOGARGOSSOGAMOSO , D,  2.80,  2.80,  2.80,  2.80,  2.80,  2.80,  2.80,  2.80,  2.80,  2.80,  2.80,  2.80,  2.80,  2.80,  2.80,  2.80,  2.80,  2.80,  2.80,  2.80,  2.80,  2.80,  2.80,  2.80
AUTOGCOCA-COLAFEMSA , D,  0.00,  0.00,  0.00,  0.00,  0.00,  0.00,  0.00,  0.00,  0.00,  0.00,  0.00,  0.00,  0.00,  0.00,  0.00,  0.00,  0.00,  0.00,  0.00,  0.00,  0.00,  0.00,  0.00,  0.00
AMERICA , D,  0.30,  0.30,  0.30,  0.30,  0.30,  0.30,  0.30,  0.30,  0.30,  0.30,  0.30,  0.30,  0.30,  0.30,  0.30,  0.30,  0.30,  0.30,  0.30,  0.30,  0.30,  0.30,  0.30,  0.30
AYURA , D,  13.60,  13.60,  13.60,  13.60,  13.60,  13.60,  13.60,  13.60,  13.60,  13.60,  13.60,  13.60,  13.60,  13.60,  13.60,  13.60,  13.60,  13.60,  13.60,  13.60,  13.60,  13.60,  13.60,  13.60
BELLO , D,  0.26,  0.26,  0.26,  0.26,  0.26,  0.26,  0.26,  0.26,  0.26,  0.26,  0.26,  0.26,  0.26,  0.26,  0.26,  0.26,  0.26,  0.26,  0.26,  0.26,  0.26,  0.26,  0.26,  0.26
CAMPESTRE(EPM) , D,  0.00,  0.00,  0.00,  0.00,  0.00,  0.00,  0.00,  0.00,  0.00,  0.00,  0.00,  0.00,  0.00,  0.00,  0.00,  0.00,  0.00,  0.00,  0.00,  0.00,  0.00,  0.00,  0.00,  0.00
MANANTIALES , D,  0.00,  0.00,  0.00,  0.00,  0.00,  0.00,  0.00,  0.00,  0.00,  0.00,  0.00,  0.00,  0.00,  0.00,  0.00,  0.00,  0.00,  0.00,  0.00,  0.00,  0.00,  0.00,  0.00,  0.00
AUTGCEMENTOSDELNARE , D,  6.40,  6.40,  6.40,  6.40,  6.40,  6.40,  6.40,  3.60,  3.60,  3.60,  3.60,  3.60,  3.60,  3.60,  3.60,  4.10,  4.10,  4.10,  4.10,  4.10,  4.10,  4.10,  4.10,  6.40
LAVUELTA , D,  11.20,  11.20,  11.20,  11.20,  11.20,  11.20,  11.20,  11.20,  11.20,  11.20,  11.20,  11.20,  11.20,  11.20,  11.20,  11.20,  11.20,  11.20,  11.20,  11.20,  11.20,  11.20,  11.20,  11.20
CARACOLI , D,  0.00,  0.00,  0.00,  0.00,  0.00,  0.00,  0.00,  0.00,  0.00,  0.00,  0.00,  0.00,  0.00,  0.00,  0.00,  0.00,  0.00,  0.00,  0.00,  0.00,  0.00,  0.00,  0.00,  0.00
RIOGRANDEI , D,  0.00,  0.00,  0.00,  0.00,  0.00,  0.00,  0.00,  0.00,  0.00,  0.00,  0.00,  0.00,  0.00,  0.00,  0.00,  0.00,  0.00,  0.00,  0.00,  0.00,  0.00,  0.00,  0.00,  0.00
SONSON , D,  17.00,  17.00,  17.00,  17.00,  17.00,  17.00,  17.00,  17.00,  17.00,  17.00,  17.00,  17.00,  17.00,  17.00,  17.00,  17.00,  17.00,  17.00,  17.00,  17.00,  17.00,  17.00,  17.00,  17.00
RIOFRIO(TAMESIS) , D,  0.69,  0.69,  0.69,  0.69,  0.69,  0.69,  0.69,  0.69,  0.69,  0.69,  0.69,  0.69,  0.69,  0.69,  0.69,  0.69,  0.69,  0.69,  0.69,  0.69,  0.69,  0.69,  0.69,  0.69
GUACAICA , D,  0.80,  0.80,  0.80,  0.80,  0.80,  0.80,  0.80,  0.80,  0.80,  0.80,  0.80,  0.80,  0.80,  0.80,  0.80,  0.80,  0.80,  0.80,  0.80,  0.80,  0.80,  0.80,  0.80,  0.80
INTERMEDIA , D,  0.00,  0.00,  0.00,  0.00,  0.00,  0.00,  0.00,  0.00,  0.00,  0.00,  0.00,  0.00,  0.00,  0.00,  0.00,  0.00,  0.00,  0.00,  0.00,  0.00,  0.00,  0.00,  0.00,  0.00
SANCANCIO , D,  0.60,  0.60,  0.60,  0.60,  0.60,  0.60,  0.60,  0.60,  0.60,  0.60,  0.60,  0.60,  0.60,  0.60,  0.60,  0.60,  0.60,  0.60,  0.60,  0.60,  0.60,  0.60,  0.60,  0.60
NIQUIA , D,  13.00,  13.00,  13.00,  13.00,  13.00,  13.00,  13.00,  13.00,  13.00,  13.00,  13.00,  13.00,  13.00,  13.00,  13.00,  13.00,  13.00,  13.00,  13.00,  13.00,  13.00,  13.00,  13.00,  13.00
NUTIBARA , D,  0.00,  0.00,  0.00,  0.00,  0.00,  0.00,  0.00,  0.00,  0.00,  0.00,  0.00,  0.00,  0.00,  0.00,  0.00,  0.00,  0.00,  0.00,  0.00,  0.00,  0.00,  0.00,  0.00,  0.00
CASCADA , D,  1.80,  1.80,  1.80,  1.80,  1.80,  1.80,  1.80,  1.80,  1.80,  1.80,  1.80,  1.80,  1.80,  1.80,  1.80,  1.80,  1.80,  1.80,  1.80,  1.80,  1.80,  1.80,  1.80,  1.80
PALMASSANGIL , D,  9.00,  9.00,  9.00,  9.00,  9.00,  9.00,  9.00,  9.00,  9.00,  9.00,  9.00,  9.00,  9.00,  9.00,  9.00,  9.00,  9.00,  9.00,  9.00,  9.00,  9.00,  9.00,  9.00,  9.00
RIOGRANDE , D,  0.30,  0.30,  0.30,  0.30,  0.30,  0.30,  0.30,  0.30,  0.30,  0.30,  0.30,  0.30,  0.30,  0.30,  0.30,  0.30,  0.30,  0.30,  0.30,  0.30,  0.30,  0.30,  0.30,  0.30


AGENTE: EGECOL S.A. E.S.P.
PCHLALIBERTAD1 , D,  0.21,  0.21,  0.21,  0.21,  0.21,  0.21,  0.21,  0.21,  0.21,  0.21,  0.21,  0.21,  0.21,  0.21,  0.21,  0.21,  0.21,  0.21,  0.21,  0.21,  0.21,  0.21,  0.21,  0.21


AGENTE: ELECTROHUILA
IQUIRAI , D,  1.00,  2.00,  2.00,  2.00,  2.00,  2.00,  2.00,  2.00,  2.00,  2.00,  1.00,  2.00,  2.00,  2.00,  1.00,  2.00,  2.00,  2.00,  2.00,  2.00,  1.00,  2.00,  1.00,  2.00
IQUIRAII , D,  0.00,  0.00,  0.00,  0.00,  0.00,  0.00,  0.00,  0.00,  0.00,  0.00,  0.00,  0.00,  0.00,  0.00,  0.00,  0.00,  0.00,  0.00,  0.00,  0.00,  0.00,  0.00,  0.00,  0.00
LAPITA , D,  0.00,  0.00,  0.00,  0.00,  0.00,  0.00,  0.00,  0.00,  0.00,  0.00,  0.00,  0.00,  0.00,  0.00,  0.00,  0.00,  0.00,  0.00,  0.00,  0.00,  0.00,  0.00,  0.00,  0.00


AGENTE: EMEE(POPAYAN)
COCONUCO , D,  2.20,  2.20,  2.20,  2.20,  2.20,  2.20,  2.20,  2.20,  2.20,  2.20,  2.20,  2.20,  2.20,  2.20,  2.20,  2.20,  2.20,  2.20,  2.20,  2.20,  2.20,  2.20,  2.20,  2.20


AGENTE: EMGESA S.A.
BETANIA , P,  190000
BETANIA1 , D,  160,  160,  160,  160,  160,  160,  160,  160,  160,  160,  160,  160,  160,  160,  160,  160,  160,  160,  160,  160,  160,  160,  160,  160
BETANIA2 , D,  160,  160,  160,  160,  160,  160,  160,  160,  160,  160,  160,  160,  160,  160,  160,  160,  160,  160,  160,  160,  160,  160,  160,  160
BETANIA3 , D,  160,  160,  160,  160,  160,  160,  160,  160,  160,  160,  160,  160,  160,  160,  160,  160,  160,  160,  160,  160,  160,  160,  160,  160
BETANIA , MO,  60,  60,  60,  60,  60,  60,  60,  60,  60,  60,  60,  60,  60,  60,  60,  60,  60,  60,  60,  60,  60,  60,  60,  60
GUAVIO , P,  204000
GUAVIO1 , D,  0,  0,  0,  0,  0,  0,  0,  0,  0,  0,  0,  0,  0,  0,  0,  0,  0,  0,  0,  0,  0,  0,  0,  0
GUAVIO2 , D,  243,  243,  243,  243,  243,  243,  243,  243,  243,  243,  243,  243,  243,  243,  243,  243,  243,  243,  243,  243,  243,  243,  243,  243
GUAVIO3 , D,  243,  243,  243,  243,  243,  243,  243,  243,  243,  243,  243,  243,  243,  243,  243,  243,  243,  243,  243,  243,  243,  243,  243,  243
GUAVIO4 , D,  243,  243,  243,  243,  243,  243,  243,  243,  243,  243,  243,  243,  243,  243,  243,  243,  243,  243,  243,  243,  243,  243,  243,  243
GUAVIO5 , D,  243,  243,  243,  243,  243,  243,  243,  243,  243,  243,  243,  243,  243,  243,  243,  243,  243,  243,  243,  243,  243,  243,  243,  243
GUAVIO , AGCP,  0,  0,  0,  0,  0,  0,  0,  0,  0,  0,  0,  0,  0,  0,  0,  0,  0,  0,  0,  0,  0,  0,  0,  0
GUAVIO1 , AGCU,  0,  0,  0,  0,  0,  0,  0,  0,  0,  0,  0,  0,  0,  0,  0,  0,  0,  0,  0,  0,  0,  0,  0,  0
GUAVIO2 , AGCU,  183,  183,  183,  183,  183,  183,  183,  183,  183,  183,  183,  183,  183,  183,  183,  183,  183,  183,  183,  183,  183,  183,  183,  183
GUAVIO3 , AGCU,  183,  183,  183,  183,  183,  183,  183,  183,  183,  183,  183,  183,  183,  183,  183,  183,  183,  183,  183,  183,  183,  183,  183,  183
GUAVIO4 , AGCU,  183,  183,  183,  183,  183,  183,  183,  183,  183,  183,  183,  183,  183,  183,  183,  183,  183,  183,  183,  183,  183,  183,  183,  183
GUAVIO5 , AGCU,  183,  183,  183,  183,  183,  183,  183,  183,  183,  183,  183,  183,  183,  183,  183,  183,  183,  183,  183,  183,  183,  183,  183,  183
PAGUA , P,  176000
LAGUACA1 , D,  108,  108,  108,  108,  108,  108,  108,  108,  108,  108,  108,  108,  108,  108,  108,  108,  108,  108,  108,  108,  108,  108,  108,  108
LAGUACA2 , D,  40,  40,  40,  40,  40,  40,  40,  40,  40,  40,  40,  40,  40,  40,  40,  40,  40,  40,  40,  40,  40,  40,  40,  40
LAGUACA3 , D,  108,  108,  108,  108,  108,  108,  108,  108,  108,  108,  108,  108,  108,  108,  108,  108,  108,  108,  108,  108,  108,  108,  108,  108
PARAISO1 , D,  34,  34,  34,  34,  34,  34,  34,  34,  34,  34,  34,  34,  34,  34,  34,  34,  34,  34,  34,  34,  34,  34,  34,  34
PARAISO2 , D,  92,  92,  92,  92,  92,  92,  92,  92,  92,  92,  92,  92,  92,  92,  92,  92,  92,  92,  92,  92,  92,  92,  92,  92
PARAISO3 , D,  92,  92,  92,  92,  92,  92,  92,  92,  92,  92,  92,  92,  92,  92,  92,  92,  92,  92,  92,  92,  92,  92,  92,  92
PAGUA , AGCP,  0,  0,  0,  0,  0,  0,  0,  0,  0,  0,  0,  0,  0,  0,  0,  0,  0,  0,  0,  0,  0,  0,  0,  0
LAGUACA1 , AGCU,  68,  68,  68,  68,  68,  68,  68,  68,  68,  68,  68,  68,  68,  68,  68,  68,  68,  68,  68,  68,  68,  68,  68,  68
LAGUACA2 , AGCU,  0,  0,  0,  0,  0,  0,  0,  0,  0,  0,  0,  0,  0,  0,  0,  0,  0,  0,  0,  0,  0,  0,  0,  0
LAGUACA3 , AGCU,  68,  68,  68,  68,  68,  68,  68,  68,  68,  68,  68,  68,  68,  68,  68,  68,  68,  68,  68,  68,  68,  68,  68,  68
PARAISO1 , AGCU,  0,  0,  0,  0,  0,  0,  0,  0,  0,  0,  0,  0,  0,  0,  0,  0,  0,  0,  0,  0,  0,  0,  0,  0
PARAISO2 , AGCU,  58,  58,  58,  58,  58,  58,  58,  58,  58,  58,  58,  58,  58,  58,  58,  58,  58,  58,  58,  58,  58,  58,  58,  58
PARAISO3 , AGCU,  58,  58,  58,  58,  58,  58,  58,  58,  58,  58,  58,  58,  58,  58,  58,  58,  58,  58,  58,  58,  58,  58,  58,  58
LAGUACA2 , PRU,  15,  15,  15,  15,  15,  15,  15,  15,  15,  15,  15,  15,  15,  15,  15,  15,  15,  15,  15,  15,  15,  15,  15,  15
PARAISO1 , PRU,  15,  15,  15,  15,  15,  15,  15,  15,  15,  15,  15,  15,  15,  15,  15,  15,  15,  15,  15,  15,  15,  15,  15,  15
ELQUIMBO , P,  218000
ELQUIMBO1 , D,  170,  170,  170,  170,  170,  170,  170,  170,  170,  170,  170,  170,  170,  170,  170,  170,  170,  170,  170,  170,  170,  170,  170,  170
ELQUIMBO2 , D,  170,  170,  170,  170,  170,  170,  170,  170,  170,  170,  170,  170,  170,  170,  170,  170,  170,  170,  170,  170,  170,  170,  170,  170
ELQUIMBO , AGCP,  0,  0,  0,  0,  0,  0,  0,  0,  0,  0,  0,  0,  0,  0,  0,  0,  0,  0,  0,  0,  0,  0,  0,  0
ELQUIMBO1 , AGCU,  92,  92,  92,  92,  92,  92,  92,  92,  92,  92,  92,  92,  92,  92,  92,  92,  92,  92,  92,  92,  92,  92,  92,  92
ELQUIMBO2 , AGCU,  92,  92,  92,  92,  92,  92,  92,  92,  92,  92,  92,  92,  92,  92,  92,  92,  92,  92,  92,  92,  92,  92,  92,  92
ELQUIMBO , MO,  78,  78,  78,  78,  78,  78,  78,  78,  78,  78,  78,  78,  78,  78,  78,  78,  78,  78,  78,  78,  78,  78,  78,  78
DARIOVALENCIASAMPER , P,  80000
DARIOVALENCIASAMPER1 , D,  50,  50,  50,  50,  50,  50,  50,  50,  50,  50,  50,  50,  50,  50,  50,  50,  50,  50,  50,  50,  50,  50,  50,  50
DARIOVALENCIASAMPER2 , D,  50,  50,  50,  50,  50,  50,  50,  50,  50,  50,  50,  50,  50,  50,  50,  50,  50,  50,  50,  50,  50,  50,  50,  50
DARIOVALENCIASAMPER5 , D,  50,  50,  50,  50,  50,  50,  50,  50,  0,  0,  0,  50,  50,  50,  50,  50,  50,  50,  50,  50,  50,  50,  50,  50
SALTOII , P,  81000
SALTOII2 , D,  35,  35,  35,  35,  35,  35,  35,  35,  35,  35,  35,  35,  35,  35,  35,  35,  35,  35,  35,  35,  35,  35,  35,  35
ELPASOPANELES , D,  0,  0,  0,  0,  0,  0,  0,  17,  30,  38,  42,  44,  44,  41,  37,  29,  17,  3,  0,  0,  0,  0,  0,  0
ELPASOPANELES , PRU,  100,  100,  100,  100,  100,  100,  100,  100,  100,  100,  100,  100,  100,  100,  100,  100,  100,  100,  100,  100,  100,  100,  100,  100
ELPASOPANELES , INVD,  45,  45,  45,  45,  45,  45,  45,  45,  45,  45,  45,  45,  45,  45,  45,  45,  45,  45,  45,  45,  45,  45,  45,  45
CARTAGENA1 , P,  873328
CARTAGENA1 , PAP1, 54303468
CARTAGENA1 , PAP2, 54303468
CARTAGENA1 , PAPUSD1, 15877
CARTAGENA1 , PAPUSD2, 15877
CARTAGENA1 , D,  56,  56,  56,  56,  56,  56,  56,  56,  56,  56,  56,  56,  56,  56,  56,  56,  56,  56,  56,  56,  56,  56,  56,  56
CARTAGENA1 , CONF,  1
CARTAGENA1 , C,  COMBUSTOLEO
CARTAGENA2 , P,  841889
CARTAGENA2 , PAP1, 54317149
CARTAGENA2 , PAP2, 54317149
CARTAGENA2 , PAPUSD1, 15881
CARTAGENA2 , PAPUSD2, 15881
CARTAGENA2 , D,  62,  62,  62,  62,  62,  62,  62,  62,  62,  62,  62,  62,  62,  62,  62,  62,  62,  62,  62,  62,  62,  62,  62,  62
CARTAGENA2 , CONF,  1
CARTAGENA2 , C,  COMBUSTOLEO
CARTAGENA3 , P,  866289
CARTAGENA3 , PAP1, 54262425
CARTAGENA3 , PAP2, 54262425
CARTAGENA3 , PAPUSD1, 15865
CARTAGENA3 , PAPUSD2, 15865
CARTAGENA3 , D,  0,  0,  0,  0,  0,  0,  0,  0,  0,  0,  0,  0,  0,  0,  0,  0,  0,  0,  0,  0,  0,  0,  0,  0
CARTAGENA3 , CONF,  1
CARTAGENA3 , C,  COMBUSTOLEO
ZIPAEMG2 , P,  185888
ZIPAEMG2 , PAP1, 30775499
ZIPAEMG2 , PAPUSD1, 8998
ZIPAEMG2 , D,  35,  35,  35,  35,  35,  35,  35,  35,  35,  35,  35,  35,  35,  35,  35,  35,  35,  35,  35,  35,  35,  35,  35,  35
ZIPAEMG2 , CONF,  1
ZIPAEMG2 , C,  CARBON
ZIPAEMG3 , P,  197660
ZIPAEMG3 , PAP1, 47466368
ZIPAEMG3 , PAPUSD1, 13878
ZIPAEMG3 , D,  63,  63,  63,  63,  63,  63,  63,  63,  63,  63,  63,  63,  63,  63,  63,  63,  63,  63,  63,  63,  63,  63,  63,  63
ZIPAEMG3 , CONF,  1
ZIPAEMG3 , C,  CARBON
ZIPAEMG4 , P,  170463
ZIPAEMG4 , PAP1, 47466368
ZIPAEMG4 , PAPUSD1, 13878
ZIPAEMG4 , D,  64,  64,  64,  64,  64,  64,  64,  64,  64,  64,  64,  64,  64,  64,  64,  64,  64,  64,  64,  64,  64,  64,  64,  64
ZIPAEMG4 , CONF,  1
ZIPAEMG4 , C,  CARBON
ZIPAEMG5 , P,  172000
ZIPAEMG5 , PAP1, 47466368
ZIPAEMG5 , PAPUSD1, 13878
ZIPAEMG5 , D,  63,  63,  63,  63,  63,  63,  63,  63,  63,  63,  63,  63,  63,  63,  63,  63,  63,  63,  63,  63,  63,  63,  63,  63
ZIPAEMG5 , CONF,  1
ZIPAEMG5 , C,  CARBON
SANTAANA , D,  0.00,  0.00,  0.00,  0.00,  0.00,  0.00,  0.00,  0.00,  0.00,  0.00,  0.00,  0.00,  0.00,  0.00,  0.00,  0.00,  0.00,  0.00,  0.00,  0.00,  0.00,  0.00,  0.00,  0.00
SUBA , D,  2.10,  2.10,  2.10,  2.10,  2.10,  2.10,  2.10,  2.10,  2.10,  2.10,  2.10,  2.10,  2.10,  2.10,  2.10,  2.10,  2.10,  2.10,  2.10,  2.10,  2.10,  2.10,  2.10,  2.10
USAQUEN , D,  0.00,  0.00,  0.00,  0.00,  0.00,  0.00,  0.00,  0.00,  0.00,  0.00,  0.00,  0.00,  0.00,  0.00,  0.00,  0.00,  0.00,  0.00,  0.00,  0.00,  0.00,  0.00,  0.00,  0.00
LAGUNETA , D,  13.00,  13.00,  13.00,  13.00,  13.00,  13.00,  13.00,  12.00,  12.00,  12.00,  12.00,  12.00,  12.00,  12.00,  12.00,  12.00,  12.00,  13.00,  13.00,  13.00,  13.00,  13.00,  13.00,  13.00
GUAVIOMENOR , D,  5.00,  5.00,  5.00,  5.00,  5.00,  5.00,  5.00,  5.00,  5.00,  5.00,  5.00,  5.00,  5.00,  5.00,  5.00,  5.00,  5.00,  5.00,  5.00,  5.00,  5.00,  5.00,  5.00,  5.00
TEQUENDAMA1 , D,  11.00,  11.00,  11.00,  11.00,  11.00,  11.00,  11.00,  14.00,  14.00,  14.00,  14.00,  14.00,  14.00,  14.00,  14.00,  14.00,  14.00,  11.00,  11.00,  11.00,  11.00,  11.00,  11.00,  11.00
TEQUENDAMA2 , D,  11.00,  11.00,  11.00,  11.00,  11.00,  11.00,  11.00,  14.00,  14.00,  14.00,  14.00,  14.00,  14.00,  14.00,  14.00,  14.00,  14.00,  11.00,  11.00,  11.00,  11.00,  11.00,  11.00,  11.00
TEQUENDAMA3 , D,  11.00,  11.00,  11.00,  11.00,  11.00,  11.00,  11.00,  0.00,  0.00,  0.00,  0.00,  0.00,  0.00,  0.00,  0.00,  0.00,  0.00,  11.00,  11.00,  11.00,  11.00,  11.00,  11.00,  11.00
TEQUENDAMA4 , D,  11.00,  11.00,  11.00,  11.00,  11.00,  11.00,  11.00,  14.00,  14.00,  14.00,  14.00,  14.00,  14.00,  14.00,  14.00,  14.00,  14.00,  11.00,  11.00,  11.00,  11.00,  11.00,  11.00,  11.00
CHARQUITO , D,  13.00,  13.00,  13.00,  13.00,  13.00,  13.00,  13.00,  13.00,  13.00,  13.00,  11.00,  11.00,  11.00,  11.00,  11.00,  11.00,  11.00,  13.00,  13.00,  13.00,  13.00,  13.00,  13.00,  13.00
ELLIMONAR , D,  18.00,  18.00,  18.00,  18.00,  18.00,  18.00,  18.00,  18.00,  18.00,  18.00,  18.00,  18.00,  18.00,  18.00,  18.00,  18.00,  18.00,  18.00,  18.00,  18.00,  18.00,  18.00,  18.00,  18.00
RIONEGRO , D,  0.00,  0.00,  0.00,  0.00,  0.00,  0.00,  0.00,  0.00,  0.00,  0.00,  0.00,  0.00,  0.00,  0.00,  0.00,  0.00,  0.00,  0.00,  0.00,  0.00,  0.00,  0.00,  0.00,  0.00


AGENTE: EMSA(META)
AUTOGYAGUARITO , D,  0.44,  0.57,  0.65,  0.63,  0.46,  0.50,  0.46,  0.50,  0.50,  0.53,  0.50,  0.53,  0.49,  0.50,  0.47,  0.53,  0.53,  0.55,  0.63,  0.59,  0.56,  0.59,  0.50,  0.44
AUTOGCDSTM2500 , D,  0.00,  0.00,  0.00,  0.00,  0.00,  0.00,  0.00,  0.00,  0.00,  0.00,  0.00,  0.00,  0.00,  0.00,  0.00,  0.00,  0.00,  0.00,  0.00,  0.00,  0.00,  0.00,  0.00,  0.00


AGENTE: ENERCO 
PUENTEGUILLERMO1 , D,  1.00,  1.00,  1.00,  1.00,  1.00,  1.00,  1.00,  1.00,  1.00,  1.00,  1.00,  1.00,  1.00,  1.00,  1.00,  1.00,  1.00,  1.00,  1.00,  1.00,  1.00,  1.00,  1.00,  1.00
PUENTEGUILLERMO3 , D,  0.00,  0.00,  0.00,  0.00,  0.00,  0.00,  0.00,  0.00,  0.00,  0.00,  0.00,  0.00,  0.00,  0.00,  0.00,  0.00,  0.00,  0.00,  0.00,  0.00,  0.00,  0.00,  0.00,  0.00
CURRUCUCUES , D,  0.60,  0.60,  0.60,  0.60,  0.60,  0.60,  0.60,  0.60,  0.60,  0.60,  0.60,  0.60,  0.60,  0.60,  0.60,  0.60,  0.60,  0.60,  0.60,  0.60,  0.60,  0.60,  0.60,  0.60
AUTOGECOPETROLORITO , D,  1.00,  1.00,  1.00,  1.00,  1.00,  1.00,  1.00,  1.00,  1.00,  1.00,  1.00,  1.00,  1.00,  1.00,  1.00,  1.00,  1.00,  1.00,  1.00,  1.00,  1.00,  1.00,  1.00,  1.00


AGENTE: ENERGETICA
COELLO , D,  1.00,  1.00,  1.00,  1.00,  1.00,  1.00,  1.00,  1.00,  1.00,  1.00,  1.00,  1.00,  1.00,  1.00,  1.00,  1.00,  1.00,  1.00,  1.00,  1.00,  1.00,  1.00,  1.00,  1.00


AGENTE: ENERGIA DEL SUROESTE
MULATOSII1 , D,  4.00,  4.00,  4.00,  4.00,  4.00,  4.00,  4.00,  4.00,  4.00,  4.00,  4.00,  4.00,  4.00,  4.00,  4.00,  4.00,  4.00,  4.00,  4.00,  4.00,  4.00,  4.00,  4.00,  4.00


AGENTE: ENERGIA RIO PIEDRAS
AGUAFRESCA , D,  7.29,  7.29,  7.29,  7.29,  7.29,  7.29,  7.29,  7.29,  7.29,  7.29,  7.29,  7.29,  7.29,  7.29,  7.29,  7.29,  7.29,  7.29,  7.29,  7.29,  7.29,  7.29,  7.29,  7.29


AGENTE: ENREVSA E.S.P.
ELBOSQUE , D,  1.80,  1.80,  1.80,  1.80,  1.80,  1.80,  1.80,  1.80,  1.80,  1.80,  1.80,  1.80,  1.80,  1.80,  1.80,  1.80,  1.80,  1.80,  1.80,  1.80,  1.80,  1.80,  1.80,  1.80


AGENTE: ESPROD SAS ESP
PLANTASOLARBAYUNCAI1 , D,  0.00,  0.00,  0.00,  0.00,  0.00,  0.36,  1.27,  1.80,  1.98,  2.13,  1.93,  2.07,  1.89,  1.66,  1.42,  0.86,  0.14,  0.00,  0.00,  0.00,  0.00,  0.00,  0.00,  0.00
PLANTASOLARBAYUNCAI1 , INVD,  0.00,  0.00,  0.00,  0.00,  0.00,  1.00,  1.00,  2.00,  2.00,  2.00,  2.00,  2.00,  2.00,  2.00,  1.00,  1.00,  1.00,  0.00,  0.00,  0.00,  0.00,  0.00,  0.00,  0.00


AGENTE: GEC  
SANJOSE , D,  0.31,  0.31,  0.31,  0.31,  0.31,  0.31,  0.31,  0.31,  0.31,  0.31,  0.31,  0.31,  0.31,  0.31,  0.31,  0.31,  0.31,  0.31,  0.31,  0.31,  0.31,  0.31,  0.31,  0.31


AGENTE: GECELCA S.A. E.S.P
GUAJIRA1 , P,  305166
GUAJIRA1 , PAP1, 65651891
GUAJIRA1 , PAP2, 65651891
GUAJIRA1 , PAP3, 65651891
GUAJIRA1 , PAP4, 0
GUAJIRA1 , PAP5, 65651891
GUAJIRA1 , PAP6, 65651891
GUAJIRA1 , PAP7, 65651891
GUAJIRA1 , PAP8, 65651891
GUAJIRA1 , PAP9, 65651891
GUAJIRA1 , PAPUSD1, 19195
GUAJIRA1 , PAPUSD2, 19195
GUAJIRA1 , PAPUSD3, 19195
GUAJIRA1 , PAPUSD4, 0
GUAJIRA1 , PAPUSD5, 19195
GUAJIRA1 , PAPUSD6, 19195
GUAJIRA1 , PAPUSD7, 19195
GUAJIRA1 , PAPUSD8, 19195
GUAJIRA1 , PAPUSD9, 19195
GUAJIRA1 , D,  0,  0,  0,  0,  0,  0,  0,  0,  0,  0,  0,  0,  0,  0,  0,  0,  0,  0,  0,  0,  0,  0,  0,  0
GUAJIRA1 , CONF,  7
GUAJIRA1 , C,  MEZCLA GAS - CARBÓN
GUAJIRA2 , P,  296928
GUAJIRA2 , PAP1, 65651891
GUAJIRA2 , PAP2, 65651891
GUAJIRA2 , PAP3, 65651891
GUAJIRA2 , PAP4, 0
GUAJIRA2 , PAP5, 65651891
GUAJIRA2 , PAP6, 65651891
GUAJIRA2 , PAP7, 65651891
GUAJIRA2 , PAP8, 65651891
GUAJIRA2 , PAP9, 65651891
GUAJIRA2 , PAPUSD1, 19195
GUAJIRA2 , PAPUSD2, 19195
GUAJIRA2 , PAPUSD3, 19195
GUAJIRA2 , PAPUSD4, 0
GUAJIRA2 , PAPUSD5, 19195
GUAJIRA2 , PAPUSD6, 19195
GUAJIRA2 , PAPUSD7, 19195
GUAJIRA2 , PAPUSD8, 19195
GUAJIRA2 , PAPUSD9, 19195
GUAJIRA2 , D,  145,  145,  145,  145,  145,  145,  145,  145,  145,  145,  145,  145,  145,  145,  145,  145,  145,  145,  145,  145,  145,  145,  145,  145
GUAJIRA2 , CONF,  7
GUAJIRA2 , C,  MEZCLA GAS - CARBÓN
GECELCA3 , P,  185165
GECELCA3 , PAP1, 155016444
GECELCA3 , PAP2, 155016444
GECELCA3 , PAP3, 155016444
GECELCA3 , PAPUSD1, 45323
GECELCA3 , PAPUSD2, 45323
GECELCA3 , PAPUSD3, 45323
GECELCA3 , D,  164,  164,  164,  164,  164,  164,  164,  164,  164,  164,  164,  164,  164,  164,  164,  164,  164,  164,  164,  164,  164,  164,  164,  164
GECELCA3 , CONF,  1
GECELCA3 , C,  CARBON
GECELCA32 , P,  175282
GECELCA32 , PAP1, 133461965
GECELCA32 , PAP2, 133461965
GECELCA32 , PAPUSD1, 39021
GECELCA32 , PAPUSD2, 39021
GECELCA32 , D,  273,  273,  273,  273,  273,  273,  273,  273,  273,  273,  273,  273,  273,  273,  273,  273,  273,  273,  273,  273,  273,  273,  273,  273
GECELCA32 , CONF,  1
GECELCA32 , C,  CARBON


AGENTE: GENERADORA LUZMA
LUZMAI1 , D,  9.00,  9.00,  9.00,  9.00,  9.00,  9.00,  9.00,  9.00,  9.00,  9.00,  9.00,  9.00,  9.00,  9.00,  9.00,  9.00,  9.00,  9.00,  9.00,  9.00,  9.00,  9.00,  9.00,  9.00
LUZMAII1 , D,  8.70,  8.70,  8.70,  8.70,  8.70,  8.70,  8.70,  8.70,  8.70,  8.70,  8.70,  8.70,  8.70,  8.70,  8.70,  8.70,  8.70,  8.70,  8.70,  8.70,  8.70,  8.70,  8.70,  8.70
LUZMAII2 , D,  8.70,  8.70,  8.70,  8.70,  8.70,  8.70,  8.70,  8.70,  8.70,  8.70,  8.70,  8.70,  8.70,  8.70,  8.70,  8.70,  8.70,  8.70,  8.70,  8.70,  8.70,  8.70,  8.70,  8.70
LUZMAI2 , D,  9.00,  9.00,  9.00,  9.00,  9.00,  9.00,  9.00,  9.00,  9.00,  9.00,  9.00,  9.00,  9.00,  9.00,  9.00,  9.00,  9.00,  9.00,  9.00,  9.00,  9.00,  9.00,  9.00,  9.00


AGENTE: GENERAMOS ENERGIA
URRAO , D,  0.80,  0.80,  0.80,  0.80,  0.80,  0.80,  0.80,  0.80,  0.80,  0.80,  0.80,  0.80,  0.80,  0.80,  0.80,  0.80,  0.80,  0.80,  0.80,  0.80,  0.80,  0.80,  0.80,  0.80


AGENTE: GENERPUTUMAYO
SANFRANCISCO(PUTUMAYO) , D,  0.35,  0.35,  0.35,  0.35,  0.35,  0.35,  0.35,  0.35,  0.35,  0.35,  0.35,  0.35,  0.35,  0.35,  0.35,  0.35,  0.35,  0.35,  0.35,  0.35,  0.35,  0.35,  0.35,  0.35
LAFRISOLERA , D,  0.00,  0.00,  0.00,  0.00,  0.00,  0.00,  0.00,  0.00,  0.00,  0.00,  0.00,  0.00,  0.00,  0.00,  0.00,  0.00,  0.00,  0.00,  0.00,  0.00,  0.00,  0.00,  0.00,  0.00


AGENTE: GENERSA
TERMOBOLIVAR1 , D,  0.00,  0.00,  0.00,  0.00,  0.00,  0.00,  0.00,  0.00,  0.00,  0.00,  0.00,  0.00,  0.00,  0.00,  0.00,  0.00,  0.00,  0.00,  0.00,  0.00,  0.00,  0.00,  0.00,  0.00
TERMOCAPACHOS , D,  9.90,  9.90,  9.90,  9.90,  9.90,  9.90,  9.90,  9.90,  9.90,  9.90,  9.90,  9.90,  9.90,  9.90,  9.90,  9.90,  9.90,  9.90,  9.90,  9.90,  9.90,  9.90,  9.90,  9.90


AGENTE: GENMAS S.A. E.S.P.
SANJOSEDELAMONTAÑAII1 , D,  0.55,  0.55,  0.55,  0.55,  0.55,  0.55,  0.55,  0.55,  0.55,  0.55,  0.55,  0.55,  0.55,  0.55,  0.55,  0.55,  0.55,  0.55,  0.55,  0.55,  0.55,  0.55,  0.55,  0.55
JUANGARCIA1 , D,  0.85,  0.85,  0.85,  0.85,  0.85,  0.85,  0.85,  0.85,  0.85,  0.85,  0.85,  0.85,  0.85,  0.85,  0.85,  0.85,  0.85,  0.85,  0.85,  0.85,  0.85,  0.85,  0.85,  0.85
JUANGARCIA2 , D,  0.85,  0.85,  0.85,  0.85,  0.85,  0.85,  0.85,  0.85,  0.85,  0.85,  0.85,  0.85,  0.85,  0.85,  0.85,  0.85,  0.85,  0.85,  0.85,  0.85,  0.85,  0.85,  0.85,  0.85
LACASCADA(ABEJORRAL) , D,  0.85,  0.85,  0.85,  0.85,  0.85,  0.85,  0.85,  0.85,  0.85,  0.85,  0.85,  0.85,  0.85,  0.85,  0.85,  0.85,  0.85,  0.85,  0.85,  0.85,  0.85,  0.85,  0.85,  0.85
SANTARITA , D,  0.55,  0.55,  0.55,  0.55,  0.55,  0.55,  0.55,  0.55,  0.55,  0.55,  0.55,  0.55,  0.55,  0.55,  0.55,  0.55,  0.55,  0.55,  0.55,  0.55,  0.55,  0.55,  0.55,  0.55
SANJOSEDELAMONTAÑA , D,  0.00,  0.00,  0.00,  0.00,  0.00,  0.00,  0.00,  0.00,  0.00,  0.00,  0.00,  0.00,  0.00,  0.00,  0.00,  0.00,  0.00,  0.00,  0.00,  0.00,  0.00,  0.00,  0.00,  0.00


AGENTE: GENSA
PAIPA1 , P,  146548
PAIPA1 , PAP1, 5075666
PAIPA1 , PAPUSD1, 1484
PAIPA1 , D,  31,  31,  31,  31,  31,  31,  31,  31,  31,  31,  31,  31,  31,  31,  31,  31,  31,  31,  31,  31,  31,  31,  31,  31
PAIPA1 , CONF,  1
PAIPA1 , C,  CARBON
PAIPA2 , P,  143025
PAIPA2 , PAP1, 7979467
PAIPA2 , PAPUSD1, 2333
PAIPA2 , D,  72,  72,  72,  72,  72,  72,  72,  72,  72,  72,  72,  72,  72,  72,  72,  72,  72,  72,  72,  72,  72,  72,  72,  72
PAIPA2 , CONF,  1
PAIPA2 , C,  CARBON
PAIPA3 , P,  139737
PAIPA3 , PAP1, 7979467
PAIPA3 , PAPUSD1, 2333
PAIPA3 , D,  70,  70,  70,  70,  70,  70,  70,  70,  70,  70,  70,  70,  70,  70,  70,  70,  70,  70,  70,  70,  70,  70,  70,  70
PAIPA3 , CONF,  1
PAIPA3 , C,  CARBON


AGENTE: HIDRALPOR SAS ESP
CARLOSLLERAS , P,  69000
CARLOSLLERAS1 , D,  35,  35,  35,  35,  35,  35,  35,  35,  35,  35,  35,  35,  35,  35,  35,  35,  35,  35,  35,  35,  35,  35,  35,  35
CARLOSLLERAS2 , D,  35,  35,  35,  35,  35,  35,  35,  35,  35,  35,  35,  35,  35,  35,  35,  35,  35,  35,  35,  35,  35,  35,  35,  35
ESCUELADEMINAS , P,  69000
ESCUELADEMINAS1 , D,  19,  19,  19,  19,  19,  19,  19,  19,  19,  19,  19,  19,  19,  19,  19,  19,  19,  19,  19,  19,  19,  19,  19,  19
ESCUELADEMINAS2 , D,  18,  18,  18,  18,  18,  18,  18,  18,  18,  18,  18,  18,  18,  18,  18,  18,  18,  18,  18,  18,  18,  18,  18,  18
ESCUELADEMINAS3 , D,  18,  18,  18,  18,  18,  18,  18,  18,  18,  18,  18,  18,  18,  18,  18,  18,  18,  18,  18,  18,  18,  18,  18,  18


AGENTE: HIDROBARRANCAS
HIDROBARRANCAS1 , D,  3.10,  3.10,  3.10,  3.10,  3.10,  3.10,  3.10,  3.10,  3.10,  3.10,  3.10,  3.10,  3.10,  3.10,  3.10,  3.10,  3.10,  3.10,  3.10,  3.10,  3.10,  3.10,  3.10,  3.10


AGENTE: HZ ENERGY
LAREBUSCA , D,  0.66,  0.66,  0.66,  0.66,  0.66,  0.66,  0.66,  0.66,  0.66,  0.66,  0.66,  0.66,  0.66,  0.66,  0.66,  0.66,  0.66,  0.66,  0.66,  0.66,  0.66,  0.66,  0.66,  0.66
PROVIDENCIA , D,  4.90,  4.90,  4.90,  4.90,  4.90,  4.90,  4.90,  4.90,  4.90,  4.90,  4.90,  4.90,  4.90,  4.90,  4.90,  4.90,  4.90,  4.90,  4.90,  4.90,  4.90,  4.90,  4.90,  4.90
REMEDIOS , D,  0.60,  0.60,  0.60,  0.60,  0.60,  0.60,  0.60,  0.60,  0.60,  0.60,  0.60,  0.60,  0.60,  0.60,  0.60,  0.60,  0.60,  0.60,  0.60,  0.60,  0.60,  0.60,  0.60,  0.60
AMALFI , D,  0.65,  0.65,  0.65,  0.65,  0.65,  0.65,  0.65,  0.65,  0.65,  0.65,  0.65,  0.65,  0.65,  0.65,  0.65,  0.65,  0.65,  0.65,  0.65,  0.65,  0.65,  0.65,  0.65,  0.65


AGENTE: IAC ENERGY
LANAVETA , D,  4.00,  4.00,  4.00,  4.00,  4.00,  4.00,  4.00,  4.00,  4.00,  4.00,  4.00,  4.00,  4.00,  4.00,  4.00,  4.00,  4.00,  4.00,  4.00,  4.00,  4.00,  4.00,  4.00,  4.00


AGENTE: ISAGEN
JAGUAS , P,  230500
JAGUAS1 , D,  85,  85,  85,  85,  85,  85,  85,  85,  85,  85,  85,  85,  85,  85,  85,  85,  85,  85,  85,  85,  85,  85,  85,  85
JAGUAS2 , D,  85,  85,  85,  85,  85,  85,  85,  85,  85,  85,  85,  85,  85,  85,  85,  85,  85,  85,  85,  85,  85,  85,  85,  85
JAGUAS , AGCP,  140,  140,  140,  140,  140,  140,  140,  140,  140,  140,  140,  140,  140,  140,  140,  140,  140,  140,  140,  140,  140,  140,  140,  140
JAGUAS1 , AGCU,  70,  70,  70,  70,  70,  70,  70,  70,  70,  70,  70,  70,  70,  70,  70,  70,  70,  70,  70,  70,  70,  70,  70,  70
JAGUAS2 , AGCU,  70,  70,  70,  70,  70,  70,  70,  70,  70,  70,  70,  70,  70,  70,  70,  70,  70,  70,  70,  70,  70,  70,  70,  70
SANCARLOS , P,  199500
SANCARLOS1 , D,  155,  155,  155,  155,  155,  155,  155,  155,  155,  155,  155,  155,  155,  155,  155,  155,  155,  155,  155,  155,  155,  155,  155,  155
SANCARLOS2 , D,  155,  155,  155,  155,  155,  155,  155,  155,  155,  155,  155,  155,  155,  155,  155,  155,  155,  155,  155,  155,  155,  155,  155,  155
SANCARLOS3 , D,  155,  155,  155,  155,  155,  155,  155,  155,  155,  155,  155,  155,  155,  155,  155,  155,  155,  155,  155,  155,  155,  155,  155,  155
SANCARLOS4 , D,  155,  155,  155,  155,  155,  155,  155,  155,  155,  155,  155,  155,  155,  155,  155,  155,  155,  155,  155,  155,  155,  155,  155,  155
SANCARLOS5 , D,  155,  155,  155,  155,  155,  155,  155,  155,  155,  155,  155,  155,  155,  155,  155,  155,  155,  155,  155,  155,  155,  155,  155,  155
SANCARLOS6 , D,  155,  155,  155,  155,  155,  155,  155,  155,  155,  155,  155,  155,  155,  155,  155,  155,  155,  155,  155,  155,  155,  155,  155,  155
SANCARLOS7 , D,  155,  155,  155,  155,  155,  155,  155,  155,  155,  155,  155,  155,  155,  155,  155,  155,  155,  155,  155,  155,  155,  155,  155,  155
SANCARLOS8 , D,  155,  155,  155,  155,  155,  155,  155,  155,  155,  155,  155,  155,  155,  155,  155,  155,  155,  155,  155,  155,  155,  155,  155,  155
SANCARLOS , AGCP,  1040,  1040,  1040,  1040,  1040,  1040,  1040,  1040,  1040,  1040,  1040,  1040,  1040,  1040,  1040,  1040,  1040,  1040,  1040,  1040,  1040,  1040,  1040,  1040
SANCARLOS1 , AGCU,  130,  130,  130,  130,  130,  130,  130,  130,  130,  130,  130,  130,  130,  130,  130,  130,  130,  130,  130,  130,  130,  130,  130,  130
SANCARLOS2 , AGCU,  130,  130,  130,  130,  130,  130,  130,  130,  130,  130,  130,  130,  130,  130,  130,  130,  130,  130,  130,  130,  130,  130,  130,  130
SANCARLOS3 , AGCU,  130,  130,  130,  130,  130,  130,  130,  130,  130,  130,  130,  130,  130,  130,  130,  130,  130,  130,  130,  130,  130,  130,  130,  130
SANCARLOS4 , AGCU,  130,  130,  130,  130,  130,  130,  130,  130,  130,  130,  130,  130,  130,  130,  130,  130,  130,  130,  130,  130,  130,  130,  130,  130
SANCARLOS5 , AGCU,  130,  130,  130,  130,  130,  130,  130,  130,  130,  130,  130,  130,  130,  130,  130,  130,  130,  130,  130,  130,  130,  130,  130,  130
SANCARLOS6 , AGCU,  130,  130,  130,  130,  130,  130,  130,  130,  130,  130,  130,  130,  130,  130,  130,  130,  130,  130,  130,  130,  130,  130,  130,  130
SANCARLOS7 , AGCU,  130,  130,  130,  130,  130,  130,  130,  130,  130,  130,  130,  130,  130,  130,  130,  130,  130,  130,  130,  130,  130,  130,  130,  130
SANCARLOS8 , AGCU,  130,  130,  130,  130,  130,  130,  130,  130,  130,  130,  130,  130,  130,  130,  130,  130,  130,  130,  130,  130,  130,  130,  130,  130
MIELI , P,  70054
MIELI1 , D,  132,  132,  132,  132,  132,  132,  132,  132,  132,  132,  132,  132,  132,  132,  132,  132,  132,  132,  132,  132,  132,  132,  132,  132
MIELI2 , D,  132,  132,  132,  132,  132,  132,  132,  132,  132,  132,  132,  132,  132,  132,  132,  132,  132,  132,  132,  132,  132,  132,  132,  132
MIELI3 , D,  132,  132,  132,  132,  132,  132,  132,  132,  132,  132,  132,  132,  132,  132,  132,  132,  132,  132,  132,  132,  132,  132,  132,  132
MIELI , AGCP,  234,  234,  234,  234,  234,  234,  234,  234,  234,  234,  234,  234,  234,  234,  234,  234,  234,  234,  234,  234,  234,  234,  234,  234
MIELI1 , AGCU,  78,  78,  78,  78,  78,  78,  78,  78,  78,  78,  78,  78,  78,  78,  78,  78,  78,  78,  78,  78,  78,  78,  78,  78
MIELI2 , AGCU,  78,  78,  78,  78,  78,  78,  78,  78,  78,  78,  78,  78,  78,  78,  78,  78,  78,  78,  78,  78,  78,  78,  78,  78
MIELI3 , AGCU,  78,  78,  78,  78,  78,  78,  78,  78,  78,  78,  78,  78,  78,  78,  78,  78,  78,  78,  78,  78,  78,  78,  78,  78
MIELI , MO,  33,  33,  33,  33,  33,  33,  33,  33,  33,  33,  33,  33,  33,  33,  33,  33,  33,  33,  33,  33,  33,  33,  33,  33
AMOYALAESPERANZA , P,  74693
AMOYALAESPERANZA1 , D,  38,  38,  38,  38,  38,  38,  38,  38,  38,  38,  38,  38,  38,  38,  38,  38,  38,  38,  38,  38,  38,  38,  38,  38
AMOYALAESPERANZA2 , D,  37,  37,  37,  37,  37,  37,  37,  37,  37,  37,  37,  37,  37,  37,  37,  37,  37,  37,  37,  37,  37,  37,  37,  37
SOGAMOSO , P,  70054
SOGAMOSO1 , D,  273,  273,  273,  273,  273,  273,  273,  273,  273,  273,  273,  273,  273,  273,  273,  273,  273,  273,  273,  273,  273,  273,  273,  273
SOGAMOSO2 , D,  273,  273,  273,  273,  273,  273,  273,  273,  273,  273,  273,  273,  273,  273,  273,  273,  273,  273,  273,  273,  273,  273,  273,  273
SOGAMOSO3 , D,  273,  273,  273,  273,  273,  273,  273,  273,  273,  273,  273,  273,  273,  273,  273,  273,  273,  273,  273,  273,  273,  273,  273,  273
SOGAMOSO , AGCP,  459,  459,  459,  459,  459,  459,  459,  459,  459,  459,  459,  459,  459,  459,  459,  459,  459,  459,  459,  459,  459,  459,  459,  459
SOGAMOSO1 , AGCU,  153,  153,  153,  153,  153,  153,  153,  153,  153,  153,  153,  153,  153,  153,  153,  153,  153,  153,  153,  153,  153,  153,  153,  153
SOGAMOSO2 , AGCU,  153,  153,  153,  153,  153,  153,  153,  153,  153,  153,  153,  153,  153,  153,  153,  153,  153,  153,  153,  153,  153,  153,  153,  153
SOGAMOSO3 , AGCU,  153,  153,  153,  153,  153,  153,  153,  153,  153,  153,  153,  153,  153,  153,  153,  153,  153,  153,  153,  153,  153,  153,  153,  153
SOGAMOSO , MO,  120,  120,  120,  120,  120,  120,  120,  120,  120,  120,  120,  120,  120,  120,  120,  120,  120,  120,  120,  120,  120,  120,  120,  120
TERMOCENTROCC , P,  540035
TERMOCENTROCC , PAP4, 107816856
TERMOCENTROCC , PAP5, 106619765
TERMOCENTROCC , PAPUSD4, 31523
TERMOCENTROCC , PAPUSD5, 31173
TERMOCENTRO1 , D,  90,  90,  90,  90,  90,  90,  90,  90,  90,  90,  90,  90,  90,  90,  90,  90,  90,  90,  90,  90,  90,  90,  90,  90
TERMOCENTRO3 , D,  44,  44,  44,  44,  44,  44,  44,  44,  44,  44,  44,  44,  44,  44,  44,  44,  44,  44,  44,  44,  44,  44,  44,  44
TERMOCENTROCC , CONF,  4
TERMOCENTROCC , C,  GAS
CALDERAS1 , D,  5.00,  5.00,  5.00,  5.00,  5.00,  5.00,  7.00,  7.00,  7.00,  7.00,  3.00,  3.00,  3.00,  3.00,  3.00,  3.00,  3.00,  8.00,  8.00,  8.00,  8.00,  3.00,  3.00,  3.00
CALDERAS2 , D,  5.00,  5.00,  5.00,  5.00,  5.00,  5.00,  7.00,  7.00,  7.00,  7.00,  3.00,  3.00,  3.00,  3.00,  3.00,  3.00,  3.00,  8.00,  8.00,  8.00,  8.00,  3.00,  3.00,  3.00


AGENTE: MULCALARCA
BAYONA , D,  0.35,  0.35,  0.35,  0.35,  0.35,  0.35,  0.35,  0.35,  0.35,  0.35,  0.35,  0.35,  0.30,  0.35,  0.35,  0.35,  0.35,  0.35,  0.35,  0.35,  0.35,  0.35,  0.35,  0.35
CAMPESTRE(CALARCA) , D,  0.70,  0.70,  0.70,  0.70,  0.70,  0.70,  0.70,  0.70,  0.70,  0.70,  0.70,  0.70,  0.70,  0.70,  0.70,  0.70,  0.70,  0.70,  0.70,  0.70,  0.70,  0.70,  0.70,  0.70
UNION , D,  0.65,  0.65,  0.65,  0.65,  0.65,  0.65,  0.65,  0.65,  0.65,  0.65,  0.65,  0.65,  0.65,  0.65,  0.65,  0.65,  0.65,  0.65,  0.65,  0.65,  0.65,  0.65,  0.65,  0.65


AGENTE: NITRO ENERGY
INCAUCA1 , D,  6.80,  6.80,  6.80,  6.80,  6.80,  6.80,  6.80,  6.80,  6.80,  6.80,  6.80,  6.80,  6.80,  6.80,  6.80,  6.80,  6.80,  6.80,  6.80,  6.80,  6.80,  6.80,  6.80,  6.80
INGENIOPROVIDENCIA2 , D,  16.36,  16.36,  16.36,  16.36,  16.36,  16.36,  16.36,  16.36,  16.36,  16.36,  16.36,  16.36,  16.36,  16.36,  16.36,  16.36,  16.36,  16.36,  16.36,  16.36,  16.36,  16.36,  16.36,  16.36


AGENTE: PCH ALEJANDRÍA
ALEJANDRÍA , D,  8.00,  8.00,  8.00,  8.00,  8.00,  8.00,  8.00,  8.00,  8.00,  8.00,  8.00,  8.00,  8.00,  8.00,  8.00,  8.00,  8.00,  8.00,  8.00,  8.00,  8.00,  8.00,  8.00,  8.00


AGENTE: PROELECTRICA
PROELECTRICA , P,  368169
PROELECTRICA , PAP1, 32307776
PROELECTRICA , PAPUSD1, 9446
PROELECTRICA1 , D,  45,  45,  45,  45,  45,  45,  45,  45,  44,  44,  44,  44,  44,  44,  44,  44,  44,  44,  44,  45,  45,  45,  45,  45
PROELECTRICA2 , D,  45,  45,  45,  45,  45,  45,  45,  45,  45,  45,  45,  45,  45,  45,  45,  45,  45,  45,  45,  45,  45,  45,  45,  45
PROELECTRICA , CONF,  1
PROELECTRICA , C,  GAS


AGENTE: PROENCA 
COGENERADORPROENCA , D,  15.00,  15.00,  15.00,  15.00,  15.00,  15.00,  15.00,  15.00,  15.00,  15.00,  15.00,  15.00,  15.00,  15.00,  15.00,  15.00,  15.00,  15.00,  15.00,  15.00,  15.00,  15.00,  15.00,  15.00
PROENCAII , D,  15.00,  15.00,  15.00,  15.00,  15.00,  15.00,  15.00,  15.00,  15.00,  15.00,  15.00,  15.00,  15.00,  15.00,  15.00,  15.00,  15.00,  15.00,  15.00,  15.00,  15.00,  15.00,  15.00,  15.00


AGENTE: RIOEN SAS  E.S.P.
CENTRALCASTILLA1 , D,  3.00,  3.00,  3.00,  3.00,  3.00,  3.00,  3.00,  3.00,  3.00,  3.00,  3.00,  3.00,  3.00,  3.00,  3.00,  3.00,  3.00,  3.00,  3.00,  3.00,  3.00,  3.00,  3.00,  3.00
INGENIORIOPAILA1 , D,  16.00,  16.00,  16.00,  16.00,  16.00,  16.00,  16.00,  16.00,  16.00,  16.00,  16.00,  16.00,  16.00,  16.00,  16.00,  16.00,  16.00,  16.00,  16.00,  16.00,  16.00,  16.00,  16.00,  16.00


AGENTE: RISARALDA ENERGIA
MORROAZUL , D,  13.30,  13.30,  13.30,  13.30,  13.30,  13.30,  13.30,  13.30,  13.30,  13.30,  13.30,  13.30,  13.30,  13.30,  13.30,  13.30,  13.30,  13.30,  13.30,  13.30,  13.30,  13.30,  13.30,  13.30


AGENTE: TEBSA S.A. (E.S.P.)
TEBSABCC , P,  397320
TEBSABCC , PAP1, 207404566
TEBSABCC , PAP2, 123361938
TEBSABCC , PAP3, 84042629
TEBSABCC , PAP4, 0
TEBSABCC , PAP5, 168088678
TEBSABCC , PAP6, 84042629
TEBSABCC , PAP7, 39315889
TEBSABCC , PAP8, 168088678
TEBSABCC , PAP9, 84042629
TEBSABCC , PAP10, 39315889
TEBSABCC , PAP11, 201993715
TEBSABCC , PAP12, 117947666
TEBSABCC , PAP13, 78631777
TEBSABCC , PAP14, 39315889
TEBSABCC , PAP15, 162677826
TEBSABCC , PAP16, 78631777
TEBSABCC , PAP17, 39315889
TEBSABCC , PAP18, 162677826
TEBSABCC , PAP19, 78631777
TEBSABCC , PAP20, 39315889
TEBSABCC , PAP21, 196579444
TEBSABCC , PAP22, 117947666
TEBSABCC , PAP23, 78631777
TEBSABCC , PAP24, 39315889
TEBSABCC , PAP25, 123361938
TEBSABCC , PAP26, 39315889
TEBSABCC , PAP27, 123361938
TEBSABCC , PAP28, 39315889
TEBSABCC , PAP29, 123361938
TEBSABCC , PAP30, 39315889
TEBSABCC , PAP31, 157263555
TEBSABCC , PAP32, 78631777
TEBSABCC , PAP33, 39315889
TEBSABCC , PAP34, 157263555
TEBSABCC , PAP35, 78631777
TEBSABCC , PAP36, 39315889
TEBSABCC , PAP37, 84042629
TEBSABCC , PAP38, 84042629
TEBSABCC , PAP39, 84042629
TEBSABCC , PAP40, 117947666
TEBSABCC , PAP41, 39315889
TEBSABCC , PAP42, 117947666
TEBSABCC , PAP43, 39315889
TEBSABCC , PAP44, 117947666
TEBSABCC , PAP45, 39315889
TEBSABCC , PAP46, 78631777
TEBSABCC , PAP47, 78631777
TEBSABCC , PAP48, 78631777
TEBSABCC , PAPUSD1, 60640
TEBSABCC , PAPUSD2, 36068
TEBSABCC , PAPUSD3, 24572
TEBSABCC , PAPUSD4, 0
TEBSABCC , PAPUSD5, 49145
TEBSABCC , PAPUSD6, 24572
TEBSABCC , PAPUSD7, 11495
TEBSABCC , PAPUSD8, 49145
TEBSABCC , PAPUSD9, 24572
TEBSABCC , PAPUSD10, 11495
TEBSABCC , PAPUSD11, 59058
TEBSABCC , PAPUSD12, 34485
TEBSABCC , PAPUSD13, 22990
TEBSABCC , PAPUSD14, 11495
TEBSABCC , PAPUSD15, 47563
TEBSABCC , PAPUSD16, 22990
TEBSABCC , PAPUSD17, 11495
TEBSABCC , PAPUSD18, 47563
TEBSABCC , PAPUSD19, 22990
TEBSABCC , PAPUSD20, 11495
TEBSABCC , PAPUSD21, 57475
TEBSABCC , PAPUSD22, 34485
TEBSABCC , PAPUSD23, 22990
TEBSABCC , PAPUSD24, 11495
TEBSABCC , PAPUSD25, 36068
TEBSABCC , PAPUSD26, 11495
TEBSABCC , PAPUSD27, 36068
TEBSABCC , PAPUSD28, 11495
TEBSABCC , PAPUSD29, 36068
TEBSABCC , PAPUSD30, 11495
TEBSABCC , PAPUSD31, 45980
TEBSABCC , PAPUSD32, 22990
TEBSABCC , PAPUSD33, 11495
TEBSABCC , PAPUSD34, 45980
TEBSABCC , PAPUSD35, 22990
TEBSABCC , PAPUSD36, 11495
TEBSABCC , PAPUSD37, 24572
TEBSABCC , PAPUSD38, 24572
TEBSABCC , PAPUSD39, 24572
TEBSABCC , PAPUSD40, 34485
TEBSABCC , PAPUSD41, 11495
TEBSABCC , PAPUSD42, 34485
TEBSABCC , PAPUSD43, 11495
TEBSABCC , PAPUSD44, 34485
TEBSABCC , PAPUSD45, 11495
TEBSABCC , PAPUSD46, 22990
TEBSABCC , PAPUSD47, 22990
TEBSABCC , PAPUSD48, 22990
TEBSA11 , D,  92,  92,  92,  92,  92,  92,  92,  92,  92,  92,  92,  92,  92,  92,  92,  92,  92,  92,  92,  92,  92,  92,  92,  92
TEBSA12 , D,  92,  92,  92,  92,  92,  92,  92,  92,  92,  92,  92,  92,  92,  92,  92,  92,  92,  92,  92,  92,  92,  92,  92,  92
TEBSA13 , D,  92,  92,  92,  92,  92,  92,  92,  92,  92,  92,  92,  92,  92,  92,  92,  92,  92,  92,  92,  92,  92,  92,  92,  92
TEBSA14 , D,  166,  166,  166,  166,  166,  166,  166,  166,  166,  166,  166,  166,  166,  166,  166,  166,  166,  166,  166,  166,  166,  166,  166,  166
TEBSA21 , D,  92,  92,  92,  92,  92,  92,  92,  92,  92,  92,  92,  92,  92,  92,  92,  92,  92,  92,  92,  92,  92,  92,  92,  92
TEBSA22 , D,  92,  92,  92,  92,  92,  92,  92,  92,  92,  92,  92,  92,  92,  92,  92,  92,  92,  92,  92,  92,  92,  92,  92,  92
TEBSA24 , D,  165,  165,  165,  165,  165,  165,  165,  165,  165,  165,  165,  165,  165,  165,  165,  165,  165,  165,  165,  165,  165,  165,  165,  165
TEBSABCC , CONF,  4
TEBSABCC , C,  GAS
BARRANQUILLA3 , P,  614450
BARRANQUILLA3 , PAP1, 55226938
BARRANQUILLA3 , PAP2, 55226938
BARRANQUILLA3 , PAP3, 55226938
BARRANQUILLA3 , PAPUSD1, 16147
BARRANQUILLA3 , PAPUSD2, 16147
BARRANQUILLA3 , PAPUSD3, 16147
BARRANQUILLA3 , D,  60,  60,  60,  60,  60,  60,  60,  60,  60,  60,  60,  60,  60,  60,  60,  60,  60,  60,  60,  60,  60,  60,  60,  60
BARRANQUILLA3 , CONF,  1
BARRANQUILLA3 , C,  GAS
BARRANQUILLA4 , P,  610940
BARRANQUILLA4 , PAP1, 55226938
BARRANQUILLA4 , PAP2, 55226938
BARRANQUILLA4 , PAP3, 55226938
BARRANQUILLA4 , PAPUSD1, 16147
BARRANQUILLA4 , PAPUSD2, 16147
BARRANQUILLA4 , PAPUSD3, 16147
BARRANQUILLA4 , D,  60,  60,  60,  60,  60,  60,  60,  60,  60,  60,  60,  60,  60,  60,  60,  60,  60,  60,  60,  60,  60,  60,  60,  60
BARRANQUILLA4 , CONF,  1
BARRANQUILLA4 , C,  GAS


AGENTE: TERMO MECHERO
TERMOMECHERO4 , D,  19.30,  19.30,  19.30,  19.30,  19.30,  19.30,  19.30,  19.30,  19.30,  19.30,  19.30,  19.30,  19.30,  19.30,  19.30,  19.30,  19.30,  19.30,  19.30,  19.30,  19.30,  19.30,  19.30,  19.30
TERMOMECHERO5 , D,  19.30,  19.30,  19.30,  19.30,  19.30,  19.30,  19.30,  19.30,  19.30,  19.30,  19.30,  19.30,  19.30,  19.30,  19.30,  19.30,  19.30,  19.30,  19.30,  19.30,  19.30,  19.30,  19.30,  19.30
TERMOMECHERO6 , D,  19.30,  19.30,  19.30,  19.30,  19.30,  19.30,  19.30,  19.30,  19.30,  19.30,  19.30,  19.30,  19.30,  19.30,  19.30,  19.30,  19.30,  19.30,  19.30,  19.30,  19.30,  19.30,  19.30,  19.30


AGENTE: TERMOCANDELARIA
TERMOCANDELARIA1 , P,  578515
TERMOCANDELARIA1 , PAP1, 78135840
TERMOCANDELARIA1 , PAP2, 78135840
TERMOCANDELARIA1 , PAP3, 78135840
TERMOCANDELARIA1 , PAP4, 78135840
TERMOCANDELARIA1 , PAPUSD1, 22845
TERMOCANDELARIA1 , PAPUSD2, 22845
TERMOCANDELARIA1 , PAPUSD3, 22845
TERMOCANDELARIA1 , PAPUSD4, 22845
TERMOCANDELARIA1 , D,  157,  157,  157,  157,  157,  157,  157,  157,  157,  157,  157,  157,  157,  157,  157,  157,  157,  157,  157,  157,  157,  157,  157,  157
TERMOCANDELARIA1 , CONF,  1
TERMOCANDELARIA1 , C,  GAS
TERMOCANDELARIA2 , P,  578043
TERMOCANDELARIA2 , PAP1, 78135840
TERMOCANDELARIA2 , PAP2, 78135840
TERMOCANDELARIA2 , PAP3, 78135840
TERMOCANDELARIA2 , PAP4, 78135840
TERMOCANDELARIA2 , PAPUSD1, 22845
TERMOCANDELARIA2 , PAPUSD2, 22845
TERMOCANDELARIA2 , PAPUSD3, 22845
TERMOCANDELARIA2 , PAPUSD4, 22845
TERMOCANDELARIA2 , D,  157,  157,  157,  157,  157,  157,  157,  157,  157,  157,  157,  157,  157,  157,  157,  157,  157,  157,  157,  157,  157,  157,  157,  157
TERMOCANDELARIA2 , CONF,  1
TERMOCANDELARIA2 , C,  GAS


AGENTE: TERMOEMCALI
TERMOEMCALICC , P,  788974
TERMOEMCALICC , PAP1, 143459385
TERMOEMCALICC , PAP2, 231633688
TERMOEMCALICC , PAPUSD1, 41944
TERMOEMCALICC , PAPUSD2, 67724
TERMOEMCALI1GAS , D,  138,  138,  138,  138,  138,  138,  138,  138,  138,  138,  138,  138,  138,  138,  138,  138,  138,  138,  138,  138,  138,  138,  138,  138
TERMOEMCALI1VAPOR , D,  75,  75,  75,  75,  75,  75,  75,  75,  75,  75,  75,  75,  75,  75,  75,  75,  75,  75,  75,  75,  75,  75,  75,  75
TERMOEMCALICC , CONF,  2
TERMOEMCALICC , C,  ACPM


AGENTE: TERMOFLORES
FLORESICC , P,  419998
FLORESICC , PAP1, 61913547
FLORESICC , PAP2, 61913547
FLORESICC , PAP3, 61913547
FLORESICC , PAPUSD1, 18102
FLORESICC , PAPUSD2, 18102
FLORESICC , PAPUSD3, 18102
FLORES1GAS , D,  116,  116,  116,  116,  116,  116,  116,  116,  116,  116,  116,  116,  116,  116,  116,  116,  116,  116,  116,  116,  116,  116,  116,  116
FLORES1VAPOR , D,  44,  44,  44,  44,  44,  44,  44,  44,  44,  44,  44,  44,  44,  44,  44,  44,  44,  44,  44,  44,  44,  44,  44,  44
FLORESICC , CONF,  1
FLORESICC , C,  GAS
FLORES4CC , P,  339998
FLORES4CC , PAP1, 113005390
FLORES4CC , PAP2, 113005390
FLORES4CC , PAP3, 113005390
FLORES4CC , PAP8, 51816939
FLORES4CC , PAP9, 61185031
FLORES4CC , PAP10, 61185031
FLORES4CC , PAP11, 61185031
FLORES4CC , PAPUSD1, 33040
FLORES4CC , PAPUSD2, 33040
FLORES4CC , PAPUSD3, 33040
FLORES4CC , PAPUSD8, 15150
FLORES4CC , PAPUSD9, 17889
FLORES4CC , PAPUSD10, 17889
FLORES4CC , PAPUSD11, 17889
FLORES2 , D,  120,  120,  120,  120,  120,  120,  120,  120,  120,  120,  120,  120,  120,  120,  120,  120,  120,  120,  120,  120,  120,  120,  120,  120
FLORES3 , D,  169,  169,  169,  169,  169,  169,  169,  169,  169,  169,  169,  169,  169,  169,  169,  169,  169,  169,  169,  169,  169,  169,  169,  169
FLORES4 , D,  161,  161,  161,  161,  161,  161,  161,  161,  161,  161,  161,  161,  161,  161,  161,  161,  161,  161,  161,  161,  161,  161,  161,  161
FLORES4CC , CONF,  1
FLORES4CC , C,  GAS


AGENTE: TERMONORTE
TERMONORTE , P,  610000
TERMONORTE , PAP1, 126412810
TERMONORTE , PAP2, 77653583
TERMONORTE , PAP3, 38375317
TERMONORTE , PAP4, 116357245
TERMONORTE , PAP5, 71476593
TERMONORTE , PAP6, 35324445
TERMONORTE , PAP7, 103428662
TERMONORTE , PAP8, 63534750
TERMONORTE , PAP9, 31397987
TERMONORTE , PAP10, 90500080
TERMONORTE , PAP11, 55592906
TERMONORTE , PAP12, 27474949
TERMONORTE , PAP13, 77571497
TERMONORTE , PAP14, 47651062
TERMONORTE , PAP15, 23548490
TERMONORTE , PAP16, 64642914
TERMONORTE , PAP17, 39709219
TERMONORTE , PAP18, 19625452
TERMONORTE , PAP19, 51714331
TERMONORTE , PAP20, 31767375
TERMONORTE , PAP21, 15698993
TERMONORTE , PAP22, 38785748
TERMONORTE , PAP23, 23825531
TERMONORTE , PAP24, 11775955
TERMONORTE , PAPUSD1, 36960
TERMONORTE , PAPUSD2, 22704
TERMONORTE , PAPUSD3, 11220
TERMONORTE , PAPUSD4, 34020
TERMONORTE , PAPUSD5, 20898
TERMONORTE , PAPUSD6, 10328
TERMONORTE , PAPUSD7, 30240
TERMONORTE , PAPUSD8, 18576
TERMONORTE , PAPUSD9, 9180
TERMONORTE , PAPUSD10, 26460
TERMONORTE , PAPUSD11, 16254
TERMONORTE , PAPUSD12, 8033
TERMONORTE , PAPUSD13, 22680
TERMONORTE , PAPUSD14, 13932
TERMONORTE , PAPUSD15, 6885
TERMONORTE , PAPUSD16, 18900
TERMONORTE , PAPUSD17, 11610
TERMONORTE , PAPUSD18, 5738
TERMONORTE , PAPUSD19, 15120
TERMONORTE , PAPUSD20, 9288
TERMONORTE , PAPUSD21, 4590
TERMONORTE , PAPUSD22, 11340
TERMONORTE , PAPUSD23, 6966
TERMONORTE , PAPUSD24, 3443
TERMONORTE1 , D,  8,  8,  8,  8,  8,  8,  8,  8,  8,  8,  8,  8,  8,  8,  8,  8,  8,  8,  8,  8,  8,  8,  8,  8
TERMONORTE2 , D,  8,  8,  8,  8,  8,  8,  8,  8,  8,  8,  8,  8,  8,  8,  8,  8,  8,  8,  8,  8,  8,  8,  8,  8
TERMONORTE3 , D,  8,  8,  8,  8,  8,  8,  8,  8,  8,  8,  8,  8,  8,  8,  8,  8,  8,  8,  8,  8,  8,  8,  8,  8
TERMONORTE4 , D,  8,  8,  8,  8,  8,  8,  8,  8,  8,  8,  8,  8,  8,  8,  8,  8,  8,  8,  8,  8,  8,  8,  8,  8
TERMONORTE5 , D,  8,  8,  8,  8,  8,  8,  8,  8,  8,  8,  8,  8,  8,  8,  8,  8,  8,  8,  8,  8,  8,  8,  8,  8
TERMONORTE6 , D,  8,  8,  8,  8,  8,  8,  8,  8,  8,  8,  8,  8,  8,  8,  8,  8,  8,  8,  8,  8,  8,  8,  8,  8
TERMONORTE7 , D,  8,  8,  8,  8,  8,  8,  8,  8,  8,  8,  8,  8,  8,  8,  8,  8,  8,  8,  8,  8,  8,  8,  8,  8
TERMONORTE8 , D,  8,  8,  8,  8,  8,  8,  8,  8,  8,  8,  8,  8,  8,  8,  8,  8,  8,  8,  8,  8,  8,  8,  8,  8
TERMONORTE9 , D,  8,  8,  8,  8,  8,  8,  8,  8,  8,  8,  8,  8,  8,  8,  8,  8,  8,  8,  8,  8,  8,  8,  8,  8
TERMONORTE10 , D,  8,  8,  8,  8,  8,  8,  8,  8,  8,  8,  8,  8,  8,  8,  8,  8,  8,  8,  8,  8,  8,  8,  8,  8
TERMONORTE , CONF,  1
TERMONORTE , C,  ACPM


AGENTE: TERMOPIEDRAS S.A.
TERMOPIEDRAS , D,  3.75,  3.75,  3.75,  3.75,  3.75,  3.75,  3.75,  3.75,  3.75,  3.75,  3.75,  3.75,  3.75,  3.75,  3.75,  3.75,  3.75,  3.75,  3.75,  3.75,  3.75,  3.75,  3.75,  3.75
AUTOGTURGAS , D,  3.50,  3.50,  3.50,  3.50,  3.50,  3.50,  3.50,  3.50,  3.50,  3.50,  3.50,  3.50,  3.50,  3.50,  3.50,  3.50,  3.50,  3.50,  3.50,  3.50,  3.50,  3.50,  3.50,  3.50


AGENTE: TERMOTASAJERO
TASAJERO1 , P,  137980
TASAJERO1 , PAP1, 49214121
TASAJERO1 , PAP2, 49214121
TASAJERO1 , PAP3, 49214121
TASAJERO1 , PAPUSD1, 14389
TASAJERO1 , PAPUSD2, 14389
TASAJERO1 , PAPUSD3, 14389
TASAJERO1 , D,  163,  163,  163,  163,  163,  163,  163,  163,  163,  163,  163,  163,  163,  163,  163,  163,  163,  163,  163,  163,  163,  163,  163,  163
TASAJERO1 , CONF,  1
TASAJERO1 , C,  CARBON


AGENTE: TERMOTASAJERO DOS
TASAJERO2 , P,  133980
TASAJERO2 , PAP1, 49450119
TASAJERO2 , PAP2, 49450119
TASAJERO2 , PAPUSD1, 14458
TASAJERO2 , PAPUSD2, 14458
TASAJERO2 , D,  170,  170,  170,  170,  170,  170,  170,  170,  170,  170,  170,  170,  170,  170,  170,  170,  170,  170,  170,  170,  170,  170,  170,  170
TASAJERO2 , CONF,  1
TASAJERO2 , C,  CARBON


AGENTE: TERMOVALLE
TERMOVALLECC , P,  690000
TERMOVALLECC , PAP1, 82086240
TERMOVALLECC , PAP2, 82086240
TERMOVALLECC , PAP3, 82086240
TERMOVALLECC , PAP4, 229157420
TERMOVALLECC , PAP5, 229157420
TERMOVALLECC , PAP6, 229157420
TERMOVALLECC , PAP7, 82086240
TERMOVALLECC , PAP8, 229157420
TERMOVALLECC , PAPUSD1, 24000
TERMOVALLECC , PAPUSD2, 24000
TERMOVALLECC , PAPUSD3, 24000
TERMOVALLECC , PAPUSD4, 67000
TERMOVALLECC , PAPUSD5, 67000
TERMOVALLECC , PAPUSD6, 67000
TERMOVALLECC , PAPUSD7, 24000
TERMOVALLECC , PAPUSD8, 67000
TERMOVALLE1GAS , D,  165,  165,  165,  165,  165,  165,  165,  165,  165,  165,  165,  165,  165,  165,  165,  165,  165,  165,  165,  165,  165,  165,  165,  165
TERMOVALLE1VAPOR , D,  76,  76,  76,  76,  76,  76,  76,  76,  76,  76,  76,  76,  76,  76,  76,  76,  76,  76,  76,  76,  76,  76,  76,  76
TERMOVALLECC , CONF,  4
TERMOVALLECC , C,  ACPM
TERMOVALLE1GAS , PRU,  0,  0,  0,  0,  0,  0,  0,  0,  0,  0,  0,  0,  0,  0,  0,  0,  0,  0,  0,  0,  0,  0,  0,  0
TERMOVALLE1VAPOR , PRU,  0,  0,  0,  0,  0,  0,  0,  0,  0,  0,  0,  0,  0,  0,  0,  0,  0,  0,  0,  0,  0,  0,  0,  0


AGENTE: TERMOYOPAL
TERMOYOPAL2 , P,  68000
TERMOYOPAL2 , PAP1, 5575024
TERMOYOPAL2 , PAPUSD1, 1630
TERMOYOPAL2 , D,  29,  29,  29,  29,  29,  29,  29,  29,  29,  29,  29,  29,  29,  29,  29,  29,  29,  29,  29,  29,  29,  29,  29,  29
TERMOYOPAL2 , CONF,  1
TERMOYOPAL2 , C,  GAS
TERMOYOPAL1 , P,  68000
TERMOYOPAL1 , PAP1, 3820430
TERMOYOPAL1 , PAPUSD1, 1117
TERMOYOPAL1 , D,  15,  15,  15,  15,  15,  15,  15,  15,  15,  15,  15,  15,  15,  15,  15,  15,  15,  15,  15,  15,  15,  15,  15,  15
TERMOYOPAL1 , CONF,  1
TERMOYOPAL1 , C,  GAS
TERMOYOPALG3 , P,  68000
TERMOYOPALG3 , PAP1, 1949548
TERMOYOPALG3 , PAPUSD1, 570
TERMOYOPALG3 , D,  47,  47,  47,  47,  47,  47,  47,  46,  46,  45,  45,  45,  45,  45,  45,  45,  45,  46,  47,  47,  47,  47,  47,  47
TERMOYOPALG3 , CONF,  1
TERMOYOPALG3 , C,  GAS
TERMOYOPALG4 , P,  68000
TERMOYOPALG4 , PAP1, 1949548
TERMOYOPALG4 , PAPUSD1, 570
TERMOYOPALG4 , D,  48,  48,  48,  48,  48,  48,  48,  48,  48,  48,  47,  47,  47,  47,  47,  48,  48,  48,  48,  48,  48,  48,  48,  48
TERMOYOPALG4 , CONF,  1
TERMOYOPALG4 , C,  GAS


AGENTE: URRA
URRA , P,  70054
URRA1 , D,  0,  0,  0,  0,  0,  0,  0,  0,  0,  0,  0,  0,  0,  0,  0,  0,  0,  0,  0,  0,  0,  0,  0,  0
URRA2 , D,  85,  85,  85,  85,  85,  85,  85,  85,  85,  85,  84,  84,  84,  84,  84,  84,  84,  84,  84,  84,  84,  85,  85,  85
URRA3 , D,  0,  0,  0,  0,  0,  0,  0,  0,  0,  85,  84,  84,  84,  84,  84,  84,  84,  84,  84,  84,  84,  85,  0,  0
URRA4 , D,  0,  0,  0,  0,  0,  0,  0,  0,  0,  0,  84,  84,  84,  84,  84,  84,  84,  84,  84,  84,  84,  0,  0,  0
URRA , AGCP,  0,  0,  0,  0,  0,  0,  0,  0,  0,  0,  0,  0,  0,  0,  0,  0,  0,  0,  0,  0,  0,  0,  0,  0
URRA1 , AGCU,  0,  0,  0,  0,  0,  0,  0,  0,  0,  0,  0,  0,  0,  0,  0,  0,  0,  0,  0,  0,  0,  0,  0,  0
URRA2 , AGCU,  0,  0,  0,  0,  0,  0,  0,  0,  0,  0,  0,  0,  0,  0,  0,  0,  0,  0,  0,  0,  0,  0,  0,  0
URRA3 , AGCU,  0,  0,  0,  0,  0,  0,  0,  0,  0,  0,  0,  0,  0,  0,  0,  0,  0,  0,  0,  0,  0,  0,  0,  0
URRA4 , AGCU,  0,  0,  0,  0,  0,  0,  0,  0,  0,  0,  0,  0,  0,  0,  0,  0,  0,  0,  0,  0,  0,  0,  0,  0
URRA , MO,  85,  85,  85,  85,  85,  85,  85,  85,  85,  170,  252,  252,  252,  252,  252,  252,  252,  252,  252,  252,  252,  170,  85,  85


AGENTE: VATIA S.A.
TRINA-VATIABSLI1 , D,  0.18,  0.18,  0.18,  0.18,  0.18,  0.18,  0.18,  0.18,  0.18,  0.18,  0.18,  0.18,  0.18,  0.18,  0.18,  0.18,  0.18,  0.18,  0.18,  0.18,  0.18,  0.18,  0.18,  0.18
TRINA-VATIABSLI1 , INVD,  126.00,  126.00,  126.00,  126.00,  126.00,  126.00,  126.00,  126.00,  126.00,  126.00,  126.00,  126.00,  126.00,  126.00,  126.00,  126.00,  126.00,  126.00,  126.00,  126.00,  126.00,  126.00,  126.00,  126.00
TRINA-VATIABSLII1 , D,  0.00,  0.00,  0.00,  0.00,  0.00,  0.00,  0.00,  0.00,  0.00,  0.00,  0.00,  0.00,  0.00,  0.00,  0.00,  0.00,  0.00,  0.00,  0.00,  0.00,  0.00,  0.00,  0.00,  0.00
TRINA-VATIABSLII1 , INVD,  0.00,  0.00,  0.00,  0.00,  0.00,  0.00,  0.00,  0.00,  0.00,  0.00,  0.00,  0.00,  0.00,  0.00,  0.00,  0.00,  0.00,  0.00,  0.00,  0.00,  0.00,  0.00,  0.00,  0.00
TRINA-VATIABSLIII1 , D,  0.00,  0.00,  0.00,  0.00,  0.00,  0.00,  0.00,  0.00,  0.00,  0.00,  0.00,  0.00,  0.00,  0.00,  0.00,  0.00,  0.00,  0.00,  0.00,  0.00,  0.00,  0.00,  0.00,  0.00
TRINA-VATIABSLIII1 , INVD,  0.00,  0.00,  0.00,  0.00,  0.00,  0.00,  0.00,  0.00,  0.00,  0.00,  0.00,  0.00,  0.00,  0.00,  0.00,  0.00,  0.00,  0.00,  0.00,  0.00,  0.00,  0.00,  0.00,  0.00
FLORIDA21 , D,  0.00,  0.00,  0.00,  0.00,  0.00,  0.00,  0.00,  0.00,  0.00,  0.00,  0.00,  0.00,  0.00,  0.00,  0.00,  0.00,  9.00,  9.00,  9.00,  9.00,  9.00,  9.00,  0.00,  0.00
FLORIDA22 , D,  0.00,  0.00,  0.00,  0.00,  0.00,  0.00,  0.00,  7.50,  7.50,  7.50,  7.50,  7.50,  7.50,  7.50,  7.50,  7.50,  9.00,  9.00,  9.00,  9.00,  9.00,  9.00,  7.50,  0.00
LASPALMAS1 , D,  0.00,  0.00,  0.00,  0.00,  0.00,  0.00,  0.00,  0.00,  0.00,  0.00,  0.00,  0.00,  0.00,  0.00,  0.00,  0.00,  0.00,  0.00,  0.00,  0.00,  0.00,  0.00,  0.00,  0.00
LASPALMAS2 , D,  1.40,  1.40,  1.40,  1.40,  1.40,  1.40,  1.40,  1.40,  1.40,  1.40,  1.40,  1.40,  1.40,  1.40,  1.40,  1.40,  1.40,  1.40,  1.40,  1.40,  1.40,  1.40,  1.40,  1.40
RIOPALO , D,  1.00,  1.00,  1.00,  1.00,  1.00,  1.00,  1.00,  1.00,  1.00,  1.00,  1.00,  1.00,  1.00,  1.00,  1.00,  1.00,  1.00,  1.00,  1.00,  1.00,  1.00,  1.00,  1.00,  1.00
SANTIAGO , D,  1.20,  1.20,  1.20,  1.20,  1.20,  1.20,  1.20,  1.20,  1.20,  1.20,  1.20,  1.20,  1.20,  1.20,  1.20,  1.20,  1.20,  1.20,  1.20,  1.20,  1.20,  1.20,  1.20,  1.20
OVEJAS , D,  0.75,  0.75,  0.75,  0.75,  0.75,  0.75,  0.75,  0.75,  0.75,  0.75,  0.75,  0.75,  0.75,  0.75,  0.75,  0.75,  0.75,  0.75,  0.75,  0.75,  0.75,  0.75,  0.75,  0.75
PASTALES , D,  0.46,  0.46,  0.46,  0.46,  0.46,  0.46,  0.46,  0.46,  0.46,  0.46,  0.46,  0.46,  0.46,  0.46,  0.46,  0.46,  0.46,  0.46,  0.46,  0.46,  0.46,  0.46,  0.46,  0.46
MONDOMO , D,  0.39,  0.39,  0.39,  0.39,  0.39,  0.39,  0.39,  0.39,  0.39,  0.39,  0.39,  0.39,  0.39,  0.39,  0.39,  0.39,  0.39,  0.39,  0.39,  0.39,  0.39,  0.39,  0.39,  0.39
ASNAZU , D,  0.45,  0.45,  0.45,  0.45,  0.45,  0.45,  0.45,  0.45,  0.45,  0.45,  0.45,  0.45,  0.45,  0.45,  0.45,  0.45,  0.45,  0.45,  0.45,  0.45,  0.45,  0.45,  0.45,  0.45
INZA , D,  0.35,  0.35,  0.35,  0.35,  0.35,  0.35,  0.35,  0.35,  0.35,  0.35,  0.35,  0.35,  0.35,  0.35,  0.35,  0.35,  0.35,  0.35,  0.35,  0.35,  0.35,  0.35,  0.35,  0.35
MIROLINDO , D,  2.21,  2.21,  2.21,  2.21,  2.21,  2.21,  2.21,  2.21,  2.21,  2.21,  2.21,  2.21,  2.21,  2.21,  2.21,  2.21,  2.21,  2.21,  2.21,  2.21,  2.21,  2.21,  2.21,  2.21
SAJANDI , D,  0.00,  0.00,  0.00,  0.00,  0.00,  0.00,  0.00,  0.00,  0.00,  0.00,  0.00,  0.00,  0.00,  0.00,  0.00,  0.00,  0.00,  0.00,  0.00,  0.00,  0.00,  0.00,  0.00,  0.00
SILVIA , D,  0.28,  0.28,  0.28,  0.28,  0.28,  0.28,  0.28,  0.28,  0.28,  0.28,  0.28,  0.28,  0.28,  0.28,  0.28,  0.28,  0.28,  0.28,  0.28,  0.28,  0.28,  0.28,  0.28,  0.28
RIORECIO , D,  0.30,  0.30,  0.30,  0.30,  0.30,  0.30,  0.30,  0.30,  0.30,  0.30,  0.30,  0.30,  0.30,  0.30,  0.30,  0.30,  0.30,  0.30,  0.30,  0.30,  0.30,  0.30,  0.30,  0.30
VENTANAA , D,  2.50,  2.50,  2.50,  2.50,  2.50,  2.50,  2.50,  2.50,  2.50,  2.50,  2.50,  2.50,  2.50,  2.50,  2.50,  2.50,  2.50,  2.50,  2.50,  2.50,  2.50,  2.50,  2.50,  2.50
VENTANAB , D,  0.00,  0.00,  0.00,  0.00,  0.00,  0.00,  0.00,  0.00,  0.00,  0.00,  0.00,  0.00,  0.00,  0.00,  0.00,  0.00,  0.00,  0.00,  0.00,  0.00,  0.00,  0.00,  0.00,  0.00


