Ofertas Iniciales para: 2021-05-11


AGENTE: AES CHIVOR
CHIVOR , P,  75112
CHIVOR1 , D,  125,  125,  125,  125,  125,  125,  125,  125,  125,  125,  125,  125,  125,  125,  125,  125,  125,  125,  125,  125,  125,  125,  125,  125
CHIVOR2 , D,  125,  125,  125,  125,  125,  125,  125,  125,  125,  125,  125,  125,  125,  125,  125,  125,  125,  125,  125,  125,  125,  125,  125,  125
CHIVOR3 , D,  125,  125,  125,  125,  125,  125,  125,  125,  125,  125,  125,  125,  125,  125,  125,  125,  125,  125,  125,  125,  125,  125,  125,  125
CHIVOR4 , D,  125,  125,  125,  125,  125,  125,  125,  125,  125,  125,  125,  125,  125,  125,  125,  125,  125,  125,  125,  125,  125,  125,  125,  125
CHIVOR5 , D,  0,  0,  0,  0,  0,  0,  0,  0,  0,  0,  0,  0,  0,  0,  0,  0,  0,  0,  0,  0,  0,  0,  0,  0
CHIVOR6 , D,  125,  125,  125,  125,  125,  125,  125,  125,  125,  125,  125,  125,  125,  125,  125,  125,  125,  125,  125,  125,  125,  125,  125,  125
CHIVOR7 , D,  125,  125,  125,  125,  125,  125,  125,  125,  125,  125,  125,  125,  125,  125,  125,  125,  125,  125,  125,  125,  125,  125,  125,  125
CHIVOR8 , D,  125,  125,  125,  125,  125,  125,  125,  125,  125,  125,  125,  125,  125,  125,  125,  125,  125,  125,  125,  125,  125,  125,  125,  125
CHIVOR , AGCP,  630,  630,  630,  630,  630,  630,  630,  630,  630,  630,  630,  630,  630,  630,  630,  630,  630,  630,  630,  630,  630,  630,  630,  630
CHIVOR1 , AGCU,  105,  105,  105,  105,  105,  105,  105,  105,  105,  105,  105,  105,  105,  105,  105,  105,  105,  105,  105,  105,  105,  105,  105,  105
CHIVOR2 , AGCU,  105,  105,  105,  105,  105,  105,  105,  105,  105,  105,  105,  105,  105,  105,  105,  105,  105,  105,  105,  105,  105,  105,  105,  105
CHIVOR3 , AGCU,  105,  105,  105,  105,  105,  105,  105,  105,  105,  105,  105,  105,  105,  105,  105,  105,  105,  105,  105,  105,  105,  105,  105,  105
CHIVOR4 , AGCU,  105,  105,  105,  105,  105,  105,  105,  105,  105,  105,  105,  105,  105,  105,  105,  105,  105,  105,  105,  105,  105,  105,  105,  105
CHIVOR5 , AGCU,  0,  0,  0,  0,  0,  0,  0,  0,  0,  0,  0,  0,  0,  0,  0,  0,  0,  0,  0,  0,  0,  0,  0,  0
CHIVOR6 , AGCU,  105,  105,  105,  105,  105,  105,  105,  105,  105,  105,  105,  105,  105,  105,  105,  105,  105,  105,  105,  105,  105,  105,  105,  105
CHIVOR7 , AGCU,  105,  105,  105,  105,  105,  105,  105,  105,  105,  105,  105,  105,  105,  105,  105,  105,  105,  105,  105,  105,  105,  105,  105,  105
CHIVOR8 , AGCU,  0,  0,  0,  0,  0,  0,  0,  0,  0,  0,  0,  0,  0,  0,  0,  0,  0,  0,  0,  0,  0,  0,  0,  0
TUNJITA , D,  19.60,  19.60,  19.60,  19.60,  19.60,  19.60,  19.60,  19.60,  19.60,  19.60,  19.60,  19.60,  19.60,  19.60,  19.60,  19.60,  19.60,  19.60,  19.60,  19.60,  19.60,  19.60,  19.60,  19.60


AGENTE: AURES BAJO
AURESBAJO1 , D,  8.00,  8.00,  8.00,  8.00,  8.00,  8.00,  8.00,  8.00,  8.00,  8.00,  8.00,  8.00,  8.00,  8.00,  8.00,  8.00,  8.00,  8.00,  8.00,  8.00,  8.00,  8.00,  8.00,  8.00
AURESBAJO2 , D,  9.00,  9.00,  9.00,  9.00,  9.00,  9.00,  9.00,  9.00,  9.00,  9.00,  9.00,  9.00,  9.00,  9.00,  9.00,  9.00,  9.00,  9.00,  9.00,  9.00,  9.00,  9.00,  9.00,  9.00


AGENTE: BIOGAS DOÑA JUANA
DOÑAJUANA , D,  0.25,  0.25,  0.25,  0.25,  0.25,  0.25,  0.25,  0.25,  0.25,  0.25,  0.25,  0.25,  0.25,  0.25,  0.25,  0.25,  0.25,  0.25,  0.25,  0.25,  0.25,  0.25,  0.25,  0.25


AGENTE: CANTAYÚS
CANTAYUS1 , D,  2.00,  2.00,  2.00,  2.00,  2.00,  2.00,  2.00,  2.00,  2.00,  2.00,  2.00,  2.00,  2.00,  2.00,  2.00,  2.00,  2.00,  2.00,  2.00,  2.00,  2.00,  2.00,  2.00,  2.00
CANTAYUS2 , D,  2.00,  2.00,  2.00,  2.00,  2.00,  2.00,  2.00,  2.00,  2.00,  2.00,  2.00,  2.00,  2.00,  2.00,  2.00,  2.00,  2.00,  2.00,  2.00,  2.00,  2.00,  2.00,  2.00,  2.00


AGENTE: CASCADA
SANMIGUEL , P,  70000
SANMIGUEL1 , D,  22,  22,  22,  22,  22,  22,  22,  22,  22,  22,  22,  22,  22,  22,  22,  22,  22,  22,  22,  22,  22,  22,  22,  22
SANMIGUEL2 , D,  22,  22,  22,  22,  22,  22,  22,  22,  22,  22,  22,  22,  22,  22,  22,  22,  22,  22,  22,  22,  22,  22,  22,  22
ELPOPAL1 , D,  9.95,  9.95,  9.95,  9.95,  9.95,  9.95,  9.95,  9.95,  9.95,  9.95,  9.95,  9.95,  9.95,  9.95,  9.95,  9.95,  9.95,  9.95,  9.95,  9.95,  9.95,  9.95,  9.95,  9.95
ELPOPAL2 , D,  9.95,  9.95,  9.95,  9.95,  9.95,  9.95,  9.95,  9.95,  9.95,  9.95,  9.95,  9.95,  9.95,  9.95,  9.95,  9.95,  9.95,  9.95,  9.95,  9.95,  9.95,  9.95,  9.95,  9.95
ELMOLINO1 , D,  7.48,  7.48,  7.48,  7.48,  7.48,  7.48,  7.48,  7.48,  7.48,  7.48,  7.48,  7.48,  7.48,  7.48,  7.48,  7.48,  7.48,  7.48,  7.48,  7.48,  7.48,  7.48,  7.48,  7.48
ELMOLINO2 , D,  7.48,  7.48,  7.48,  7.48,  7.48,  7.48,  7.48,  7.48,  7.48,  7.48,  7.48,  7.48,  7.48,  7.48,  7.48,  7.48,  7.48,  7.48,  7.48,  7.48,  7.48,  7.48,  7.48,  7.48
SANMATIAS1 , D,  7.63,  7.63,  7.63,  7.63,  7.63,  7.63,  7.63,  7.63,  7.63,  7.63,  7.63,  7.63,  7.63,  7.63,  7.63,  7.63,  7.63,  7.63,  7.63,  7.63,  7.63,  7.63,  7.63,  7.63
SANMATIAS2 , D,  7.63,  7.63,  7.63,  7.63,  7.63,  7.63,  7.63,  7.63,  7.63,  7.63,  7.63,  7.63,  7.63,  7.63,  7.63,  7.63,  7.63,  7.63,  7.63,  7.63,  7.63,  7.63,  7.63,  7.63
LACASCADA(ANTIOQUIA) , D,  2.29,  2.29,  2.29,  2.29,  2.29,  2.29,  2.29,  2.29,  2.29,  2.29,  2.29,  2.29,  2.29,  2.29,  2.29,  2.29,  2.29,  2.29,  2.29,  2.29,  2.29,  2.29,  2.29,  2.29
CARUQUIA , D,  9.50,  9.50,  9.50,  9.50,  9.50,  0.00,  0.00,  0.00,  0.00,  0.00,  0.00,  0.00,  0.00,  0.00,  0.00,  0.00,  0.00,  0.00,  0.00,  0.00,  0.00,  0.00,  0.00,  0.00
GUANAQUITAS , D,  9.50,  9.50,  9.50,  9.50,  9.50,  9.50,  9.50,  9.50,  9.50,  9.50,  9.50,  9.50,  9.50,  9.50,  9.50,  9.50,  9.50,  9.50,  9.50,  9.50,  9.50,  9.50,  9.50,  9.50
BARROSO , D,  19.37,  19.37,  19.37,  19.37,  19.37,  19.37,  19.37,  19.37,  19.37,  19.37,  19.37,  19.37,  19.37,  19.37,  19.37,  19.37,  19.37,  19.37,  19.37,  19.37,  19.37,  19.37,  19.37,  19.37


AGENTE: CCG ENERGY SAS ESP
PATICO-LACABRERA , D,  1.30,  1.30,  1.30,  1.30,  1.30,  1.30,  1.30,  1.30,  1.30,  1.30,  1.30,  1.30,  1.30,  1.30,  1.30,  1.30,  1.30,  1.30,  1.30,  1.30,  1.30,  1.30,  1.30,  1.30


AGENTE: CEDENAR
RIOMAYO1 , D,  6.50,  6.50,  6.50,  6.50,  6.50,  6.50,  6.50,  6.50,  6.50,  6.50,  6.50,  6.50,  6.50,  6.50,  6.50,  6.50,  6.50,  6.50,  6.50,  6.50,  6.50,  6.50,  6.50,  6.50
RIOMAYO2 , D,  6.70,  6.70,  6.70,  6.70,  6.70,  6.70,  6.70,  6.70,  6.70,  6.70,  6.70,  6.70,  6.70,  6.70,  6.70,  6.70,  6.70,  6.70,  6.70,  6.70,  6.70,  6.70,  6.70,  6.70
RIOMAYO3 , D,  6.60,  6.60,  6.60,  6.60,  6.60,  6.60,  6.60,  6.60,  6.60,  6.60,  6.60,  6.60,  6.60,  6.60,  6.60,  6.60,  6.60,  6.60,  6.60,  6.60,  6.60,  6.60,  6.60,  6.60
RIOSAPUYES , D,  1.61,  1.61,  1.61,  1.61,  1.61,  1.61,  1.61,  1.61,  1.61,  1.61,  1.61,  1.61,  1.61,  1.61,  1.61,  1.61,  1.61,  1.61,  1.61,  1.61,  1.61,  1.61,  1.61,  1.61
JULIOBRAVO , D,  0.00,  0.00,  0.00,  0.00,  0.00,  0.00,  0.00,  0.00,  0.00,  0.00,  0.00,  0.00,  0.00,  0.00,  0.00,  0.00,  0.00,  0.00,  0.00,  0.00,  0.00,  0.00,  0.00,  0.00
RIOBOBO , D,  4.00,  4.00,  4.00,  4.00,  4.00,  4.00,  4.00,  4.00,  4.00,  4.00,  4.00,  4.00,  4.00,  4.00,  4.00,  4.00,  4.00,  4.00,  4.00,  4.00,  4.00,  4.00,  4.00,  4.00


AGENTE: CELSIA COLOMBIA
CALIMA , P,  230000
CALIMA1 , D,  33,  33,  33,  33,  33,  33,  33,  33,  33,  33,  33,  33,  33,  33,  33,  33,  33,  33,  33,  33,  33,  33,  33,  33
CALIMA2 , D,  33,  33,  33,  33,  33,  33,  33,  33,  33,  33,  33,  33,  33,  33,  33,  33,  33,  33,  33,  33,  33,  33,  33,  33
CALIMA3 , D,  33,  33,  33,  33,  33,  33,  33,  33,  33,  33,  33,  33,  33,  33,  33,  33,  33,  33,  33,  33,  33,  33,  33,  33
CALIMA4 , D,  33,  33,  33,  33,  33,  33,  33,  33,  33,  33,  33,  33,  33,  33,  33,  33,  33,  33,  33,  33,  33,  33,  33,  33
CALIMA , AGCP,  0,  0,  0,  0,  0,  0,  0,  0,  0,  0,  0,  0,  0,  0,  0,  0,  0,  0,  68,  68,  68,  0,  0,  0
CALIMA1 , AGCU,  0,  0,  0,  0,  0,  0,  0,  0,  0,  0,  0,  0,  0,  0,  0,  0,  0,  0,  17,  17,  17,  0,  0,  0
CALIMA2 , AGCU,  0,  0,  0,  0,  0,  0,  0,  0,  0,  0,  0,  0,  0,  0,  0,  0,  0,  0,  17,  17,  17,  0,  0,  0
CALIMA3 , AGCU,  0,  0,  0,  0,  0,  0,  0,  0,  0,  0,  0,  0,  0,  0,  0,  0,  0,  0,  17,  17,  17,  0,  0,  0
CALIMA4 , AGCU,  0,  0,  0,  0,  0,  0,  0,  0,  0,  0,  0,  0,  0,  0,  0,  0,  0,  0,  17,  17,  17,  0,  0,  0
PRADO , P,  75112
PRADO1 , D,  17,  17,  17,  17,  17,  17,  17,  17,  17,  17,  17,  17,  17,  17,  17,  17,  17,  17,  17,  17,  17,  17,  17,  17
PRADO2 , D,  17,  17,  17,  17,  17,  17,  17,  17,  17,  17,  17,  17,  17,  17,  17,  17,  17,  17,  17,  17,  17,  17,  17,  17
PRADO3 , D,  17,  17,  17,  17,  17,  17,  17,  17,  17,  17,  17,  17,  17,  17,  17,  17,  17,  17,  17,  17,  17,  17,  17,  17
SALVAJINA , P,  250000
SALVAJINA1 , D,  0,  0,  0,  0,  0,  0,  0,  0,  0,  0,  0,  0,  0,  0,  0,  0,  0,  0,  0,  0,  0,  0,  0,  0
SALVAJINA2 , D,  95,  95,  95,  95,  95,  95,  95,  95,  95,  95,  95,  95,  95,  95,  95,  95,  95,  95,  95,  95,  95,  95,  95,  95
SALVAJINA3 , D,  95,  95,  95,  95,  95,  95,  95,  95,  95,  95,  95,  95,  95,  95,  95,  95,  95,  95,  95,  95,  95,  95,  95,  95
SALVAJINA , AGCP,  0,  0,  0,  0,  0,  0,  0,  0,  0,  0,  0,  0,  0,  0,  0,  0,  0,  0,  0,  0,  0,  0,  0,  0
SALVAJINA2 , AGCU,  0,  0,  0,  0,  0,  0,  0,  0,  0,  0,  0,  0,  0,  0,  0,  0,  0,  0,  0,  0,  0,  0,  0,  0
SALVAJINA3 , AGCU,  0,  0,  0,  0,  0,  0,  0,  0,  0,  0,  0,  0,  0,  0,  0,  0,  0,  0,  0,  0,  0,  0,  0,  0
SALVAJINA , MO,  95,  95,  95,  95,  95,  95,  95,  95,  95,  95,  95,  95,  95,  95,  95,  95,  95,  95,  95,  95,  95,  95,  95,  95
ALBAN , P,  75112
ALTOANCHICAYA1 , D,  115,  115,  115,  115,  115,  115,  115,  115,  115,  115,  115,  115,  115,  115,  115,  115,  115,  115,  115,  115,  115,  115,  115,  115
ALTOANCHICAYA2 , D,  115,  115,  115,  115,  115,  115,  115,  115,  115,  115,  115,  115,  115,  115,  115,  115,  115,  115,  115,  115,  115,  115,  115,  115
ALTOANCHICAYA3 , D,  115,  115,  115,  115,  115,  115,  115,  115,  115,  115,  115,  115,  115,  115,  115,  115,  115,  115,  115,  115,  115,  115,  115,  115
BAJOANCHICAYA1 , D,  8,  8,  8,  8,  8,  8,  8,  8,  8,  8,  8,  8,  8,  8,  8,  8,  8,  8,  8,  8,  8,  8,  8,  8
BAJOANCHICAYA2 , D,  8,  8,  8,  8,  8,  8,  8,  8,  8,  8,  8,  8,  8,  8,  8,  8,  8,  8,  8,  8,  8,  8,  8,  8
BAJOANCHICAYA3 , D,  0,  0,  0,  0,  0,  0,  0,  0,  0,  0,  0,  0,  0,  0,  0,  0,  0,  0,  0,  0,  0,  0,  0,  0
BAJOANCHICAYA4 , D,  24,  24,  24,  24,  24,  24,  24,  24,  24,  24,  24,  24,  24,  24,  24,  24,  24,  24,  24,  24,  24,  24,  24,  24
ALBAN , AGCP,  254,  254,  254,  254,  254,  254,  254,  254,  254,  254,  254,  254,  254,  254,  254,  254,  254,  254,  254,  254,  254,  254,  254,  254
ALTOANCHICAYA1 , AGCU,  85,  85,  85,  85,  85,  85,  85,  85,  85,  85,  85,  85,  85,  85,  85,  85,  85,  85,  85,  85,  85,  85,  85,  85
ALTOANCHICAYA2 , AGCU,  85,  85,  85,  85,  85,  85,  85,  85,  85,  85,  85,  85,  85,  85,  85,  85,  85,  85,  85,  85,  85,  85,  85,  85
ALTOANCHICAYA3 , AGCU,  85,  85,  85,  85,  85,  85,  85,  85,  85,  85,  85,  85,  85,  85,  85,  85,  85,  85,  85,  85,  85,  85,  85,  85
BAJOANCHICAYA1 , AGCU,  0,  0,  0,  0,  0,  0,  0,  0,  0,  0,  0,  0,  0,  0,  0,  0,  0,  0,  0,  0,  0,  0,  0,  0
BAJOANCHICAYA3 , AGCU,  0,  0,  0,  0,  0,  0,  0,  0,  0,  0,  0,  0,  0,  0,  0,  0,  0,  0,  0,  0,  0,  0,  0,  0
ALBAN , MO,  13,  13,  13,  13,  13,  13,  13,  13,  13,  13,  13,  13,  13,  13,  13,  13,  13,  13,  13,  13,  13,  13,  13,  13
CUCUANA , P,  75112
CUCUANA1 , D,  28,  28,  28,  28,  28,  28,  28,  28,  28,  28,  28,  28,  28,  28,  28,  28,  28,  28,  28,  28,  28,  28,  28,  28
CUCUANA2 , D,  28,  28,  28,  28,  28,  28,  28,  28,  28,  28,  28,  28,  28,  28,  28,  28,  28,  28,  28,  28,  28,  28,  28,  28
MERILECTRICA1 , P,  492850
MERILECTRICA1 , PAP1, 73160362
MERILECTRICA1 , PAPUSD1, 19430
MERILECTRICA1 , D,  0,  0,  0,  0,  0,  0,  0,  0,  0,  0,  0,  0,  0,  0,  0,  0,  0,  0,  0,  0,  0,  0,  0,  0
MERILECTRICA1 , CONF,  1
MERILECTRICA1 , C,  GAS
CELSIASOLARESPINAL1 , D,  0.00,  0.00,  0.00,  0.00,  0.00,  0.00,  0.00,  1.00,  2.00,  4.00,  6.00,  6.00,  5.00,  2.00,  5.00,  1.00,  0.00,  0.00,  0.00,  0.00,  0.00,  0.00,  0.00,  0.00
CELSIASOLARESPINAL1 , INVD,  55.00,  55.00,  55.00,  55.00,  55.00,  55.00,  55.00,  55.00,  55.00,  55.00,  55.00,  55.00,  55.00,  55.00,  55.00,  55.00,  55.00,  55.00,  55.00,  55.00,  55.00,  55.00,  55.00,  55.00
CELSIASOLARCARMELO1 , D,  0.00,  0.00,  0.00,  0.00,  0.00,  0.00,  0.00,  0.00,  2.00,  4.00,  7.00,  6.00,  7.00,  7.00,  5.00,  3.00,  2.00,  0.00,  0.00,  0.00,  0.00,  0.00,  0.00,  0.00
CELSIASOLARCARMELO1 , INVD,  56.00,  56.00,  56.00,  56.00,  56.00,  56.00,  56.00,  56.00,  56.00,  56.00,  56.00,  56.00,  56.00,  56.00,  56.00,  56.00,  56.00,  56.00,  56.00,  56.00,  56.00,  56.00,  56.00,  56.00
PRADO4 , D,  4.00,  5.00,  5.00,  5.00,  5.00,  5.00,  5.00,  5.00,  4.00,  4.00,  4.00,  4.00,  4.00,  4.00,  4.00,  4.00,  4.00,  4.00,  4.00,  4.00,  4.00,  4.00,  4.00,  4.00
RIOCALI1 , D,  0.00,  0.00,  0.00,  0.00,  0.00,  0.00,  0.00,  0.00,  0.00,  0.00,  0.00,  0.00,  0.00,  0.00,  0.00,  0.00,  0.00,  0.00,  0.00,  0.00,  0.00,  0.00,  0.00,  0.00
RIOCALI2 , D,  0.00,  0.00,  0.00,  0.00,  0.00,  0.00,  0.00,  0.00,  0.00,  0.00,  0.00,  0.00,  0.00,  0.00,  0.00,  0.00,  0.00,  0.00,  0.00,  0.00,  0.00,  0.00,  0.00,  0.00
BAJOTULUA1 , D,  0.00,  0.00,  0.00,  1.00,  9.00,  9.00,  9.00,  9.00,  9.00,  9.00,  9.00,  9.00,  9.00,  9.00,  9.00,  9.00,  9.00,  9.00,  9.00,  9.00,  9.00,  9.00,  9.00,  9.00
BAJOTULUA2 , D,  0.00,  0.00,  0.00,  1.00,  9.00,  9.00,  9.00,  9.00,  9.00,  9.00,  9.00,  9.00,  9.00,  9.00,  9.00,  9.00,  9.00,  9.00,  9.00,  9.00,  9.00,  9.00,  9.00,  9.00
ALTOTULUA1 , D,  0.00,  0.00,  0.00,  6.00,  9.00,  9.00,  9.00,  9.00,  9.00,  9.00,  9.00,  9.00,  9.00,  9.00,  9.00,  9.00,  9.00,  9.00,  9.00,  9.00,  9.00,  9.00,  9.00,  9.00
ALTOTULUA2 , D,  0.00,  0.00,  0.00,  6.00,  9.00,  9.00,  9.00,  9.00,  9.00,  9.00,  9.00,  9.00,  9.00,  9.00,  9.00,  9.00,  9.00,  9.00,  9.00,  9.00,  9.00,  9.00,  9.00,  9.00
HIDROMONTAÑITAS1 , D,  0.00,  0.00,  0.00,  0.00,  0.00,  0.00,  6.00,  9.00,  9.00,  9.00,  9.00,  9.00,  9.00,  9.00,  9.00,  9.00,  9.00,  9.00,  9.00,  9.00,  9.00,  8.00,  0.00,  0.00
HIDROMONTAÑITAS2 , D,  0.00,  0.00,  0.00,  0.00,  0.00,  0.00,  6.00,  9.00,  9.00,  9.00,  9.00,  9.00,  9.00,  9.00,  9.00,  9.00,  9.00,  9.00,  9.00,  9.00,  9.00,  8.00,  0.00,  0.00
RIOPIEDRAS1 , D,  9.00,  9.00,  9.00,  9.00,  9.00,  9.00,  9.00,  9.00,  9.00,  9.00,  9.00,  9.00,  9.00,  9.00,  9.00,  9.00,  9.00,  9.00,  9.00,  9.00,  9.00,  9.00,  9.00,  9.00
RIOPIEDRAS2 , D,  9.00,  9.00,  9.00,  9.00,  9.00,  9.00,  9.00,  9.00,  9.00,  9.00,  9.00,  9.00,  9.00,  9.00,  9.00,  9.00,  9.00,  9.00,  9.00,  9.00,  9.00,  9.00,  9.00,  9.00
SANANDRESDECUERQUIA1 , D,  9.00,  9.00,  9.00,  9.00,  9.00,  9.00,  9.00,  9.00,  8.00,  9.00,  9.00,  9.00,  9.00,  9.00,  9.00,  9.00,  9.00,  9.00,  9.00,  9.00,  9.00,  9.00,  9.00,  8.00
SANANDRESDECUERQUIA2 , D,  9.00,  9.00,  9.00,  9.00,  9.00,  9.00,  9.00,  9.00,  8.00,  9.00,  9.00,  9.00,  9.00,  9.00,  9.00,  9.00,  9.00,  9.00,  9.00,  9.00,  9.00,  9.00,  9.00,  8.00
MAYAGUEZ1 , D,  9.00,  9.00,  9.00,  9.00,  9.00,  9.00,  9.00,  9.00,  9.00,  9.00,  9.00,  9.00,  9.00,  9.00,  9.00,  9.00,  9.00,  9.00,  9.00,  9.00,  9.00,  9.00,  9.00,  9.00
INGENIOSANCARLOS1 , D,  0.00,  0.00,  0.00,  0.00,  0.00,  0.00,  0.00,  0.00,  0.00,  0.00,  0.00,  0.00,  0.00,  0.00,  0.00,  0.00,  0.00,  0.00,  0.00,  0.00,  0.00,  0.00,  0.00,  0.00
COGENERADORMANUELITA2 , D,  0.00,  0.00,  0.00,  0.00,  0.00,  0.00,  0.00,  0.00,  0.00,  0.00,  0.00,  0.00,  0.00,  0.00,  0.00,  0.00,  0.00,  0.00,  0.00,  0.00,  0.00,  0.00,  0.00,  0.00
AUTOGARGOSCARTAGENA , D,  0.00,  0.00,  0.00,  0.00,  0.00,  0.00,  0.00,  0.00,  0.00,  0.00,  0.00,  0.00,  0.00,  0.00,  0.00,  0.00,  0.00,  0.00,  0.00,  0.00,  0.00,  0.00,  0.00,  0.00
AUTOGARGOSYUMBO , D,  0.00,  0.00,  0.00,  0.00,  0.00,  0.00,  0.00,  0.00,  0.00,  0.00,  0.00,  0.00,  0.00,  0.00,  0.00,  0.00,  0.00,  0.00,  0.00,  0.00,  0.00,  0.00,  0.00,  0.00
TEQUENDAMABIOGAS , D,  0.00,  0.00,  0.00,  0.00,  0.00,  0.00,  0.00,  0.00,  0.00,  0.00,  0.00,  0.00,  0.00,  0.00,  0.00,  0.00,  0.00,  0.00,  0.00,  0.00,  0.00,  0.00,  0.00,  0.00
AUTOGCELSIASOLARYUMBO , D,  0.00,  0.00,  0.00,  0.00,  0.00,  0.00,  0.00,  0.00,  2.00,  3.00,  4.00,  5.00,  4.00,  5.00,  3.00,  3.00,  1.00,  0.00,  0.00,  0.00,  0.00,  0.00,  0.00,  0.00
AUTOGCELSIASOLARYUMBO , INVD,  9.00,  9.00,  9.00,  9.00,  9.00,  9.00,  9.00,  9.00,  9.00,  9.00,  9.00,  9.00,  9.00,  9.00,  9.00,  9.00,  9.00,  9.00,  9.00,  9.00,  9.00,  9.00,  9.00,  9.00
CELSIASOLARBOLIVAR , D,  0.00,  0.00,  0.00,  0.00,  0.00,  0.00,  0.00,  1.00,  3.00,  4.00,  5.00,  5.00,  4.00,  4.00,  1.00,  1.00,  1.00,  0.00,  0.00,  0.00,  0.00,  0.00,  0.00,  0.00
CELSIASOLARBOLIVAR , INVD,  4.00,  4.00,  4.00,  4.00,  4.00,  4.00,  4.00,  4.00,  4.00,  4.00,  4.00,  4.00,  4.00,  4.00,  4.00,  4.00,  4.00,  4.00,  4.00,  4.00,  4.00,  4.00,  4.00,  4.00
NIMA , D,  3.00,  3.00,  3.00,  3.00,  3.00,  3.00,  3.00,  3.00,  3.00,  3.00,  3.00,  3.00,  3.00,  3.00,  3.00,  3.00,  3.00,  3.00,  3.00,  3.00,  3.00,  3.00,  3.00,  3.00
AMAIME , D,  15.00,  15.00,  15.00,  15.00,  15.00,  8.00,  14.00,  14.00,  14.00,  14.00,  14.00,  14.00,  14.00,  14.00,  14.00,  14.00,  13.00,  13.00,  13.00,  13.00,  13.00,  13.00,  13.00,  8.00
ELCOCUYO , D,  0.00,  0.00,  0.00,  0.00,  0.00,  0.00,  0.00,  0.00,  0.00,  0.00,  0.00,  0.00,  0.00,  0.00,  0.00,  0.00,  0.00,  0.00,  0.00,  0.00,  0.00,  0.00,  0.00,  0.00


AGENTE: CEMEX ENERGY
AUTOGFERTICOL , D,  16.00,  16.00,  16.00,  16.00,  16.00,  16.00,  16.00,  16.00,  16.00,  16.00,  16.00,  16.00,  16.00,  16.00,  16.00,  16.00,  16.00,  16.00,  16.00,  16.00,  16.00,  16.00,  16.00,  16.00
SUEVA2 , D,  2.50,  2.50,  2.50,  2.50,  2.50,  2.50,  2.50,  2.50,  2.50,  2.50,  2.50,  2.50,  2.50,  2.50,  2.50,  2.50,  2.50,  2.50,  2.50,  2.50,  2.50,  2.50,  2.50,  2.50


AGENTE: CES
PAIPA4 , P,  153573
PAIPA4 , PAP1, 28367996
PAIPA4 , PAPUSD1, 7534
PAIPA4 , D,  160,  160,  160,  160,  160,  160,  160,  160,  160,  160,  160,  160,  160,  160,  160,  160,  160,  160,  160,  160,  160,  160,  160,  160
PAIPA4 , CONF,  1
PAIPA4 , C,  CARBON


AGENTE: CETSA(TULUA)
RIOFRIOII1 , D,  2.00,  2.00,  1.00,  3.00,  4.00,  4.00,  4.00,  4.00,  5.00,  5.00,  5.00,  5.00,  5.00,  5.00,  5.00,  5.00,  5.00,  5.00,  5.00,  5.00,  5.00,  5.00,  5.00,  5.00
RIOFRIOII2 , D,  2.00,  2.00,  1.00,  3.00,  4.00,  4.00,  4.00,  4.00,  5.00,  5.00,  5.00,  5.00,  5.00,  5.00,  5.00,  5.00,  5.00,  5.00,  5.00,  5.00,  5.00,  5.00,  5.00,  5.00
RIOFRIOI , D,  1.00,  1.00,  1.00,  1.00,  1.00,  1.00,  1.00,  1.00,  1.00,  1.00,  1.00,  1.00,  1.00,  1.00,  1.00,  1.00,  1.00,  1.00,  1.00,  1.00,  1.00,  1.00,  1.00,  1.00
RUMOR , D,  0.00,  0.00,  0.00,  0.00,  0.00,  0.00,  0.00,  0.00,  1.00,  2.00,  2.00,  2.00,  2.00,  2.00,  2.00,  2.00,  2.00,  2.00,  2.00,  2.00,  2.00,  2.00,  2.00,  2.00


AGENTE: CH EL EDEN
ELEDÉN , D,  16.00,  16.00,  16.00,  16.00,  16.00,  16.00,  16.00,  16.00,  16.00,  16.00,  16.00,  16.00,  16.00,  16.00,  16.00,  16.00,  16.00,  16.00,  16.00,  16.00,  16.00,  16.00,  16.00,  16.00


AGENTE: CHC S.A.S. E.S.P.
MAGALLO , D,  4.20,  4.20,  4.20,  4.20,  4.20,  4.20,  4.20,  4.20,  4.20,  4.20,  4.20,  4.20,  4.20,  4.20,  4.20,  4.20,  4.20,  4.20,  4.20,  4.20,  4.20,  4.20,  4.20,  4.20


AGENTE: DEPI ENERGY
INGENIOMARIALUISA , D,  0.50,  0.50,  0.50,  0.50,  0.50,  0.50,  0.50,  0.50,  0.50,  0.50,  0.50,  0.50,  0.50,  0.50,  0.50,  0.50,  0.50,  0.50,  0.50,  0.50,  0.50,  0.50,  0.50,  0.50
AUTOGCOCA-COLAFEMSA , D,  0.40,  0.40,  0.40,  0.40,  0.40,  0.40,  0.40,  0.40,  0.40,  0.40,  0.40,  0.40,  0.40,  0.40,  0.40,  0.40,  0.40,  0.40,  0.40,  0.40,  0.40,  0.40,  0.40,  0.40
URRAO , D,  0.70,  0.70,  0.70,  0.70,  0.70,  0.70,  0.70,  0.70,  0.70,  0.70,  0.70,  0.70,  0.70,  0.70,  0.70,  0.70,  0.70,  0.70,  0.70,  0.70,  0.70,  0.70,  0.70,  0.70


AGENTE: EEP(PEREIRA)
GRANJASOLARBELMONTE1 , D,  0.00,  0.00,  0.00,  0.00,  0.00,  0.00,  0.39,  1.09,  1.76,  2.67,  2.97,  2.87,  3.60,  2.77,  2.70,  2.04,  0.96,  0.11,  0.00,  0.00,  0.00,  0.00,  0.00,  0.00
GRANJASOLARBELMONTE1 , INVD,  44.00,  44.00,  44.00,  44.00,  44.00,  44.00,  44.00,  44.00,  44.00,  44.00,  44.00,  44.00,  44.00,  44.00,  44.00,  44.00,  44.00,  44.00,  44.00,  44.00,  44.00,  44.00,  44.00,  44.00
INGENIORISARALDA1 , D,  0.00,  0.00,  0.00,  0.00,  0.00,  0.00,  0.00,  0.00,  0.00,  0.00,  0.00,  0.00,  0.00,  0.00,  0.00,  0.00,  0.00,  0.00,  0.00,  0.00,  0.00,  0.00,  0.00,  0.00
BIOENERGY , D,  15.00,  15.00,  15.00,  15.00,  15.00,  15.00,  15.00,  15.00,  15.00,  15.00,  15.00,  15.00,  15.00,  15.00,  15.00,  15.00,  15.00,  15.00,  15.00,  15.00,  15.00,  15.00,  15.00,  15.00
NUEVOLIBARE , D,  3.00,  3.00,  3.00,  3.00,  3.00,  3.00,  3.00,  3.00,  3.00,  3.00,  3.00,  3.00,  3.00,  3.00,  3.00,  3.00,  3.00,  3.00,  3.00,  3.00,  3.00,  3.00,  3.00,  3.00
BELMONTE , D,  0.00,  0.00,  0.00,  0.00,  0.00,  0.00,  0.00,  0.00,  0.00,  0.00,  0.00,  0.00,  0.00,  0.00,  0.00,  0.00,  0.00,  0.00,  0.00,  0.00,  0.00,  0.00,  0.00,  0.00


AGENTE: EEPPM
ESMERALDA , P,  79000
ESMERALDA1 , D,  14,  14,  14,  14,  14,  14,  14,  14,  14,  14,  14,  14,  14,  14,  14,  14,  14,  14,  14,  14,  14,  14,  14,  14
ESMERALDA2 , D,  14,  14,  14,  14,  14,  14,  14,  14,  14,  14,  14,  14,  14,  14,  14,  14,  14,  14,  14,  14,  14,  14,  14,  14
GUATAPE , P,  157000
GUATAPE1 , D,  70,  70,  70,  70,  70,  70,  70,  70,  70,  70,  70,  70,  70,  70,  70,  70,  70,  70,  70,  70,  70,  70,  70,  70
GUATAPE2 , D,  70,  70,  70,  70,  70,  70,  70,  70,  70,  70,  70,  70,  70,  70,  70,  70,  70,  70,  70,  70,  70,  70,  70,  70
GUATAPE3 , D,  70,  70,  70,  70,  70,  70,  70,  70,  70,  70,  70,  70,  70,  70,  70,  70,  70,  70,  70,  70,  70,  70,  70,  70
GUATAPE4 , D,  70,  70,  70,  70,  70,  70,  70,  70,  70,  70,  70,  70,  70,  70,  70,  70,  70,  70,  70,  70,  70,  70,  70,  70
GUATAPE5 , D,  70,  70,  70,  70,  70,  70,  70,  70,  70,  70,  70,  70,  70,  70,  70,  70,  70,  70,  70,  70,  70,  70,  70,  70
GUATAPE6 , D,  70,  70,  70,  70,  70,  70,  70,  70,  70,  70,  70,  70,  70,  70,  70,  70,  70,  70,  70,  70,  70,  70,  70,  70
GUATAPE7 , D,  70,  70,  70,  70,  70,  70,  70,  70,  70,  70,  70,  70,  70,  70,  70,  70,  70,  70,  70,  70,  70,  70,  70,  70
GUATAPE8 , D,  70,  70,  70,  70,  70,  70,  70,  70,  70,  70,  70,  70,  70,  70,  70,  70,  70,  70,  70,  70,  70,  70,  70,  70
GUATAPE , AGCP,  560,  560,  560,  560,  560,  560,  560,  560,  560,  560,  560,  560,  560,  560,  560,  560,  560,  560,  560,  560,  560,  560,  560,  560
GUATAPE1 , AGCU,  70,  70,  70,  70,  70,  70,  70,  70,  70,  70,  70,  70,  70,  70,  70,  70,  70,  70,  70,  70,  70,  70,  70,  70
GUATAPE2 , AGCU,  70,  70,  70,  70,  70,  70,  70,  70,  70,  70,  70,  70,  70,  70,  70,  70,  70,  70,  70,  70,  70,  70,  70,  70
GUATAPE3 , AGCU,  70,  70,  70,  70,  70,  70,  70,  70,  70,  70,  70,  70,  70,  70,  70,  70,  70,  70,  70,  70,  70,  70,  70,  70
GUATAPE4 , AGCU,  70,  70,  70,  70,  70,  70,  70,  70,  70,  70,  70,  70,  70,  70,  70,  70,  70,  70,  70,  70,  70,  70,  70,  70
GUATAPE5 , AGCU,  70,  70,  70,  70,  70,  70,  70,  70,  70,  70,  70,  70,  70,  70,  70,  70,  70,  70,  70,  70,  70,  70,  70,  70
GUATAPE6 , AGCU,  70,  70,  70,  70,  70,  70,  70,  70,  70,  70,  70,  70,  70,  70,  70,  70,  70,  70,  70,  70,  70,  70,  70,  70
GUATAPE7 , AGCU,  70,  70,  70,  70,  70,  70,  70,  70,  70,  70,  70,  70,  70,  70,  70,  70,  70,  70,  70,  70,  70,  70,  70,  70
GUATAPE8 , AGCU,  70,  70,  70,  70,  70,  70,  70,  70,  70,  70,  70,  70,  70,  70,  70,  70,  70,  70,  70,  70,  70,  70,  70,  70
LATASAJERA , P,  75112
LATASAJERA1 , D,  102,  102,  102,  102,  102,  102,  102,  102,  102,  102,  102,  102,  102,  102,  102,  102,  102,  102,  102,  102,  102,  102,  102,  102
LATASAJERA2 , D,  102,  102,  102,  102,  102,  102,  102,  102,  102,  102,  102,  102,  102,  102,  102,  102,  102,  102,  102,  102,  102,  102,  102,  102
LATASAJERA3 , D,  102,  102,  102,  102,  102,  102,  102,  102,  102,  102,  102,  102,  102,  102,  102,  102,  102,  102,  102,  102,  102,  102,  102,  102
LATASAJERA , AGCP,  306,  306,  306,  306,  306,  306,  306,  306,  306,  306,  306,  306,  306,  306,  306,  306,  306,  306,  306,  306,  306,  306,  306,  306
LATASAJERA1 , AGCU,  102,  102,  102,  102,  102,  102,  102,  102,  102,  102,  102,  102,  102,  102,  102,  102,  102,  102,  102,  102,  102,  102,  102,  102
LATASAJERA2 , AGCU,  102,  102,  102,  102,  102,  102,  102,  102,  102,  102,  102,  102,  102,  102,  102,  102,  102,  102,  102,  102,  102,  102,  102,  102
LATASAJERA3 , AGCU,  102,  102,  102,  102,  102,  102,  102,  102,  102,  102,  102,  102,  102,  102,  102,  102,  102,  102,  102,  102,  102,  102,  102,  102
PLAYAS , P,  91000
PLAYAS1 , D,  69,  69,  69,  69,  69,  69,  69,  69,  69,  69,  69,  69,  69,  69,  69,  69,  69,  69,  69,  69,  69,  69,  69,  69
PLAYAS2 , D,  69,  69,  69,  69,  69,  69,  69,  69,  69,  69,  69,  69,  69,  69,  69,  69,  69,  69,  69,  69,  69,  69,  69,  69
PLAYAS3 , D,  0,  0,  0,  0,  0,  0,  69,  69,  69,  69,  69,  69,  69,  69,  69,  69,  69,  69,  69,  69,  69,  69,  69,  69
PLAYAS3 , PRU,  0,  0,  0,  0,  0,  0,  2,  2,  2,  2,  2,  2,  2,  2,  2,  2,  2,  2,  2,  2,  2,  2,  2,  2
SANFRANCISCO , P,  79000
SANFRANCISCO1 , D,  0,  0,  0,  0,  0,  0,  0,  45,  45,  45,  45,  45,  0,  0,  0,  0,  0,  0,  45,  45,  45,  45,  45,  0
SANFRANCISCO2 , D,  0,  0,  0,  0,  0,  0,  0,  45,  45,  45,  45,  45,  0,  0,  0,  0,  0,  0,  45,  45,  45,  45,  45,  0
SANFRANCISCO3 , D,  0,  0,  0,  0,  0,  0,  0,  0,  0,  0,  0,  0,  0,  0,  0,  0,  0,  0,  0,  0,  0,  0,  0,  0
GUATRON , P,  80112
GUADALUPE31 , D,  45,  45,  45,  45,  45,  45,  45,  0,  0,  0,  0,  0,  0,  0,  45,  45,  45,  45,  45,  45,  45,  45,  45,  45
GUADALUPE32 , D,  45,  45,  45,  45,  45,  45,  45,  45,  45,  45,  45,  45,  45,  45,  45,  45,  45,  45,  45,  45,  45,  45,  45,  45
GUADALUPE33 , D,  45,  45,  45,  45,  45,  45,  45,  45,  45,  45,  45,  45,  45,  45,  45,  45,  45,  45,  45,  45,  45,  45,  45,  45
GUADALUPE34 , D,  45,  45,  45,  45,  45,  45,  45,  45,  45,  45,  45,  45,  45,  45,  45,  45,  45,  45,  45,  45,  45,  45,  45,  45
GUADALUPE35 , D,  45,  45,  45,  45,  45,  45,  45,  45,  45,  45,  45,  45,  45,  45,  45,  45,  45,  45,  45,  45,  45,  45,  45,  45
GUADALUPE36 , D,  0,  0,  0,  0,  0,  0,  0,  0,  0,  0,  0,  0,  0,  0,  0,  0,  0,  0,  0,  0,  0,  0,  0,  0
GUADALUPE41 , D,  67,  67,  67,  67,  67,  67,  67,  67,  67,  67,  67,  67,  67,  67,  67,  67,  67,  67,  67,  67,  67,  67,  67,  67
GUADALUPE42 , D,  67,  67,  67,  67,  67,  67,  67,  67,  67,  67,  67,  67,  67,  67,  67,  67,  67,  67,  67,  67,  67,  67,  67,  67
GUADALUPE43 , D,  35,  35,  35,  35,  35,  35,  35,  0,  0,  0,  0,  0,  0,  0,  35,  35,  35,  35,  35,  35,  35,  35,  35,  35
TRONERAS1 , D,  20,  20,  20,  20,  20,  20,  20,  20,  20,  20,  20,  20,  20,  20,  20,  20,  20,  20,  20,  20,  20,  20,  20,  20
TRONERAS2 , D,  20,  20,  20,  20,  20,  20,  20,  20,  20,  20,  20,  20,  20,  20,  20,  20,  20,  20,  20,  20,  20,  20,  20,  20
PORCEII , P,  80112
PORCEII1 , D,  135,  135,  135,  135,  135,  135,  135,  135,  135,  135,  135,  135,  135,  135,  135,  135,  135,  135,  135,  135,  135,  135,  135,  135
PORCEII2 , D,  135,  135,  135,  135,  135,  135,  135,  135,  135,  135,  135,  135,  135,  135,  135,  135,  135,  135,  135,  135,  135,  135,  135,  135
PORCEII3 , D,  135,  135,  135,  135,  135,  135,  135,  135,  135,  135,  135,  135,  135,  135,  135,  135,  135,  135,  135,  135,  135,  135,  135,  135
PORCEIII , P,  75112
PORCEIII4 , D,  175,  175,  175,  175,  175,  175,  175,  175,  175,  175,  175,  175,  175,  175,  175,  175,  175,  175,  175,  175,  175,  175,  175,  175
PORCEIII3 , D,  175,  175,  175,  175,  175,  175,  175,  175,  175,  175,  175,  175,  175,  175,  175,  175,  175,  175,  175,  175,  175,  175,  175,  175
PORCEIII2 , D,  175,  175,  175,  175,  175,  175,  175,  175,  175,  175,  175,  175,  175,  175,  175,  175,  175,  175,  175,  175,  175,  175,  175,  175
PORCEIII1 , D,  175,  175,  175,  175,  175,  175,  175,  175,  175,  175,  175,  175,  175,  175,  175,  175,  175,  175,  175,  175,  175,  175,  175,  175
PORCEIII , AGCP,  200,  200,  200,  200,  200,  200,  200,  200,  200,  200,  200,  200,  200,  200,  200,  200,  200,  200,  200,  200,  200,  200,  200,  200
PORCEIII4 , AGCU,  50,  50,  50,  50,  50,  50,  50,  50,  50,  50,  50,  50,  50,  50,  50,  50,  50,  50,  50,  50,  50,  50,  50,  50
PORCEIII3 , AGCU,  50,  50,  50,  50,  50,  50,  50,  50,  50,  50,  50,  50,  50,  50,  50,  50,  50,  50,  50,  50,  50,  50,  50,  50
PORCEIII2 , AGCU,  50,  50,  50,  50,  50,  50,  50,  50,  50,  50,  50,  50,  50,  50,  50,  50,  50,  50,  50,  50,  50,  50,  50,  50
PORCEIII1 , AGCU,  50,  50,  50,  50,  50,  50,  50,  50,  50,  50,  50,  50,  50,  50,  50,  50,  50,  50,  50,  50,  50,  50,  50,  50
TERMOSIERRACC , P,  690494
TERMOSIERRACC , PAP1, 70023842
TERMOSIERRACC , PAP2, 163230821
TERMOSIERRACC , PAP3, 104273284
TERMOSIERRACC , PAP4, 230984169
TERMOSIERRACC , PAP5, 196516338
TERMOSIERRACC , PAP6, 328686952
TERMOSIERRACC , PAP7, 565989344
TERMOSIERRACC , PAP8, 359223778
TERMOSIERRACC , PAP9, 623414392
TERMOSIERRACC , PAP10, 614065078
TERMOSIERRACC , PAP11, 377161810
TERMOSIERRACC , PAP12, 377161810
TERMOSIERRACC , PAP13, 350770612
TERMOSIERRACC , PAP14, 342196956
TERMOSIERRACC , PAPUSD1, 18597
TERMOSIERRACC , PAPUSD2, 43351
TERMOSIERRACC , PAPUSD3, 27693
TERMOSIERRACC , PAPUSD4, 61345
TERMOSIERRACC , PAPUSD5, 52191
TERMOSIERRACC , PAPUSD6, 87293
TERMOSIERRACC , PAPUSD7, 150316
TERMOSIERRACC , PAPUSD8, 95403
TERMOSIERRACC , PAPUSD9, 165567
TERMOSIERRACC , PAPUSD10, 163084
TERMOSIERRACC , PAPUSD11, 100167
TERMOSIERRACC , PAPUSD12, 100167
TERMOSIERRACC , PAPUSD13, 93158
TERMOSIERRACC , PAPUSD14, 90881
TERMOSIERRA1 , D,  110,  110,  110,  110,  110,  110,  110,  110,  110,  110,  110,  110,  110,  110,  110,  110,  110,  110,  110,  110,  110,  110,  110,  110
TERMOSIERRA2 , D,  110,  110,  110,  110,  110,  110,  110,  110,  110,  110,  110,  110,  110,  110,  110,  110,  110,  110,  110,  110,  110,  110,  110,  110
TERMOSIERRA3 , D,  133,  133,  133,  133,  133,  133,  133,  133,  133,  133,  133,  133,  133,  133,  133,  133,  133,  133,  133,  133,  133,  133,  133,  133
TERMOSIERRACC , CONF,  9
TERMOSIERRACC , C,  ACPM
TERMODORADA1 , P,  952672
TERMODORADA1 , PAP1, 25174996
TERMODORADA1 , PAP2, 26138921
TERMODORADA1 , PAP3, 26153982
TERMODORADA1 , PAPUSD1, 6686
TERMODORADA1 , PAPUSD2, 6942
TERMODORADA1 , PAPUSD3, 6946
TERMODORADA1 , D,  45,  45,  45,  45,  45,  45,  45,  0,  0,  0,  0,  0,  0,  0,  0,  0,  0,  45,  45,  45,  45,  45,  45,  45
TERMODORADA1 , CONF,  3
TERMODORADA1 , C,  ACPM
INSULA1 , D,  5.00,  5.00,  5.00,  5.00,  5.00,  5.00,  5.00,  5.00,  5.00,  5.00,  5.00,  5.00,  5.00,  5.00,  5.00,  5.00,  5.00,  5.00,  5.00,  5.00,  5.00,  5.00,  5.00,  5.00
INSULA2 , D,  5.00,  5.00,  5.00,  5.00,  5.00,  5.00,  5.00,  5.00,  5.00,  5.00,  5.00,  5.00,  5.00,  5.00,  5.00,  5.00,  5.00,  5.00,  5.00,  5.00,  5.00,  5.00,  5.00,  5.00
INSULA3 , D,  7.00,  7.00,  7.00,  7.00,  7.00,  7.00,  7.00,  7.00,  7.00,  7.00,  7.00,  7.00,  7.00,  7.00,  7.00,  7.00,  7.00,  7.00,  7.00,  7.00,  7.00,  7.00,  7.00,  7.00
LAHERRADURA1 , D,  9.80,  9.80,  9.80,  9.80,  9.80,  9.80,  9.80,  9.80,  9.80,  9.80,  9.80,  9.80,  9.80,  9.80,  9.80,  9.80,  9.80,  9.80,  9.80,  9.80,  9.80,  9.80,  9.80,  9.80
LAHERRADURA2 , D,  6.00,  6.00,  6.00,  6.00,  6.00,  6.00,  6.00,  6.00,  6.00,  6.00,  6.00,  6.00,  6.00,  6.00,  6.00,  6.00,  6.00,  6.00,  6.00,  6.00,  6.00,  6.00,  6.00,  6.00
PAJARITO1 , D,  4.60,  4.60,  4.60,  4.60,  4.60,  4.60,  4.60,  4.60,  4.60,  4.60,  4.60,  4.60,  4.60,  4.60,  4.60,  4.60,  4.60,  4.60,  4.60,  4.60,  4.60,  4.60,  4.60,  4.60
PAJARITO2 , D,  7.50,  7.50,  7.50,  7.50,  7.50,  7.50,  7.50,  7.50,  7.50,  7.50,  7.50,  7.50,  7.50,  7.50,  7.50,  7.50,  7.50,  7.50,  7.50,  7.50,  7.50,  7.50,  7.50,  7.50
AUTOGPTARBELLO1 , D,  0.00,  0.00,  0.00,  0.00,  0.00,  0.00,  0.00,  0.00,  0.00,  0.00,  0.00,  0.00,  0.00,  0.00,  0.00,  0.00,  0.00,  0.00,  0.00,  0.00,  0.00,  0.00,  0.00,  0.00
AUTOGPTARBELLO2 , D,  0.00,  0.00,  0.00,  0.00,  0.00,  0.00,  0.00,  0.00,  0.00,  0.00,  0.00,  0.00,  0.00,  0.00,  0.00,  0.00,  0.00,  0.00,  0.00,  0.00,  0.00,  0.00,  0.00,  0.00
AUTOGPTARBELLO3 , D,  0.00,  0.00,  0.00,  0.00,  0.00,  0.00,  0.00,  0.00,  0.00,  0.00,  0.00,  0.00,  0.00,  0.00,  0.00,  0.00,  0.00,  0.00,  0.00,  0.00,  0.00,  0.00,  0.00,  0.00
AUTOGPTARBELLO4 , D,  0.00,  0.00,  0.00,  0.00,  0.00,  0.00,  0.00,  0.00,  0.00,  0.00,  0.00,  0.00,  0.00,  0.00,  0.00,  0.00,  0.00,  0.00,  0.00,  0.00,  0.00,  0.00,  0.00,  0.00
AUTOGPTARBELLO5 , D,  0.00,  0.00,  0.00,  0.00,  0.00,  0.00,  0.00,  0.00,  0.00,  0.00,  0.00,  0.00,  0.00,  0.00,  0.00,  0.00,  0.00,  0.00,  0.00,  0.00,  0.00,  0.00,  0.00,  0.00
AUTOGPTARBELLO6 , D,  0.00,  0.00,  0.00,  0.00,  0.00,  0.00,  0.00,  0.00,  0.00,  0.00,  0.00,  0.00,  0.00,  0.00,  0.00,  0.00,  0.00,  0.00,  0.00,  0.00,  0.00,  0.00,  0.00,  0.00
AUTOGPTARBELLO7 , D,  0.00,  0.00,  0.00,  0.00,  0.00,  0.00,  0.00,  0.00,  0.00,  0.00,  0.00,  0.00,  0.00,  0.00,  0.00,  0.00,  0.00,  0.00,  0.00,  0.00,  0.00,  0.00,  0.00,  0.00
JEPIRACHI1-15 , D,  5.10,  6.30,  5.50,  5.70,  5.60,  4.10,  4.70,  6.20,  7.80,  7.20,  7.40,  7.30,  12.50,  14.10,  14.90,  15.10,  16.30,  15.80,  14.10,  13.40,  10.80,  10.80,  10.90,  10.70
JEPIRACHI1-15 , INVD,  15.00,  15.00,  15.00,  15.00,  15.00,  15.00,  14.00,  14.00,  14.00,  14.00,  14.00,  14.00,  14.00,  14.00,  15.00,  15.00,  15.00,  15.00,  15.00,  15.00,  15.00,  15.00,  15.00,  15.00
AUTOGARGOSSOGAMOSO , D,  2.80,  2.80,  2.80,  2.80,  2.80,  2.80,  2.80,  2.80,  2.80,  2.80,  2.80,  2.80,  2.80,  2.80,  2.80,  2.80,  2.80,  2.80,  2.80,  2.80,  2.80,  2.80,  2.80,  2.80
AMERICA , D,  0.00,  0.00,  0.00,  0.00,  0.00,  0.00,  0.00,  0.00,  0.00,  0.00,  0.00,  0.00,  0.00,  0.00,  0.00,  0.00,  0.00,  0.00,  0.00,  0.00,  0.00,  0.00,  0.00,  0.00
AUTOGAYURA , D,  12.40,  12.40,  12.40,  12.40,  12.40,  12.40,  12.40,  12.40,  12.40,  12.40,  12.40,  12.40,  12.40,  12.40,  12.40,  12.40,  12.40,  12.40,  12.40,  12.40,  12.40,  12.40,  12.40,  12.40
BELLO , D,  0.30,  0.30,  0.30,  0.30,  0.30,  0.30,  0.30,  0.30,  0.30,  0.30,  0.30,  0.30,  0.30,  0.30,  0.30,  0.30,  0.30,  0.30,  0.30,  0.30,  0.30,  0.30,  0.30,  0.30
CAMPESTRE(EPM) , D,  0.00,  0.00,  0.00,  0.00,  0.00,  0.00,  0.00,  0.00,  0.00,  0.00,  0.00,  0.00,  0.00,  0.00,  0.00,  0.00,  0.00,  0.00,  0.00,  0.00,  0.00,  0.00,  0.00,  0.00
MANANTIALES , D,  0.00,  0.00,  0.00,  0.00,  0.00,  0.00,  0.00,  0.00,  0.00,  0.00,  0.00,  0.00,  0.00,  0.00,  0.00,  0.00,  0.00,  0.00,  0.00,  0.00,  0.00,  0.00,  0.00,  0.00
AUTGCEMENTOSDELNARE , D,  7.10,  7.10,  7.10,  7.10,  7.10,  7.10,  7.10,  5.90,  5.90,  5.90,  5.90,  5.90,  5.90,  5.90,  5.90,  6.80,  6.80,  6.80,  6.80,  6.80,  6.80,  6.80,  6.80,  7.10
LAVUELTA , D,  10.00,  10.00,  10.00,  10.00,  10.00,  10.00,  10.00,  10.00,  10.00,  10.00,  10.00,  10.00,  10.00,  10.00,  10.00,  10.00,  10.00,  10.00,  10.00,  10.00,  10.00,  10.00,  10.00,  10.00
CARACOLI , D,  0.00,  0.00,  0.00,  0.00,  0.00,  0.00,  0.00,  0.00,  0.00,  0.00,  0.00,  0.00,  0.00,  0.00,  0.00,  0.00,  0.00,  0.00,  0.00,  0.00,  0.00,  0.00,  0.00,  0.00
RIOGRANDEI , D,  19.00,  19.00,  19.00,  19.00,  19.00,  19.00,  19.00,  19.00,  19.00,  19.00,  19.00,  19.00,  19.00,  19.00,  19.00,  19.00,  19.00,  19.00,  19.00,  19.00,  19.00,  19.00,  19.00,  19.00
SONSON , D,  17.00,  17.00,  17.00,  17.00,  17.00,  17.00,  17.00,  17.00,  17.00,  17.00,  17.00,  17.00,  17.00,  17.00,  17.00,  17.00,  17.00,  17.00,  17.00,  17.00,  17.00,  17.00,  17.00,  17.00
RIOFRIO(TAMESIS) , D,  0.37,  0.37,  0.37,  0.37,  0.37,  0.37,  0.37,  0.37,  0.37,  0.37,  0.37,  0.37,  0.37,  0.37,  0.37,  0.37,  0.37,  0.37,  0.37,  0.37,  0.37,  0.37,  0.37,  0.37
GUACAICA , D,  0.00,  0.00,  0.00,  0.00,  0.00,  0.00,  0.00,  0.00,  0.00,  0.00,  0.00,  0.00,  0.00,  0.00,  0.00,  0.00,  0.00,  0.00,  0.00,  0.00,  0.00,  0.00,  0.00,  0.00
INTERMEDIA , D,  0.00,  0.00,  0.00,  0.00,  0.00,  0.00,  0.00,  0.00,  0.00,  0.00,  0.00,  0.00,  0.00,  0.00,  0.00,  0.00,  0.00,  0.00,  0.00,  0.00,  0.00,  0.00,  0.00,  0.00
SANCANCIO , D,  1.50,  1.50,  1.50,  1.50,  1.50,  1.50,  1.50,  1.50,  1.50,  1.50,  1.50,  1.50,  1.50,  1.50,  1.50,  1.50,  1.50,  1.50,  1.50,  1.50,  1.50,  1.50,  1.50,  1.50
NIQUIA , D,  12.00,  12.00,  12.00,  12.50,  12.00,  12.00,  12.00,  12.50,  12.50,  12.50,  12.50,  12.50,  12.50,  12.50,  12.50,  12.50,  12.00,  12.00,  12.00,  12.00,  12.00,  12.00,  12.00,  12.00
NUTIBARA , D,  0.00,  0.00,  0.00,  0.00,  0.00,  0.00,  0.00,  0.00,  0.00,  0.00,  0.00,  0.00,  0.00,  0.00,  0.00,  0.00,  0.00,  0.00,  0.00,  0.00,  0.00,  0.00,  0.00,  0.00
CASCADA , D,  1.80,  1.80,  1.80,  1.80,  1.80,  1.80,  1.80,  1.80,  1.80,  1.80,  1.80,  1.80,  1.80,  1.80,  1.80,  1.80,  1.80,  1.80,  1.80,  1.80,  1.80,  1.80,  1.80,  1.80
PALMASSANGIL , D,  8.00,  8.00,  8.00,  8.00,  8.00,  8.00,  8.00,  8.00,  8.00,  8.00,  8.00,  8.00,  8.00,  8.00,  8.00,  8.00,  8.00,  8.00,  8.00,  8.00,  8.00,  8.00,  8.00,  8.00
RIOGRANDE , D,  0.30,  0.30,  0.30,  0.30,  0.30,  0.30,  0.30,  0.30,  0.30,  0.30,  0.30,  0.30,  0.30,  0.30,  0.30,  0.30,  0.30,  0.30,  0.30,  0.30,  0.30,  0.30,  0.30,  0.30
MUNICIPAL , D,  1.00,  1.00,  1.00,  1.00,  1.00,  1.00,  1.00,  1.00,  1.00,  1.00,  1.00,  1.00,  1.00,  1.00,  1.00,  1.00,  1.00,  1.00,  1.00,  1.00,  1.00,  1.00,  1.00,  1.00
AUTOGARGOSELCAIRO , D,  6.50,  6.50,  6.50,  6.50,  6.50,  6.50,  6.50,  6.50,  6.50,  6.50,  6.50,  6.50,  6.50,  6.50,  6.50,  6.50,  6.50,  6.50,  6.50,  6.50,  6.50,  6.50,  6.50,  6.50
PORCEIIIMENOR , D,  1.00,  1.00,  1.00,  1.00,  1.00,  1.00,  1.00,  1.00,  1.00,  1.00,  1.00,  1.00,  1.00,  1.00,  1.00,  1.00,  1.00,  1.00,  1.00,  1.00,  1.00,  1.00,  1.00,  1.00


AGENTE: EGECOL S.A. E.S.P.
PCHLALIBERTAD1 , D,  0.21,  0.21,  0.21,  0.21,  0.21,  0.21,  0.21,  0.21,  0.21,  0.21,  0.21,  0.21,  0.21,  0.21,  0.21,  0.21,  0.21,  0.21,  0.21,  0.21,  0.21,  0.21,  0.21,  0.21


AGENTE: ELECTROHUILA
IQUIRAI , D,  2.00,  2.00,  2.00,  2.00,  2.00,  2.00,  2.00,  2.00,  2.00,  2.00,  2.00,  2.00,  2.00,  2.00,  2.00,  2.00,  2.00,  2.00,  2.00,  2.00,  2.00,  2.00,  2.00,  2.00
IQUIRAII , D,  0.00,  0.00,  0.00,  0.00,  0.00,  0.00,  0.00,  0.00,  0.00,  0.00,  0.00,  0.00,  0.00,  0.00,  0.00,  0.00,  0.00,  0.00,  0.00,  0.00,  0.00,  0.00,  0.00,  0.00
LAPITA , D,  0.00,  0.00,  0.00,  0.00,  0.00,  0.00,  0.00,  0.00,  0.00,  0.00,  0.00,  0.00,  0.00,  0.00,  0.00,  0.00,  0.00,  0.00,  0.00,  0.00,  0.00,  0.00,  0.00,  0.00


AGENTE: EMEE(POPAYAN)
COCONUCO , D,  2.20,  2.20,  2.20,  2.20,  2.20,  2.20,  2.20,  2.20,  2.20,  2.20,  2.20,  2.20,  2.20,  2.20,  2.20,  2.20,  2.20,  2.20,  2.20,  2.20,  2.20,  2.20,  2.20,  2.20


AGENTE: EMGESA S.A.
BETANIA , P,  82000
BETANIA1 , D,  165,  165,  165,  165,  165,  165,  165,  165,  165,  165,  165,  165,  165,  165,  165,  165,  165,  165,  165,  165,  165,  165,  165,  165
BETANIA2 , D,  165,  165,  165,  165,  165,  165,  165,  165,  165,  165,  165,  165,  165,  165,  165,  165,  165,  165,  165,  165,  165,  165,  165,  165
BETANIA3 , D,  165,  165,  165,  165,  165,  165,  165,  165,  165,  165,  165,  165,  165,  165,  165,  165,  165,  165,  165,  165,  165,  165,  165,  165
BETANIA , MO,  60,  60,  60,  60,  60,  60,  60,  60,  60,  60,  60,  60,  60,  60,  60,  60,  60,  60,  60,  60,  60,  60,  60,  60
GUAVIO , P,  91000
GUAVIO1 , D,  240,  240,  240,  240,  240,  240,  240,  240,  240,  240,  240,  240,  240,  240,  240,  240,  240,  240,  240,  240,  240,  240,  240,  240
GUAVIO2 , D,  240,  240,  240,  240,  240,  240,  240,  240,  240,  240,  240,  240,  240,  240,  240,  240,  240,  240,  240,  240,  240,  240,  240,  240
GUAVIO3 , D,  240,  240,  240,  240,  240,  240,  240,  240,  240,  240,  240,  240,  240,  240,  240,  240,  240,  240,  240,  240,  240,  240,  240,  240
GUAVIO4 , D,  0,  0,  0,  0,  0,  0,  0,  0,  0,  0,  0,  0,  0,  0,  0,  0,  0,  0,  0,  0,  0,  0,  0,  0
GUAVIO5 , D,  240,  240,  240,  240,  240,  240,  240,  240,  240,  240,  240,  240,  240,  240,  240,  240,  240,  240,  240,  240,  240,  240,  240,  240
GUAVIO , AGCP,  0,  0,  0,  0,  0,  0,  0,  0,  0,  0,  0,  0,  0,  0,  0,  0,  0,  0,  0,  0,  0,  0,  0,  0
GUAVIO1 , AGCU,  180,  180,  180,  180,  180,  180,  180,  180,  180,  180,  180,  180,  180,  180,  180,  180,  180,  180,  180,  180,  180,  180,  180,  180
GUAVIO2 , AGCU,  180,  180,  180,  180,  180,  180,  180,  180,  180,  180,  180,  180,  180,  180,  180,  180,  180,  180,  180,  180,  180,  180,  180,  180
GUAVIO3 , AGCU,  180,  180,  180,  180,  180,  180,  180,  180,  180,  180,  180,  180,  180,  180,  180,  180,  180,  180,  180,  180,  180,  180,  180,  180
GUAVIO4 , AGCU,  0,  0,  0,  0,  0,  0,  0,  0,  0,  0,  0,  0,  0,  0,  0,  0,  0,  0,  0,  0,  0,  0,  0,  0
GUAVIO5 , AGCU,  180,  180,  180,  180,  180,  180,  180,  180,  180,  180,  180,  180,  180,  180,  180,  180,  180,  180,  180,  180,  180,  180,  180,  180
PAGUA , P,  75112
LAGUACA1 , D,  108,  108,  108,  108,  108,  108,  108,  108,  108,  108,  108,  108,  108,  108,  108,  108,  108,  108,  108,  108,  108,  108,  108,  108
LAGUACA2 , D,  108,  108,  108,  108,  108,  108,  108,  108,  108,  108,  108,  108,  108,  108,  108,  108,  108,  108,  108,  108,  108,  108,  108,  108
LAGUACA3 , D,  108,  108,  108,  108,  108,  108,  108,  108,  108,  108,  108,  108,  108,  108,  108,  108,  108,  108,  108,  108,  108,  108,  108,  108
PARAISO1 , D,  92,  92,  92,  92,  92,  92,  92,  92,  92,  92,  92,  92,  92,  92,  92,  92,  92,  92,  92,  92,  92,  92,  92,  92
PARAISO2 , D,  92,  92,  92,  92,  92,  92,  92,  92,  92,  92,  92,  92,  92,  92,  92,  92,  92,  92,  92,  92,  92,  92,  92,  92
PARAISO3 , D,  92,  92,  92,  92,  92,  92,  92,  92,  92,  92,  92,  92,  92,  92,  92,  92,  92,  92,  92,  92,  92,  92,  92,  92
PAGUA , AGCP,  378,  378,  378,  378,  378,  378,  378,  378,  378,  378,  378,  378,  378,  378,  378,  378,  378,  378,  378,  378,  378,  378,  378,  378
LAGUACA1 , AGCU,  68,  68,  68,  68,  68,  68,  68,  68,  68,  68,  68,  68,  68,  68,  68,  68,  68,  68,  68,  68,  68,  68,  68,  68
LAGUACA2 , AGCU,  68,  68,  68,  68,  68,  68,  68,  68,  68,  68,  68,  68,  68,  68,  68,  68,  68,  68,  68,  68,  68,  68,  68,  68
LAGUACA3 , AGCU,  68,  68,  68,  68,  68,  68,  68,  68,  68,  68,  68,  68,  68,  68,  68,  68,  68,  68,  68,  68,  68,  68,  68,  68
PARAISO1 , AGCU,  58,  58,  58,  58,  58,  58,  58,  58,  58,  58,  58,  58,  58,  58,  58,  58,  58,  58,  58,  58,  58,  58,  58,  58
PARAISO2 , AGCU,  58,  58,  58,  58,  58,  58,  58,  58,  58,  58,  58,  58,  58,  58,  58,  58,  58,  58,  58,  58,  58,  58,  58,  58
PARAISO3 , AGCU,  58,  58,  58,  58,  58,  58,  58,  58,  58,  58,  58,  58,  58,  58,  58,  58,  58,  58,  58,  58,  58,  58,  58,  58
ELQUIMBO , P,  84000
ELQUIMBO1 , D,  180,  180,  180,  180,  180,  180,  180,  180,  180,  180,  180,  180,  180,  180,  180,  180,  180,  180,  180,  180,  180,  180,  180,  180
ELQUIMBO2 , D,  180,  180,  180,  180,  180,  180,  180,  180,  180,  180,  180,  180,  180,  180,  180,  180,  180,  180,  180,  180,  180,  180,  180,  180
ELQUIMBO , AGCP,  0,  0,  0,  0,  0,  0,  0,  0,  0,  0,  0,  0,  0,  0,  0,  0,  0,  0,  0,  0,  0,  0,  0,  0
ELQUIMBO1 , AGCU,  97,  97,  97,  97,  97,  97,  97,  97,  97,  97,  97,  97,  97,  97,  97,  97,  97,  97,  97,  97,  97,  97,  97,  97
ELQUIMBO2 , AGCU,  97,  97,  97,  97,  97,  97,  97,  97,  97,  97,  97,  97,  97,  97,  97,  97,  97,  97,  97,  97,  97,  97,  97,  97
ELQUIMBO , MO,  83,  83,  83,  83,  83,  83,  83,  83,  83,  83,  83,  83,  83,  83,  83,  83,  83,  83,  83,  83,  83,  83,  83,  83
DARIOVALENCIASAMPER , P,  80000
DARIOVALENCIASAMPER1 , D,  50,  50,  50,  50,  50,  50,  50,  0,  0,  0,  0,  0,  0,  0,  0,  0,  0,  50,  50,  50,  50,  50,  50,  50
DARIOVALENCIASAMPER2 , D,  50,  50,  50,  50,  50,  50,  50,  50,  50,  50,  50,  50,  50,  50,  50,  50,  50,  50,  50,  50,  50,  50,  50,  50
DARIOVALENCIASAMPER5 , D,  50,  50,  50,  50,  50,  50,  50,  50,  50,  50,  50,  50,  50,  50,  50,  50,  50,  50,  50,  50,  50,  50,  50,  50
SALTOII , P,  80100
SALTOII2 , D,  35,  35,  35,  35,  35,  35,  35,  35,  35,  35,  35,  35,  35,  35,  35,  35,  35,  35,  35,  35,  35,  35,  35,  35
ELPASOPANELES , D,  0,  0,  0,  0,  0,  0,  1,  2,  11,  40,  44,  44,  47,  32,  28,  24,  13,  3,  0,  0,  0,  0,  0,  0
ELPASOPANELES , PRU,  100,  100,  100,  100,  100,  100,  100,  100,  100,  100,  100,  100,  100,  100,  100,  100,  100,  100,  100,  100,  100,  100,  100,  100
ELPASOPANELES , INVD,  38,  38,  38,  38,  38,  38,  38,  38,  38,  38,  38,  38,  38,  38,  38,  38,  38,  38,  38,  38,  38,  38,  38,  38
CARTAGENA1 , P,  951998
CARTAGENA1 , PAP1, 61774004
CARTAGENA1 , PAP2, 61774004
CARTAGENA1 , PAPUSD1, 16406
CARTAGENA1 , PAPUSD2, 16406
CARTAGENA1 , D,  52,  52,  52,  52,  52,  52,  52,  52,  52,  52,  52,  52,  52,  52,  52,  52,  52,  52,  52,  52,  52,  52,  52,  52
CARTAGENA1 , CONF,  1
CARTAGENA1 , C,  COMBUSTOLEO
CARTAGENA2 , P,  982350
CARTAGENA2 , PAP1, 56351929
CARTAGENA2 , PAP2, 56351929
CARTAGENA2 , PAPUSD1, 14966
CARTAGENA2 , PAPUSD2, 14966
CARTAGENA2 , D,  62,  62,  62,  62,  62,  62,  62,  62,  62,  62,  62,  62,  62,  62,  62,  62,  62,  62,  62,  62,  62,  62,  62,  62
CARTAGENA2 , CONF,  1
CARTAGENA2 , C,  COMBUSTOLEO
CARTAGENA3 , P,  986000
CARTAGENA3 , PAP1, 58200706
CARTAGENA3 , PAP2, 58200706
CARTAGENA3 , PAPUSD1, 15457
CARTAGENA3 , PAPUSD2, 15457
CARTAGENA3 , D,  0,  0,  0,  0,  0,  0,  0,  0,  0,  0,  0,  0,  0,  0,  0,  0,  0,  0,  0,  0,  0,  0,  0,  0
CARTAGENA3 , CONF,  1
CARTAGENA3 , C,  COMBUSTOLEO
ZIPAEMG2 , P,  203125
ZIPAEMG2 , PAP1, 38538153
ZIPAEMG2 , PAPUSD1, 10235
ZIPAEMG2 , D,  36,  36,  36,  36,  36,  36,  36,  36,  36,  36,  36,  36,  36,  36,  36,  36,  36,  36,  36,  36,  36,  36,  36,  36
ZIPAEMG2 , CONF,  1
ZIPAEMG2 , C,  CARBON
ZIPAEMG3 , P,  202000
ZIPAEMG3 , PAP1, 59635297
ZIPAEMG3 , PAPUSD1, 15838
ZIPAEMG3 , D,  63,  63,  63,  63,  63,  63,  63,  63,  63,  63,  63,  63,  63,  63,  63,  63,  63,  63,  63,  63,  63,  63,  63,  63
ZIPAEMG3 , CONF,  1
ZIPAEMG3 , C,  CARBON
ZIPAEMG4 , P,  203300
ZIPAEMG4 , PAP1, 59635297
ZIPAEMG4 , PAPUSD1, 15838
ZIPAEMG4 , D,  64,  64,  64,  64,  64,  64,  64,  64,  64,  64,  64,  64,  64,  64,  64,  64,  64,  64,  64,  64,  64,  64,  64,  64
ZIPAEMG4 , CONF,  1
ZIPAEMG4 , C,  CARBON
ZIPAEMG5 , P,  202033
ZIPAEMG5 , PAP1, 59635297
ZIPAEMG5 , PAPUSD1, 15838
ZIPAEMG5 , D,  63,  63,  63,  63,  63,  63,  63,  63,  63,  63,  63,  63,  63,  63,  63,  63,  63,  63,  63,  63,  63,  63,  63,  63
ZIPAEMG5 , CONF,  1
ZIPAEMG5 , C,  CARBON
CHARQUITO , D,  19.00,  19.00,  19.00,  19.00,  19.00,  19.00,  19.00,  19.00,  19.00,  19.00,  19.00,  19.00,  19.00,  19.00,  19.00,  19.00,  19.00,  19.00,  19.00,  19.00,  19.00,  19.00,  19.00,  19.00
ELLIMONAR , D,  18.00,  18.00,  18.00,  18.00,  18.00,  18.00,  18.00,  18.00,  18.00,  18.00,  18.00,  18.00,  18.00,  18.00,  18.00,  18.00,  18.00,  18.00,  18.00,  18.00,  18.00,  18.00,  18.00,  18.00
RIONEGRO , D,  0.00,  0.00,  0.00,  0.00,  0.00,  0.00,  0.00,  0.00,  0.00,  0.00,  0.00,  0.00,  0.00,  0.00,  0.00,  0.00,  0.00,  0.00,  0.00,  0.00,  0.00,  0.00,  0.00,  0.00
SANTAANA , D,  0.00,  0.00,  0.00,  0.00,  0.00,  0.00,  0.00,  0.00,  0.00,  0.00,  0.00,  0.00,  0.00,  0.00,  0.00,  0.00,  0.00,  0.00,  0.00,  0.00,  0.00,  0.00,  0.00,  0.00
SUBA , D,  1.70,  1.70,  1.70,  1.70,  1.70,  1.70,  1.70,  1.70,  1.70,  1.70,  1.70,  1.70,  1.70,  1.70,  1.70,  1.70,  1.70,  1.70,  1.70,  1.70,  1.70,  1.70,  1.70,  1.70
USAQUEN , D,  0.90,  0.90,  0.90,  0.90,  0.90,  0.90,  0.90,  0.90,  0.90,  0.90,  0.90,  0.90,  0.90,  0.90,  0.90,  0.90,  0.90,  0.90,  0.90,  0.90,  0.90,  0.90,  0.90,  0.90
LAGUNETA , D,  18.00,  18.00,  18.00,  18.00,  18.00,  18.00,  18.00,  18.00,  18.00,  18.00,  18.00,  18.00,  18.00,  18.00,  18.00,  18.00,  18.00,  18.00,  18.00,  18.00,  18.00,  18.00,  18.00,  18.00
GUAVIOMENOR , D,  5.00,  5.00,  5.00,  5.00,  5.00,  5.00,  5.00,  5.00,  5.00,  5.00,  5.00,  5.00,  5.00,  5.00,  5.00,  5.00,  5.00,  5.00,  5.00,  5.00,  5.00,  5.00,  5.00,  5.00
TEQUENDAMA1 , D,  14.00,  14.00,  14.00,  14.00,  14.00,  14.00,  14.00,  14.00,  14.00,  14.00,  14.00,  14.00,  14.00,  14.00,  14.00,  14.00,  14.00,  14.00,  14.00,  14.00,  14.00,  14.00,  14.00,  14.00
TEQUENDAMA2 , D,  14.00,  14.00,  14.00,  14.00,  14.00,  14.00,  14.00,  14.00,  14.00,  14.00,  14.00,  14.00,  14.00,  14.00,  14.00,  14.00,  14.00,  14.00,  14.00,  14.00,  14.00,  14.00,  14.00,  14.00
TEQUENDAMA3 , D,  14.00,  14.00,  14.00,  14.00,  14.00,  14.00,  14.00,  14.00,  14.00,  14.00,  14.00,  14.00,  14.00,  14.00,  14.00,  14.00,  14.00,  14.00,  14.00,  14.00,  14.00,  14.00,  14.00,  14.00
TEQUENDAMA4 , D,  14.00,  14.00,  14.00,  14.00,  14.00,  14.00,  14.00,  14.00,  14.00,  14.00,  14.00,  14.00,  14.00,  14.00,  14.00,  14.00,  14.00,  14.00,  14.00,  14.00,  14.00,  14.00,  14.00,  14.00


AGENTE: EMSA(META)
AUTOGYAGUARITO , D,  0.44,  0.57,  0.65,  0.63,  0.46,  0.50,  0.46,  0.50,  0.50,  0.53,  0.50,  0.53,  0.49,  0.50,  0.47,  0.53,  0.53,  0.55,  0.63,  0.59,  0.56,  0.59,  0.50,  0.44
AUTOGCDSTM2500 , D,  0.00,  0.00,  0.00,  0.00,  0.00,  0.00,  0.00,  0.00,  0.00,  0.00,  0.00,  0.00,  0.00,  0.00,  0.00,  0.00,  0.00,  0.00,  0.00,  0.00,  0.00,  0.00,  0.00,  0.00


AGENTE: ENERCO 
PUENTEGUILLERMO1 , D,  1.00,  1.00,  1.00,  1.00,  1.00,  1.00,  1.00,  1.00,  1.00,  1.00,  1.00,  1.00,  1.00,  1.00,  1.00,  1.00,  1.00,  1.00,  1.00,  1.00,  1.00,  1.00,  1.00,  1.00
PUENTEGUILLERMO3 , D,  0.00,  0.00,  0.00,  0.00,  0.00,  0.00,  0.00,  0.00,  0.00,  0.00,  0.00,  0.00,  0.00,  0.00,  0.00,  0.00,  0.00,  0.00,  0.00,  0.00,  0.00,  0.00,  0.00,  0.00
AUTOGECOPETROLORITO , D,  1.00,  1.00,  1.00,  1.00,  1.00,  1.00,  1.00,  1.00,  1.00,  1.00,  1.00,  1.00,  1.00,  1.00,  1.00,  1.00,  1.00,  1.00,  1.00,  1.00,  1.00,  1.00,  1.00,  1.00
CURRUCUCUES , D,  0.60,  0.60,  0.60,  0.60,  0.60,  0.60,  0.60,  0.60,  0.60,  0.60,  0.60,  0.60,  0.60,  0.60,  0.60,  0.60,  0.60,  0.60,  0.60,  0.60,  0.60,  0.60,  0.60,  0.60


AGENTE: ENERGETICA
COELLO , D,  1.00,  1.00,  1.00,  1.00,  1.00,  1.00,  1.00,  1.00,  1.00,  1.00,  1.00,  1.00,  1.00,  1.00,  1.00,  1.00,  1.00,  1.00,  1.00,  1.00,  1.00,  1.00,  1.00,  1.00


AGENTE: ENERGIA DEL SUROESTE
MULATOSII1 , D,  6.00,  6.00,  6.00,  6.00,  6.00,  6.00,  6.00,  6.00,  6.00,  6.00,  6.00,  6.00,  6.00,  6.00,  6.00,  6.00,  6.00,  6.00,  6.00,  6.00,  6.00,  6.00,  6.00,  6.00


AGENTE: ENERGIA RIO PIEDRAS
AGUAFRESCA , D,  7.29,  7.29,  7.29,  7.29,  7.29,  7.29,  7.29,  7.29,  7.29,  7.29,  7.29,  7.29,  7.29,  7.29,  7.29,  7.29,  7.29,  7.29,  7.29,  7.29,  7.29,  7.29,  7.29,  7.29


AGENTE: ENREVSA E.S.P.
ELBOSQUE , D,  1.90,  1.90,  1.90,  1.90,  1.90,  1.90,  1.90,  1.90,  1.90,  1.90,  1.90,  1.90,  1.90,  1.90,  1.90,  1.90,  1.90,  1.90,  1.90,  1.90,  1.90,  1.90,  1.90,  1.90


AGENTE: ESPROD SAS ESP
PLANTASOLARBAYUNCAI1 , D,  0.00,  0.00,  0.00,  0.00,  0.00,  0.36,  1.27,  1.80,  1.98,  2.13,  1.93,  2.07,  1.89,  1.66,  1.42,  0.86,  0.14,  0.00,  0.00,  0.00,  0.00,  0.00,  0.00,  0.00
PLANTASOLARBAYUNCAI1 , INVD,  0.00,  0.00,  0.00,  0.00,  0.00,  1.00,  1.00,  2.00,  2.00,  2.00,  2.00,  2.00,  2.00,  2.00,  1.00,  1.00,  1.00,  0.00,  0.00,  0.00,  0.00,  0.00,  0.00,  0.00


AGENTE: GEC  
SANJOSE , D,  0.12,  0.12,  0.12,  0.12,  0.12,  0.12,  0.12,  0.12,  0.12,  0.11,  0.12,  0.12,  0.12,  0.12,  0.12,  0.12,  0.12,  0.12,  0.12,  0.12,  0.12,  0.12,  0.12,  0.12


AGENTE: GECELCA S.A. E.S.P
GUAJIRA1 , P,  321207
GUAJIRA1 , PAP1, 72934442
GUAJIRA1 , PAP2, 72934442
GUAJIRA1 , PAP3, 72934442
GUAJIRA1 , PAP4, 0
GUAJIRA1 , PAP5, 72934442
GUAJIRA1 , PAP6, 72934442
GUAJIRA1 , PAP7, 72934442
GUAJIRA1 , PAP8, 72934442
GUAJIRA1 , PAP9, 72934442
GUAJIRA1 , PAPUSD1, 19370
GUAJIRA1 , PAPUSD2, 19370
GUAJIRA1 , PAPUSD3, 19370
GUAJIRA1 , PAPUSD4, 0
GUAJIRA1 , PAPUSD5, 19370
GUAJIRA1 , PAPUSD6, 19370
GUAJIRA1 , PAPUSD7, 19370
GUAJIRA1 , PAPUSD8, 19370
GUAJIRA1 , PAPUSD9, 19370
GUAJIRA1 , D,  145,  145,  145,  145,  145,  145,  145,  145,  145,  145,  145,  145,  145,  145,  145,  145,  145,  145,  145,  145,  145,  145,  145,  145
GUAJIRA1 , CONF,  7
GUAJIRA1 , C,  MEZCLA GAS - CARBÓN
GUAJIRA2 , P,  310212
GUAJIRA2 , PAP1, 72934442
GUAJIRA2 , PAP2, 72934442
GUAJIRA2 , PAP3, 72934442
GUAJIRA2 , PAP4, 0
GUAJIRA2 , PAP5, 72934442
GUAJIRA2 , PAP6, 72934442
GUAJIRA2 , PAP7, 72934442
GUAJIRA2 , PAP8, 72934442
GUAJIRA2 , PAP9, 72934442
GUAJIRA2 , PAPUSD1, 19370
GUAJIRA2 , PAPUSD2, 19370
GUAJIRA2 , PAPUSD3, 19370
GUAJIRA2 , PAPUSD4, 0
GUAJIRA2 , PAPUSD5, 19370
GUAJIRA2 , PAPUSD6, 19370
GUAJIRA2 , PAPUSD7, 19370
GUAJIRA2 , PAPUSD8, 19370
GUAJIRA2 , PAPUSD9, 19370
GUAJIRA2 , D,  145,  145,  145,  145,  145,  145,  145,  145,  145,  145,  145,  145,  145,  145,  145,  145,  145,  145,  145,  145,  145,  145,  145,  145
GUAJIRA2 , CONF,  7
GUAJIRA2 , C,  MEZCLA GAS - CARBÓN
GECELCA3 , P,  236635
GECELCA3 , PAP1, 128623673
GECELCA3 , PAP2, 128623673
GECELCA3 , PAP3, 128623673
GECELCA3 , PAPUSD1, 34160
GECELCA3 , PAPUSD2, 34160
GECELCA3 , PAPUSD3, 34160
GECELCA3 , D,  0,  0,  0,  0,  0,  0,  0,  0,  0,  0,  0,  0,  0,  0,  0,  0,  0,  0,  0,  0,  0,  0,  0,  0
GECELCA3 , CONF,  1
GECELCA3 , C,  CARBON
GECELCA32 , P,  232332
GECELCA32 , PAP1, 122625502
GECELCA32 , PAP2, 122625502
GECELCA32 , PAPUSD1, 32567
GECELCA32 , PAPUSD2, 32567
GECELCA32 , D,  0,  0,  0,  0,  0,  0,  0,  0,  0,  0,  0,  0,  0,  0,  0,  0,  0,  0,  0,  0,  0,  0,  0,  0
GECELCA32 , CONF,  1
GECELCA32 , C,  CARBON


AGENTE: GENERPUTUMAYO
SANFRANCISCO(PUTUMAYO) , D,  0.20,  0.20,  0.20,  0.20,  0.20,  0.20,  0.20,  0.20,  0.20,  0.20,  0.20,  0.20,  0.20,  0.20,  0.20,  0.20,  0.20,  0.20,  0.20,  0.20,  0.20,  0.20,  0.20,  0.20
LAFRISOLERA , D,  0.37,  0.37,  0.37,  0.37,  0.37,  0.37,  0.37,  0.37,  0.37,  0.37,  0.37,  0.37,  0.37,  0.37,  0.37,  0.37,  0.37,  0.37,  0.37,  0.37,  0.37,  0.37,  0.37,  0.37


AGENTE: GENERSA
TERMOBOLIVAR1 , D,  0.00,  0.00,  0.00,  0.00,  0.00,  0.00,  0.00,  0.00,  0.00,  0.00,  0.00,  0.00,  0.00,  0.00,  0.00,  0.00,  0.00,  0.00,  0.00,  0.00,  0.00,  0.00,  0.00,  0.00
TERMOCAPACHOS , D,  9.90,  9.90,  9.90,  9.90,  9.90,  9.90,  9.90,  9.90,  9.90,  9.90,  9.90,  9.90,  9.90,  9.90,  9.90,  9.90,  9.90,  9.90,  9.90,  9.90,  9.90,  9.90,  9.90,  9.90


AGENTE: GENMAS S.A. E.S.P.
SANJOSEDELAMONTAÑAII1 , D,  0.60,  0.60,  0.60,  0.60,  0.60,  0.60,  0.60,  0.60,  0.60,  0.60,  0.60,  0.60,  0.60,  0.60,  0.60,  0.60,  0.60,  0.60,  0.60,  0.60,  0.60,  0.60,  0.60,  0.60
JUANGARCIA1 , D,  1.50,  1.50,  1.50,  1.50,  1.50,  1.50,  1.50,  1.50,  1.50,  1.50,  1.50,  1.50,  1.50,  1.50,  1.50,  1.50,  1.50,  1.50,  1.50,  1.50,  1.50,  1.50,  1.50,  1.30
JUANGARCIA2 , D,  1.30,  1.30,  1.30,  1.30,  1.30,  1.30,  1.30,  1.30,  1.30,  1.30,  1.30,  1.30,  1.30,  1.30,  1.30,  1.30,  1.30,  1.30,  1.30,  1.30,  1.30,  1.30,  1.30,  1.30
SANJOSEDELAMONTAÑA , D,  0.00,  0.00,  0.00,  0.00,  0.00,  0.00,  0.00,  0.00,  0.00,  0.00,  0.00,  0.00,  0.00,  0.00,  0.00,  0.00,  0.00,  0.00,  0.00,  0.00,  0.00,  0.00,  0.00,  0.00
LACASCADA(ABEJORRAL) , D,  1.30,  1.30,  1.30,  1.30,  1.30,  1.30,  1.30,  1.30,  1.30,  1.30,  1.30,  1.30,  1.30,  1.30,  1.30,  1.30,  1.30,  1.30,  1.30,  1.30,  1.30,  1.30,  1.30,  1.30
SANTARITA , D,  0.55,  0.55,  0.55,  0.55,  0.55,  0.55,  0.55,  0.55,  0.55,  0.55,  0.55,  0.55,  0.55,  0.55,  0.55,  0.55,  0.55,  0.55,  0.55,  0.55,  0.55,  0.55,  0.55,  0.55


AGENTE: GENSA
PAIPA1 , P,  162397
PAIPA1 , PAP1, 7018575
PAIPA1 , PAPUSD1, 1864
PAIPA1 , D,  36,  36,  36,  36,  36,  36,  36,  36,  36,  36,  36,  36,  36,  36,  36,  36,  36,  36,  36,  36,  36,  36,  36,  36
PAIPA1 , CONF,  1
PAIPA1 , C,  CARBON
PAIPA2 , P,  158368
PAIPA2 , PAP1, 14104926
PAIPA2 , PAPUSD1, 3746
PAIPA2 , D,  72,  72,  72,  72,  72,  72,  72,  72,  72,  72,  72,  72,  72,  72,  72,  72,  72,  72,  72,  72,  72,  72,  72,  72
PAIPA2 , CONF,  1
PAIPA2 , C,  CARBON
PAIPA3 , P,  154609
PAIPA3 , PAP1, 14104926
PAIPA3 , PAPUSD1, 3746
PAIPA3 , D,  70,  70,  70,  70,  70,  70,  70,  70,  70,  70,  70,  70,  70,  70,  70,  70,  70,  70,  70,  70,  70,  70,  70,  70
PAIPA3 , CONF,  1
PAIPA3 , C,  CARBON


AGENTE: HIDRALPOR SAS ESP
CARLOSLLERAS , P,  69000
CARLOSLLERAS1 , D,  35,  35,  35,  35,  35,  35,  35,  35,  35,  35,  35,  35,  35,  35,  35,  35,  35,  35,  35,  35,  35,  35,  35,  35
CARLOSLLERAS2 , D,  35,  35,  35,  35,  35,  35,  35,  35,  35,  35,  35,  35,  35,  35,  35,  35,  35,  35,  35,  35,  35,  35,  35,  35
ESCUELADEMINAS , P,  69000
ESCUELADEMINAS1 , D,  19,  19,  19,  19,  19,  19,  19,  19,  19,  19,  19,  19,  19,  19,  19,  19,  19,  19,  19,  19,  19,  19,  19,  19
ESCUELADEMINAS2 , D,  18,  18,  18,  18,  18,  18,  18,  18,  18,  18,  18,  18,  18,  18,  18,  18,  18,  18,  18,  18,  18,  18,  18,  18
ESCUELADEMINAS3 , D,  18,  18,  18,  18,  18,  18,  18,  18,  18,  18,  18,  18,  18,  18,  18,  18,  18,  18,  18,  18,  18,  18,  18,  18


AGENTE: HIDROBARRANCAS
HIDROBARRANCAS1 , D,  3.10,  3.10,  3.10,  3.10,  3.10,  3.10,  3.10,  3.10,  3.10,  3.10,  3.10,  3.10,  3.10,  3.10,  3.10,  3.10,  3.10,  3.10,  3.10,  3.10,  3.10,  3.10,  3.10,  3.10


AGENTE: HIDROTOLIMA
PASTALES , D,  0.65,  0.65,  0.65,  0.65,  0.65,  0.65,  0.65,  0.65,  0.65,  0.65,  0.65,  0.65,  0.65,  0.65,  0.65,  0.65,  0.65,  0.65,  0.65,  0.65,  0.65,  0.65,  0.65,  0.65
MIROLINDO , D,  2.79,  2.79,  2.79,  2.79,  2.79,  2.79,  2.79,  2.79,  2.79,  2.79,  2.79,  2.79,  2.79,  2.79,  2.79,  2.79,  2.79,  2.79,  2.79,  2.79,  2.79,  2.79,  2.79,  2.79
RIORECIO , D,  0.37,  0.37,  0.37,  0.37,  0.37,  0.37,  0.37,  0.37,  0.37,  0.37,  0.37,  0.37,  0.37,  0.37,  0.37,  0.37,  0.37,  0.37,  0.37,  0.37,  0.37,  0.37,  0.37,  0.37
VENTANAA , D,  0.00,  0.00,  0.00,  0.00,  0.00,  0.00,  0.00,  0.00,  0.00,  0.00,  0.00,  0.00,  0.00,  0.00,  0.00,  0.00,  0.00,  0.00,  0.00,  0.00,  0.00,  0.00,  0.00,  0.00
VENTANAB , D,  1.97,  1.97,  1.97,  1.97,  1.97,  1.97,  1.97,  1.97,  1.97,  1.97,  1.97,  1.97,  1.97,  1.97,  1.97,  1.97,  1.97,  1.97,  1.97,  1.97,  1.97,  1.97,  1.97,  1.97
SANTIAGO , D,  1.76,  1.76,  1.76,  1.76,  1.76,  1.76,  1.76,  1.76,  1.76,  1.76,  1.76,  1.76,  1.76,  1.76,  1.76,  1.76,  1.76,  1.76,  1.76,  1.76,  1.76,  1.76,  1.76,  1.76


AGENTE: HZ ENERGY
REMEDIOS , D,  0.50,  0.50,  0.50,  0.50,  0.50,  0.50,  0.50,  0.50,  0.50,  0.50,  0.50,  0.50,  0.50,  0.50,  0.50,  0.50,  0.50,  0.50,  0.50,  0.50,  0.50,  0.50,  0.50,  0.50
AMALFI , D,  0.40,  0.40,  0.40,  0.40,  0.40,  0.40,  0.40,  0.40,  0.40,  0.40,  0.40,  0.40,  0.40,  0.40,  0.40,  0.40,  0.40,  0.40,  0.40,  0.40,  0.40,  0.40,  0.40,  0.40
LAREBUSCA , D,  0.65,  0.65,  0.65,  0.65,  0.65,  0.65,  0.65,  0.65,  0.65,  0.65,  0.65,  0.65,  0.65,  0.65,  0.65,  0.65,  0.65,  0.65,  0.65,  0.65,  0.65,  0.65,  0.65,  0.65
PROVIDENCIA , D,  4.90,  4.90,  4.90,  4.90,  4.90,  4.90,  4.90,  4.90,  4.90,  4.90,  4.90,  4.90,  4.65,  4.90,  4.69,  4.69,  4.69,  4.90,  4.90,  4.90,  4.90,  4.90,  4.90,  4.90


AGENTE: IAC ENERGY
LANAVETA , D,  4.00,  4.00,  4.00,  4.00,  4.00,  4.00,  4.00,  4.00,  4.00,  4.00,  4.00,  4.00,  4.00,  4.00,  4.00,  4.00,  4.00,  4.00,  4.00,  4.00,  4.00,  4.00,  4.00,  4.00


AGENTE: ISAGEN
JAGUAS , P,  75112
JAGUAS1 , D,  0,  0,  0,  0,  0,  0,  0,  0,  0,  0,  0,  0,  0,  0,  0,  0,  0,  0,  0,  0,  0,  0,  0,  0
JAGUAS2 , D,  85,  85,  85,  85,  85,  85,  85,  85,  85,  85,  85,  85,  85,  85,  85,  85,  85,  85,  85,  85,  85,  85,  85,  85
JAGUAS , AGCP,  70,  70,  70,  70,  70,  70,  0,  0,  0,  0,  0,  0,  0,  0,  0,  0,  0,  0,  0,  0,  0,  0,  0,  0
JAGUAS1 , AGCU,  0,  0,  0,  0,  0,  0,  0,  0,  0,  0,  0,  0,  0,  0,  0,  0,  0,  0,  0,  0,  0,  0,  0,  0
JAGUAS2 , AGCU,  70,  70,  70,  70,  70,  70,  0,  0,  0,  0,  0,  0,  0,  0,  0,  0,  0,  0,  0,  0,  0,  0,  0,  0
SANCARLOS , P,  85990
SANCARLOS1 , D,  155,  155,  155,  155,  155,  155,  155,  155,  155,  155,  155,  155,  155,  155,  155,  155,  155,  155,  155,  155,  155,  155,  155,  155
SANCARLOS2 , D,  155,  155,  155,  155,  155,  155,  155,  155,  155,  155,  155,  155,  155,  155,  155,  155,  155,  155,  155,  155,  155,  155,  155,  155
SANCARLOS3 , D,  155,  155,  155,  155,  155,  155,  155,  155,  155,  155,  155,  155,  155,  155,  155,  155,  155,  155,  155,  155,  155,  155,  155,  155
SANCARLOS4 , D,  155,  155,  155,  155,  155,  155,  155,  155,  155,  155,  155,  155,  155,  155,  155,  155,  155,  155,  155,  155,  155,  155,  155,  155
SANCARLOS5 , D,  155,  155,  155,  155,  155,  155,  155,  155,  155,  155,  155,  155,  155,  155,  155,  155,  155,  155,  155,  155,  155,  155,  155,  155
SANCARLOS6 , D,  155,  155,  155,  155,  155,  155,  155,  155,  155,  155,  155,  155,  155,  155,  155,  155,  155,  155,  155,  155,  155,  155,  155,  155
SANCARLOS7 , D,  155,  155,  155,  155,  155,  155,  155,  155,  155,  155,  155,  155,  155,  155,  155,  155,  155,  155,  155,  155,  155,  155,  155,  155
SANCARLOS8 , D,  155,  155,  155,  155,  155,  155,  155,  155,  155,  155,  155,  155,  155,  155,  155,  155,  155,  155,  155,  155,  155,  155,  155,  155
SANCARLOS , AGCP,  1040,  1040,  1040,  1040,  1040,  1040,  1040,  1040,  1040,  1040,  1040,  1040,  1040,  1040,  1040,  1040,  1040,  1040,  1040,  1040,  1040,  1040,  1040,  1040
SANCARLOS1 , AGCU,  130,  130,  130,  130,  130,  130,  130,  130,  130,  130,  130,  130,  130,  130,  130,  130,  130,  130,  130,  130,  130,  130,  130,  130
SANCARLOS2 , AGCU,  130,  130,  130,  130,  130,  130,  130,  130,  130,  130,  130,  130,  130,  130,  130,  130,  130,  130,  130,  130,  130,  130,  130,  130
SANCARLOS3 , AGCU,  130,  130,  130,  130,  130,  130,  130,  130,  130,  130,  130,  130,  130,  130,  130,  130,  130,  130,  130,  130,  130,  130,  130,  130
SANCARLOS4 , AGCU,  130,  130,  130,  130,  130,  130,  130,  130,  130,  130,  130,  130,  130,  130,  130,  130,  130,  130,  130,  130,  130,  130,  130,  130
SANCARLOS5 , AGCU,  130,  130,  130,  130,  130,  130,  130,  130,  130,  130,  130,  130,  130,  130,  130,  130,  130,  130,  130,  130,  130,  130,  130,  130
SANCARLOS6 , AGCU,  130,  130,  130,  130,  130,  130,  130,  130,  130,  130,  130,  130,  130,  130,  130,  130,  130,  130,  130,  130,  130,  130,  130,  130
SANCARLOS7 , AGCU,  130,  130,  130,  130,  130,  130,  130,  130,  130,  130,  130,  130,  130,  130,  130,  130,  130,  130,  130,  130,  130,  130,  130,  130
SANCARLOS8 , AGCU,  130,  130,  130,  130,  130,  130,  130,  130,  130,  130,  130,  130,  130,  130,  130,  130,  130,  130,  130,  130,  130,  130,  130,  130
MIELI , P,  110000
MIELI1 , D,  132,  132,  132,  132,  132,  132,  132,  132,  132,  132,  132,  132,  132,  132,  132,  132,  132,  132,  132,  132,  132,  132,  132,  132
MIELI2 , D,  0,  0,  0,  0,  0,  0,  0,  0,  0,  0,  0,  0,  0,  0,  0,  0,  0,  0,  0,  0,  0,  0,  0,  0
MIELI3 , D,  132,  132,  132,  132,  132,  132,  132,  132,  132,  132,  132,  132,  132,  132,  132,  132,  132,  132,  132,  132,  132,  132,  132,  132
MIELI , AGCP,  156,  156,  156,  156,  156,  156,  156,  156,  156,  156,  156,  156,  156,  156,  156,  156,  156,  156,  156,  156,  156,  156,  156,  156
MIELI1 , AGCU,  78,  78,  78,  78,  78,  78,  78,  78,  78,  78,  78,  78,  78,  78,  78,  78,  78,  78,  78,  78,  78,  78,  78,  78
MIELI2 , AGCU,  0,  0,  0,  0,  0,  0,  0,  0,  0,  0,  0,  0,  0,  0,  0,  0,  0,  0,  0,  0,  0,  0,  0,  0
MIELI3 , AGCU,  78,  78,  78,  78,  78,  78,  78,  78,  78,  78,  78,  78,  78,  78,  78,  78,  78,  78,  78,  78,  78,  78,  78,  78
MIELI , MO,  32,  32,  32,  32,  32,  32,  32,  32,  32,  32,  32,  32,  32,  32,  32,  32,  32,  32,  32,  32,  32,  32,  32,  32
AMOYALAESPERANZA , P,  81595
AMOYALAESPERANZA1 , D,  38,  38,  38,  38,  38,  38,  38,  38,  38,  38,  38,  38,  38,  38,  38,  38,  38,  38,  38,  38,  38,  38,  38,  38
AMOYALAESPERANZA2 , D,  37,  37,  37,  37,  37,  37,  37,  37,  37,  37,  37,  37,  37,  37,  37,  37,  37,  37,  37,  37,  37,  37,  37,  37
SOGAMOSO , P,  75112
SOGAMOSO1 , D,  273,  273,  273,  273,  273,  273,  273,  273,  273,  273,  273,  273,  273,  273,  273,  273,  273,  273,  273,  273,  273,  273,  273,  273
SOGAMOSO2 , D,  273,  273,  273,  273,  273,  273,  273,  273,  273,  273,  273,  273,  273,  273,  273,  273,  273,  273,  273,  273,  273,  273,  273,  273
SOGAMOSO3 , D,  273,  273,  273,  273,  273,  273,  273,  273,  273,  273,  273,  273,  273,  273,  273,  273,  273,  273,  273,  273,  273,  273,  273,  273
SOGAMOSO , AGCP,  459,  459,  459,  459,  459,  459,  0,  0,  0,  0,  0,  0,  0,  0,  0,  0,  0,  0,  0,  0,  0,  0,  0,  0
SOGAMOSO1 , AGCU,  153,  153,  153,  153,  153,  153,  0,  0,  0,  0,  0,  0,  0,  0,  0,  0,  0,  0,  0,  0,  0,  0,  0,  0
SOGAMOSO2 , AGCU,  153,  153,  153,  153,  153,  153,  0,  0,  0,  0,  0,  0,  0,  0,  0,  0,  0,  0,  0,  0,  0,  0,  0,  0
SOGAMOSO3 , AGCU,  153,  153,  153,  153,  153,  153,  0,  0,  0,  0,  0,  0,  0,  0,  0,  0,  0,  0,  0,  0,  0,  0,  0,  0
SOGAMOSO , MO,  419,  419,  419,  419,  419,  419,  419,  419,  419,  419,  419,  419,  419,  419,  419,  419,  419,  419,  419,  419,  419,  419,  419,  419
TERMOCENTROCC , P,  712470
TERMOCENTROCC , PAP4, 88473959
TERMOCENTROCC , PAP5, 87427197
TERMOCENTROCC , PAPUSD4, 23497
TERMOCENTROCC , PAPUSD5, 23219
TERMOCENTRO1 , D,  0,  0,  0,  0,  0,  0,  0,  0,  0,  0,  0,  0,  0,  0,  0,  0,  0,  0,  90,  90,  90,  90,  0,  0
TERMOCENTRO3 , D,  0,  0,  0,  0,  0,  0,  0,  0,  0,  0,  0,  0,  0,  0,  0,  0,  0,  0,  44,  44,  44,  44,  0,  0
TERMOCENTROCC , CONF,  4
TERMOCENTROCC , C,  GAS
CALDERAS1 , D,  2.00,  2.00,  2.00,  2.00,  2.00,  6.00,  6.00,  2.00,  2.00,  2.00,  2.00,  7.00,  7.00,  2.00,  2.00,  2.00,  2.00,  2.00,  7.00,  7.00,  7.00,  2.00,  2.00,  2.00
CALDERAS2 , D,  2.00,  2.00,  2.00,  2.00,  2.00,  6.00,  6.00,  2.00,  2.00,  2.00,  2.00,  7.00,  7.00,  2.00,  2.00,  2.00,  2.00,  2.00,  7.00,  7.00,  7.00,  2.00,  2.00,  2.00
LUZMAI1 , D,  9.00,  9.00,  9.00,  9.00,  9.00,  9.00,  9.00,  9.00,  9.00,  9.00,  9.00,  9.00,  9.00,  9.00,  9.00,  9.00,  9.00,  9.00,  9.00,  9.00,  9.00,  9.00,  9.00,  9.00
LUZMAII1 , D,  9.00,  9.00,  9.00,  9.00,  9.00,  9.00,  9.00,  9.00,  9.00,  9.00,  9.00,  9.00,  9.00,  9.00,  9.00,  9.00,  9.00,  9.00,  9.00,  9.00,  9.00,  9.00,  9.00,  9.00
LUZMAII2 , D,  9.00,  9.00,  9.00,  9.00,  9.00,  9.00,  9.00,  9.00,  9.00,  9.00,  9.00,  9.00,  9.00,  9.00,  9.00,  9.00,  9.00,  9.00,  9.00,  9.00,  9.00,  9.00,  9.00,  9.00
LUZMAI2 , D,  9.00,  9.00,  9.00,  9.00,  9.00,  9.00,  9.00,  9.00,  9.00,  9.00,  9.00,  9.00,  9.00,  9.00,  9.00,  9.00,  9.00,  9.00,  9.00,  9.00,  9.00,  9.00,  9.00,  9.00


AGENTE: MULCALARCA
BAYONA , D,  0.50,  0.50,  0.50,  0.50,  0.50,  0.50,  0.50,  0.50,  0.50,  0.50,  0.50,  0.50,  0.50,  0.50,  0.50,  0.50,  0.50,  0.50,  0.50,  0.50,  0.50,  0.50,  0.50,  0.50
CAMPESTRE(CALARCA) , D,  0.70,  0.70,  0.70,  0.70,  0.70,  0.70,  0.70,  0.70,  0.70,  0.70,  0.70,  0.70,  0.70,  0.70,  0.70,  0.70,  0.70,  0.70,  0.70,  0.70,  0.70,  0.70,  0.70,  0.70
UNION , D,  0.65,  0.65,  0.65,  0.65,  0.65,  0.65,  0.65,  0.65,  0.65,  0.65,  0.65,  0.65,  0.65,  0.65,  0.65,  0.65,  0.65,  0.65,  0.65,  0.65,  0.65,  0.65,  0.65,  0.65


AGENTE: NITRO ENERGY
INCAUCA1 , D,  6.80,  6.80,  6.80,  6.80,  6.80,  6.80,  6.80,  6.80,  6.80,  6.80,  6.80,  6.80,  6.80,  6.80,  6.80,  6.80,  6.80,  6.80,  6.80,  6.80,  6.80,  6.80,  6.80,  6.80
INGENIOPROVIDENCIA2 , D,  16.36,  16.36,  16.36,  16.36,  16.36,  16.36,  16.36,  16.36,  16.36,  16.36,  16.36,  16.36,  16.36,  16.36,  16.36,  16.36,  16.36,  16.36,  16.36,  16.36,  16.36,  16.36,  16.36,  16.36


AGENTE: PCH ALEJANDRÍA
ALEJANDRIA , D,  8.00,  8.00,  8.00,  8.00,  8.00,  8.00,  8.00,  8.00,  8.00,  8.00,  8.00,  8.00,  8.00,  8.00,  8.00,  8.00,  8.00,  8.00,  8.00,  8.00,  8.00,  8.00,  8.00,  8.00


AGENTE: PROELECTRICA
PROELECTRICA , P,  329386
PROELECTRICA , PAP1, 42254533
PROELECTRICA , PAPUSD1, 11222
PROELECTRICA1 , D,  45,  45,  45,  45,  45,  45,  45,  45,  45,  45,  45,  45,  45,  45,  45,  45,  45,  45,  45,  45,  45,  45,  45,  45
PROELECTRICA2 , D,  45,  45,  45,  45,  45,  45,  45,  45,  45,  45,  45,  45,  45,  45,  45,  45,  45,  45,  45,  45,  45,  45,  45,  45
PROELECTRICA , CONF,  1
PROELECTRICA , C,  GAS
AUTOGREFICAR , D,  7.50,  7.50,  7.50,  7.50,  7.50,  7.50,  7.50,  7.50,  7.50,  7.50,  7.50,  7.50,  7.50,  7.50,  7.50,  7.50,  7.50,  7.50,  7.50,  7.50,  7.50,  7.50,  7.50,  7.50


AGENTE: PROENCA 
COGENERADORPROENCA , D,  0.00,  0.00,  0.00,  0.00,  0.00,  0.00,  0.00,  0.00,  0.00,  0.00,  0.00,  0.00,  0.00,  0.00,  0.00,  0.00,  0.00,  0.00,  0.00,  0.00,  0.00,  0.00,  0.00,  0.00
PROENCAII , D,  0.00,  0.00,  0.00,  0.00,  0.00,  0.00,  0.00,  0.00,  0.00,  0.00,  0.00,  0.00,  0.00,  0.00,  0.00,  0.00,  0.00,  0.00,  0.00,  0.00,  0.00,  0.00,  0.00,  0.00


AGENTE: RENOVATIO
POCUNE1 , D,  1.00,  1.00,  1.00,  1.00,  1.00,  1.00,  1.00,  1.00,  1.00,  1.00,  1.00,  1.00,  1.00,  1.00,  1.00,  1.00,  1.00,  1.00,  1.00,  1.00,  1.00,  1.00,  1.00,  1.00


AGENTE: RIOEN SAS  E.S.P.
CENTRALCASTILLA1 , D,  0.00,  0.00,  0.00,  0.00,  0.00,  0.00,  0.00,  0.00,  0.00,  0.00,  0.00,  0.00,  0.00,  0.00,  0.00,  0.00,  0.00,  0.00,  0.00,  0.00,  0.00,  0.00,  0.00,  0.00
INGENIORIOPAILA1 , D,  0.00,  0.00,  0.00,  0.00,  0.00,  0.00,  0.00,  0.00,  0.00,  0.00,  0.00,  0.00,  0.00,  0.00,  0.00,  0.00,  0.00,  0.00,  0.00,  0.00,  0.00,  0.00,  0.00,  0.00


AGENTE: RISARALDA
MORROAZUL , D,  18.00,  18.00,  18.00,  18.00,  18.00,  18.00,  18.00,  18.00,  18.00,  18.00,  18.00,  18.00,  18.00,  18.00,  18.00,  18.00,  18.00,  18.00,  18.00,  18.00,  18.00,  18.00,  18.00,  18.00


AGENTE: SANTA FE ENERGY
CAUYA1 , D,  0.00,  0.00,  0.00,  0.00,  0.00,  0.00,  0.00,  0.00,  0.00,  0.00,  0.00,  0.00,  0.00,  0.00,  0.00,  0.00,  0.00,  0.00,  0.00,  0.00,  0.00,  0.00,  0.00,  0.00
CAUYA2 , D,  0.00,  0.00,  0.00,  0.00,  0.00,  0.00,  0.00,  0.00,  0.00,  0.00,  0.00,  0.00,  0.00,  0.00,  0.00,  0.00,  0.00,  0.00,  0.00,  0.00,  0.00,  0.00,  0.00,  0.00


AGENTE: TEBSA S.A. (E.S.P.)
TEBSABCC , P,  444012
TEBSABCC , PAP1, 98309001
TEBSABCC , PAP2, 98309001
TEBSABCC , PAP3, 98309001
TEBSABCC , PAP4, 0
TEBSABCC , PAP5, 98309001
TEBSABCC , PAP6, 98309001
TEBSABCC , PAP7, 45579320
TEBSABCC , PAP8, 98309001
TEBSABCC , PAP9, 98309001
TEBSABCC , PAP10, 45579320
TEBSABCC , PAP11, 98309001
TEBSABCC , PAP12, 98309001
TEBSABCC , PAP13, 98309001
TEBSABCC , PAP14, 45579320
TEBSABCC , PAP15, 189463875
TEBSABCC , PAP16, 91154874
TEBSABCC , PAP17, 45579320
TEBSABCC , PAP18, 189463875
TEBSABCC , PAP19, 91154874
TEBSABCC , PAP20, 45579320
TEBSABCC , PAP21, 227889068
TEBSABCC , PAP22, 136734194
TEBSABCC , PAP23, 91154874
TEBSABCC , PAP24, 45579320
TEBSABCC , PAP25, 143888321
TEBSABCC , PAP26, 45579320
TEBSABCC , PAP27, 143888321
TEBSABCC , PAP28, 45579320
TEBSABCC , PAP29, 143888321
TEBSABCC , PAP30, 45579320
TEBSABCC , PAP31, 182313513
TEBSABCC , PAP32, 91154874
TEBSABCC , PAP33, 45579320
TEBSABCC , PAP34, 182313513
TEBSABCC , PAP35, 91154874
TEBSABCC , PAP36, 45579320
TEBSABCC , PAP37, 98309001
TEBSABCC , PAP38, 98309001
TEBSABCC , PAP39, 98309001
TEBSABCC , PAP40, 136734194
TEBSABCC , PAP41, 45579320
TEBSABCC , PAP42, 136734194
TEBSABCC , PAP43, 45579320
TEBSABCC , PAP44, 136734194
TEBSABCC , PAP45, 45579320
TEBSABCC , PAP46, 91154874
TEBSABCC , PAP47, 91154874
TEBSABCC , PAP48, 91154874
TEBSABCC , PAPUSD1, 26109
TEBSABCC , PAPUSD2, 26109
TEBSABCC , PAPUSD3, 26109
TEBSABCC , PAPUSD4, 0
TEBSABCC , PAPUSD5, 26109
TEBSABCC , PAPUSD6, 26109
TEBSABCC , PAPUSD7, 12105
TEBSABCC , PAPUSD8, 26109
TEBSABCC , PAPUSD9, 26109
TEBSABCC , PAPUSD10, 12105
TEBSABCC , PAPUSD11, 26109
TEBSABCC , PAPUSD12, 26109
TEBSABCC , PAPUSD13, 26109
TEBSABCC , PAPUSD14, 12105
TEBSABCC , PAPUSD15, 50318
TEBSABCC , PAPUSD16, 24209
TEBSABCC , PAPUSD17, 12105
TEBSABCC , PAPUSD18, 50318
TEBSABCC , PAPUSD19, 24209
TEBSABCC , PAPUSD20, 12105
TEBSABCC , PAPUSD21, 60523
TEBSABCC , PAPUSD22, 36314
TEBSABCC , PAPUSD23, 24209
TEBSABCC , PAPUSD24, 12105
TEBSABCC , PAPUSD25, 38214
TEBSABCC , PAPUSD26, 12105
TEBSABCC , PAPUSD27, 38214
TEBSABCC , PAPUSD28, 12105
TEBSABCC , PAPUSD29, 38214
TEBSABCC , PAPUSD30, 12105
TEBSABCC , PAPUSD31, 48419
TEBSABCC , PAPUSD32, 24209
TEBSABCC , PAPUSD33, 12105
TEBSABCC , PAPUSD34, 48419
TEBSABCC , PAPUSD35, 24209
TEBSABCC , PAPUSD36, 12105
TEBSABCC , PAPUSD37, 26109
TEBSABCC , PAPUSD38, 26109
TEBSABCC , PAPUSD39, 26109
TEBSABCC , PAPUSD40, 36314
TEBSABCC , PAPUSD41, 12105
TEBSABCC , PAPUSD42, 36314
TEBSABCC , PAPUSD43, 12105
TEBSABCC , PAPUSD44, 36314
TEBSABCC , PAPUSD45, 12105
TEBSABCC , PAPUSD46, 24209
TEBSABCC , PAPUSD47, 24209
TEBSABCC , PAPUSD48, 24209
TEBSA11 , D,  92,  92,  92,  92,  92,  92,  92,  92,  92,  92,  92,  92,  92,  92,  92,  92,  92,  92,  92,  92,  92,  92,  92,  92
TEBSA12 , D,  92,  92,  92,  92,  92,  92,  92,  92,  92,  92,  92,  92,  92,  92,  92,  92,  92,  92,  92,  92,  92,  92,  92,  92
TEBSA13 , D,  92,  92,  92,  92,  92,  92,  92,  92,  92,  92,  92,  92,  92,  92,  92,  92,  92,  92,  92,  92,  92,  92,  92,  92
TEBSA14 , D,  166,  166,  166,  166,  166,  166,  166,  166,  166,  166,  166,  166,  166,  166,  166,  166,  166,  166,  166,  166,  166,  166,  166,  166
TEBSA21 , D,  92,  92,  92,  92,  92,  92,  92,  92,  92,  92,  92,  92,  92,  92,  92,  92,  92,  92,  92,  92,  92,  92,  92,  92
TEBSA22 , D,  92,  92,  92,  92,  92,  92,  92,  92,  92,  92,  92,  92,  92,  92,  92,  92,  92,  92,  92,  92,  92,  92,  92,  92
TEBSA24 , D,  165,  165,  165,  165,  165,  165,  165,  165,  165,  165,  165,  165,  165,  165,  165,  165,  165,  165,  165,  165,  165,  165,  165,  165
TEBSABCC , CONF,  2
TEBSABCC , C,  GAS
BARRANQUILLA3 , P,  642160
BARRANQUILLA3 , PAP1, 64876636
BARRANQUILLA3 , PAP2, 64876636
BARRANQUILLA3 , PAP3, 64876636
BARRANQUILLA3 , PAPUSD1, 17230
BARRANQUILLA3 , PAPUSD2, 17230
BARRANQUILLA3 , PAPUSD3, 17230
BARRANQUILLA3 , D,  60,  60,  60,  60,  60,  60,  60,  60,  60,  60,  60,  60,  60,  60,  60,  60,  60,  60,  60,  60,  60,  60,  60,  60
BARRANQUILLA3 , CONF,  1
BARRANQUILLA3 , C,  GAS
BARRANQUILLA4 , P,  638972
BARRANQUILLA4 , PAP1, 64876636
BARRANQUILLA4 , PAP2, 64876636
BARRANQUILLA4 , PAP3, 64876636
BARRANQUILLA4 , PAPUSD1, 17230
BARRANQUILLA4 , PAPUSD2, 17230
BARRANQUILLA4 , PAPUSD3, 17230
BARRANQUILLA4 , D,  60,  60,  60,  60,  60,  60,  60,  60,  60,  60,  60,  60,  60,  60,  60,  60,  60,  60,  60,  60,  60,  60,  60,  60
BARRANQUILLA4 , CONF,  1
BARRANQUILLA4 , C,  GAS


AGENTE: TERMO MECHERO
TERMOMECHERO4 , D,  19.30,  19.30,  19.30,  19.30,  19.30,  19.30,  19.30,  19.30,  19.30,  19.30,  19.30,  19.30,  19.30,  19.30,  19.30,  19.30,  19.30,  19.30,  19.30,  19.30,  19.30,  19.30,  19.30,  19.30
TERMOMECHERO5 , D,  19.30,  19.30,  19.30,  19.30,  19.30,  19.30,  19.30,  19.30,  19.30,  19.30,  19.30,  19.30,  19.30,  19.30,  19.30,  19.30,  19.30,  19.30,  19.30,  19.30,  19.30,  19.30,  19.30,  19.30
TERMOMECHERO6 , D,  19.30,  19.30,  19.30,  19.30,  19.30,  19.30,  19.30,  19.30,  19.30,  19.30,  19.30,  19.30,  19.30,  19.30,  19.30,  19.30,  19.30,  19.30,  19.30,  19.30,  19.30,  19.30,  19.30,  19.30


AGENTE: TERMOCANDELARIA
TERMOCANDELARIA1 , P,  610761
TERMOCANDELARIA1 , PAP1, 86018964
TERMOCANDELARIA1 , PAP2, 86018964
TERMOCANDELARIA1 , PAP3, 86018964
TERMOCANDELARIA1 , PAP4, 86018964
TERMOCANDELARIA1 , PAPUSD1, 22845
TERMOCANDELARIA1 , PAPUSD2, 22845
TERMOCANDELARIA1 , PAPUSD3, 22845
TERMOCANDELARIA1 , PAPUSD4, 22845
TERMOCANDELARIA1 , D,  157,  157,  157,  157,  157,  157,  157,  157,  157,  157,  157,  157,  157,  157,  157,  157,  157,  157,  157,  157,  157,  157,  157,  157
TERMOCANDELARIA1 , CONF,  1
TERMOCANDELARIA1 , C,  GAS
TERMOCANDELARIA2 , P,  610253
TERMOCANDELARIA2 , PAP1, 86018964
TERMOCANDELARIA2 , PAP2, 86018964
TERMOCANDELARIA2 , PAP3, 86018964
TERMOCANDELARIA2 , PAP4, 86018964
TERMOCANDELARIA2 , PAPUSD1, 22845
TERMOCANDELARIA2 , PAPUSD2, 22845
TERMOCANDELARIA2 , PAPUSD3, 22845
TERMOCANDELARIA2 , PAPUSD4, 22845
TERMOCANDELARIA2 , D,  157,  157,  157,  157,  157,  157,  157,  157,  157,  157,  157,  157,  157,  157,  157,  157,  157,  157,  157,  157,  157,  157,  157,  157
TERMOCANDELARIA2 , CONF,  1
TERMOCANDELARIA2 , C,  GAS


AGENTE: TERMOEMCALI
TERMOEMCALICC , P,  823943
TERMOEMCALICC , PAP1, 157933002
TERMOEMCALICC , PAP2, 255003209
TERMOEMCALICC , PAPUSD1, 41944
TERMOEMCALICC , PAPUSD2, 67724
TERMOEMCALI1GAS , D,  138,  138,  138,  138,  138,  138,  138,  138,  138,  138,  138,  138,  138,  138,  138,  138,  138,  138,  138,  138,  138,  138,  138,  138
TERMOEMCALI1VAPOR , D,  75,  75,  75,  75,  75,  75,  75,  75,  75,  75,  75,  75,  75,  75,  75,  75,  75,  75,  75,  75,  75,  75,  75,  75
TERMOEMCALICC , CONF,  2
TERMOEMCALICC , C,  ACPM


AGENTE: TERMOFLORES
FLORESICC , P,  404999
FLORESICC , PAP1, 68133646
FLORESICC , PAP2, 68133646
FLORESICC , PAP3, 68133646
FLORESICC , PAPUSD1, 18095
FLORESICC , PAPUSD2, 18095
FLORESICC , PAPUSD3, 18095
FLORES1GAS , D,  116,  116,  116,  116,  116,  116,  116,  116,  116,  116,  116,  116,  116,  116,  116,  116,  116,  116,  116,  116,  116,  116,  116,  116
FLORES1VAPOR , D,  44,  44,  44,  44,  44,  44,  44,  44,  44,  44,  44,  44,  44,  44,  44,  44,  44,  44,  44,  44,  44,  44,  44,  44
FLORESICC , CONF,  1
FLORESICC , C,  GAS
FLORES4CC , P,  343525
FLORES4CC , PAP1, 124346258
FLORES4CC , PAP2, 124346258
FLORES4CC , PAP3, 124346258
FLORES4CC , PAP8, 57022158
FLORES4CC , PAP9, 67324100
FLORES4CC , PAP10, 67324100
FLORES4CC , PAP11, 67324100
FLORES4CC , PAPUSD1, 33024
FLORES4CC , PAPUSD2, 33024
FLORES4CC , PAPUSD3, 33024
FLORES4CC , PAPUSD8, 15144
FLORES4CC , PAPUSD9, 17880
FLORES4CC , PAPUSD10, 17880
FLORES4CC , PAPUSD11, 17880
FLORES2 , D,  120,  120,  120,  120,  120,  120,  120,  120,  120,  120,  120,  120,  120,  120,  120,  120,  120,  120,  120,  120,  120,  120,  120,  120
FLORES3 , D,  169,  169,  169,  169,  169,  169,  169,  169,  169,  169,  169,  169,  169,  169,  169,  169,  169,  169,  169,  169,  169,  169,  169,  169
FLORES4 , D,  161,  161,  161,  161,  161,  161,  161,  161,  161,  161,  161,  161,  161,  161,  161,  161,  161,  161,  161,  161,  161,  161,  161,  161
FLORES4CC , CONF,  1
FLORES4CC , C,  GAS


AGENTE: TERMONORTE
TERMONORTE , P,  626000
TERMONORTE , PAP1, 139166597
TERMONORTE , PAP2, 85488052
TERMONORTE , PAP3, 42247003
TERMONORTE , PAP4, 128096527
TERMONORTE , PAP5, 78687866
TERMONORTE , PAP6, 38888328
TERMONORTE , PAP7, 113863579
TERMONORTE , PAP8, 69944770
TERMONORTE , PAP9, 34565729
TERMONORTE , PAP10, 99630632
TERMONORTE , PAP11, 61201674
TERMONORTE , PAP12, 30246896
TERMONORTE , PAP13, 85397684
TERMONORTE , PAP14, 52458578
TERMONORTE , PAP15, 25924297
TERMONORTE , PAP16, 71164737
TERMONORTE , PAP17, 43715481
TERMONORTE , PAP18, 21605464
TERMONORTE , PAP19, 56931790
TERMONORTE , PAP20, 34972385
TERMONORTE , PAP21, 17282865
TERMONORTE , PAP22, 42698842
TERMONORTE , PAP23, 26229289
TERMONORTE , PAP24, 12964031
TERMONORTE , PAPUSD1, 36960
TERMONORTE , PAPUSD2, 22704
TERMONORTE , PAPUSD3, 11220
TERMONORTE , PAPUSD4, 34020
TERMONORTE , PAPUSD5, 20898
TERMONORTE , PAPUSD6, 10328
TERMONORTE , PAPUSD7, 30240
TERMONORTE , PAPUSD8, 18576
TERMONORTE , PAPUSD9, 9180
TERMONORTE , PAPUSD10, 26460
TERMONORTE , PAPUSD11, 16254
TERMONORTE , PAPUSD12, 8033
TERMONORTE , PAPUSD13, 22680
TERMONORTE , PAPUSD14, 13932
TERMONORTE , PAPUSD15, 6885
TERMONORTE , PAPUSD16, 18900
TERMONORTE , PAPUSD17, 11610
TERMONORTE , PAPUSD18, 5738
TERMONORTE , PAPUSD19, 15120
TERMONORTE , PAPUSD20, 9288
TERMONORTE , PAPUSD21, 4590
TERMONORTE , PAPUSD22, 11340
TERMONORTE , PAPUSD23, 6966
TERMONORTE , PAPUSD24, 3443
TERMONORTE1 , D,  8,  8,  8,  8,  8,  8,  8,  8,  8,  8,  8,  8,  8,  8,  8,  8,  8,  8,  8,  8,  8,  8,  8,  8
TERMONORTE2 , D,  8,  8,  8,  8,  8,  8,  8,  8,  8,  8,  8,  8,  8,  8,  8,  8,  8,  8,  8,  8,  8,  8,  8,  8
TERMONORTE3 , D,  8,  8,  8,  8,  8,  8,  8,  8,  8,  8,  8,  8,  8,  8,  8,  8,  8,  8,  8,  8,  8,  8,  8,  8
TERMONORTE4 , D,  8,  8,  8,  8,  8,  8,  8,  8,  8,  8,  8,  8,  8,  8,  8,  8,  8,  8,  8,  8,  8,  8,  8,  8
TERMONORTE5 , D,  8,  8,  8,  8,  8,  8,  8,  8,  8,  8,  8,  8,  8,  8,  8,  8,  8,  8,  8,  8,  8,  8,  8,  8
TERMONORTE6 , D,  8,  8,  8,  8,  8,  8,  8,  8,  8,  8,  8,  8,  8,  8,  8,  8,  8,  8,  8,  8,  8,  8,  8,  8
TERMONORTE7 , D,  8,  8,  8,  8,  8,  8,  8,  8,  8,  8,  8,  8,  8,  8,  8,  8,  8,  8,  8,  8,  8,  8,  8,  8
TERMONORTE8 , D,  8,  8,  8,  8,  8,  8,  8,  8,  8,  8,  8,  8,  8,  8,  8,  8,  8,  8,  8,  8,  8,  8,  8,  8
TERMONORTE9 , D,  8,  8,  8,  8,  8,  8,  8,  8,  8,  8,  8,  8,  8,  8,  8,  8,  8,  8,  8,  8,  8,  8,  8,  8
TERMONORTE10 , D,  8,  8,  8,  8,  8,  8,  8,  8,  8,  8,  8,  8,  8,  8,  8,  8,  8,  8,  8,  8,  8,  8,  8,  8
TERMONORTE , CONF,  1
TERMONORTE , C,  ACPM


AGENTE: TERMOPIEDRAS S.A.
TERMOPIEDRAS , D,  3.75,  3.75,  3.75,  3.75,  3.75,  3.75,  3.75,  3.75,  3.75,  3.75,  3.75,  3.75,  3.75,  3.75,  3.75,  3.75,  3.75,  3.75,  3.75,  3.75,  3.75,  3.75,  3.75,  3.75
AUTOGTURGAS , D,  3.50,  3.50,  3.50,  3.50,  3.50,  3.50,  3.50,  3.50,  3.50,  3.50,  3.50,  3.50,  3.50,  3.50,  3.50,  3.50,  3.50,  3.50,  3.50,  3.50,  3.50,  3.50,  3.50,  3.50


AGENTE: TERMOTASAJERO
TASAJERO1 , P,  148980
TASAJERO1 , PAP1, 54179333
TASAJERO1 , PAP2, 54179333
TASAJERO1 , PAP3, 54179333
TASAJERO1 , PAPUSD1, 14389
TASAJERO1 , PAPUSD2, 14389
TASAJERO1 , PAPUSD3, 14389
TASAJERO1 , D,  165,  165,  165,  165,  165,  165,  165,  165,  165,  165,  165,  165,  165,  165,  165,  165,  165,  165,  165,  165,  165,  165,  165,  165
TASAJERO1 , CONF,  1
TASAJERO1 , C,  CARBON


AGENTE: TERMOTASAJERO DOS
TASAJERO2 , P,  144980
TASAJERO2 , PAP1, 54439141
TASAJERO2 , PAP2, 54439141
TASAJERO2 , PAPUSD1, 14458
TASAJERO2 , PAPUSD2, 14458
TASAJERO2 , D,  170,  170,  170,  170,  170,  170,  170,  170,  170,  170,  170,  170,  170,  170,  170,  170,  170,  170,  170,  170,  170,  170,  170,  170
TASAJERO2 , CONF,  1
TASAJERO2 , C,  CARBON


AGENTE: TERMOVALLE
TERMOVALLECC , P,  774198
TERMOVALLECC , PAP1, 90367920
TERMOVALLECC , PAP2, 90367920
TERMOVALLECC , PAP3, 90367920
TERMOVALLECC , PAP4, 252277110
TERMOVALLECC , PAP5, 252277110
TERMOVALLECC , PAP6, 252277110
TERMOVALLECC , PAP7, 90367920
TERMOVALLECC , PAP8, 252277110
TERMOVALLECC , PAPUSD1, 24000
TERMOVALLECC , PAPUSD2, 24000
TERMOVALLECC , PAPUSD3, 24000
TERMOVALLECC , PAPUSD4, 67000
TERMOVALLECC , PAPUSD5, 67000
TERMOVALLECC , PAPUSD6, 67000
TERMOVALLECC , PAPUSD7, 24000
TERMOVALLECC , PAPUSD8, 67000
TERMOVALLE1GAS , D,  165,  165,  165,  165,  165,  165,  165,  165,  165,  165,  165,  165,  165,  165,  165,  165,  165,  165,  165,  165,  165,  165,  165,  165
TERMOVALLE1VAPOR , D,  76,  76,  76,  76,  76,  76,  76,  76,  76,  76,  76,  76,  76,  76,  76,  76,  76,  76,  76,  76,  76,  76,  76,  76
TERMOVALLECC , CONF,  4
TERMOVALLECC , C,  ACPM


AGENTE: TERMOYOPAL
TERMOYOPAL2 , P,  513000
TERMOYOPAL2 , PAP1, 6167611
TERMOYOPAL2 , PAPUSD1, 1638
TERMOYOPAL2 , D,  28,  28,  28,  28,  28,  28,  28,  28,  28,  28,  28,  28,  28,  28,  28,  28,  28,  28,  28,  28,  28,  28,  28,  28
TERMOYOPAL2 , CONF,  1
TERMOYOPAL2 , C,  GAS
TERMOYOPAL1 , P,  513000
TERMOYOPAL1 , PAP1, 4183282
TERMOYOPAL1 , PAPUSD1, 1111
TERMOYOPAL1 , D,  8,  8,  8,  8,  8,  8,  8,  8,  8,  8,  8,  8,  8,  8,  8,  8,  8,  8,  8,  8,  8,  8,  8,  8
TERMOYOPAL1 , CONF,  1
TERMOYOPAL1 , C,  GAS
TERMOYOPALG3 , P,  73000
TERMOYOPALG3 , PAP1, 2202718
TERMOYOPALG3 , PAPUSD1, 585
TERMOYOPALG3 , D,  50,  50,  50,  50,  50,  50,  50,  50,  50,  50,  49,  49,  49,  49,  49,  49,  50,  50,  50,  50,  50,  50,  50,  50
TERMOYOPALG3 , CONF,  1
TERMOYOPALG3 , C,  GAS
TERMOYOPALG4 , P,  73000
TERMOYOPALG4 , PAP1, 2202718
TERMOYOPALG4 , PAPUSD1, 585
TERMOYOPALG4 , D,  50,  50,  50,  50,  50,  50,  50,  50,  50,  50,  50,  50,  50,  50,  50,  50,  50,  50,  50,  50,  50,  50,  50,  50
TERMOYOPALG4 , CONF,  1
TERMOYOPALG4 , C,  GAS
TERMOYOPALG5 , P,  73000
TERMOYOPALG5 , PAP1, 2202718
TERMOYOPALG5 , PAPUSD1, 585
TERMOYOPALG5 , D,  50,  50,  50,  50,  50,  50,  50,  50,  50,  50,  50,  50,  50,  50,  50,  50,  50,  50,  50,  50,  50,  50,  50,  50
TERMOYOPALG5 , CONF,  1
TERMOYOPALG5 , C,  GAS
TERMOYOPALG5 , PRU,  11,  11,  11,  11,  11,  11,  11,  11,  11,  11,  11,  11,  11,  11,  11,  11,  11,  11,  11,  11,  11,  11,  11,  11


AGENTE: URRA
URRA , P,  75112
URRA1 , D,  0,  0,  0,  0,  0,  0,  0,  0,  0,  0,  0,  0,  0,  0,  64,  64,  64,  64,  64,  64,  64,  0,  0,  0
URRA2 , D,  68,  68,  68,  68,  68,  68,  68,  68,  68,  68,  68,  68,  69,  68,  67,  67,  67,  67,  67,  67,  67,  68,  69,  69
URRA3 , D,  0,  0,  0,  0,  0,  0,  0,  0,  0,  0,  0,  0,  0,  67,  66,  66,  66,  66,  66,  66,  66,  67,  0,  0
URRA4 , D,  68,  68,  69,  69,  69,  69,  69,  69,  69,  69,  69,  69,  69,  68,  67,  67,  67,  67,  67,  67,  67,  68,  69,  69
URRA , AGCP,  0,  0,  0,  0,  0,  0,  0,  0,  0,  0,  0,  0,  0,  0,  0,  0,  0,  0,  0,  0,  0,  0,  0,  0
URRA1 , AGCU,  0,  0,  0,  0,  0,  0,  0,  0,  0,  0,  0,  0,  0,  0,  0,  0,  0,  0,  0,  0,  0,  0,  0,  0
URRA2 , AGCU,  0,  0,  0,  0,  0,  0,  0,  0,  0,  0,  0,  0,  0,  0,  0,  0,  0,  0,  0,  0,  0,  0,  0,  0
URRA3 , AGCU,  0,  0,  0,  0,  0,  0,  0,  0,  0,  0,  0,  0,  0,  0,  0,  0,  0,  0,  0,  0,  0,  0,  0,  0
URRA4 , AGCU,  0,  0,  0,  0,  0,  0,  0,  0,  0,  0,  0,  0,  0,  0,  0,  0,  0,  0,  0,  0,  0,  0,  0,  0
URRA , MO,  136,  136,  137,  137,  137,  137,  137,  137,  137,  137,  137,  137,  138,  203,  264,  264,  264,  264,  264,  264,  264,  203,  138,  138


AGENTE: VATIA S.A.
TRINA-VATIABSLI1 , D,  0.18,  0.18,  0.18,  0.18,  0.18,  0.18,  0.18,  0.18,  0.18,  0.18,  0.18,  0.18,  0.18,  0.18,  0.18,  0.18,  0.18,  0.18,  0.18,  0.18,  0.18,  0.18,  0.18,  0.18
TRINA-VATIABSLI1 , INVD,  126.00,  126.00,  126.00,  126.00,  126.00,  126.00,  126.00,  126.00,  126.00,  126.00,  126.00,  126.00,  126.00,  126.00,  126.00,  126.00,  126.00,  126.00,  126.00,  126.00,  126.00,  126.00,  126.00,  126.00
TRINA-VATIABSLII1 , D,  0.18,  0.18,  0.18,  0.18,  0.18,  0.18,  0.18,  0.18,  0.18,  0.18,  0.18,  0.18,  0.18,  0.18,  0.18,  0.18,  0.18,  0.18,  0.18,  0.18,  0.18,  0.18,  0.18,  0.18
TRINA-VATIABSLII1 , INVD,  126.00,  126.00,  126.00,  126.00,  126.00,  126.00,  126.00,  126.00,  126.00,  126.00,  126.00,  126.00,  126.00,  126.00,  126.00,  126.00,  126.00,  126.00,  126.00,  126.00,  126.00,  126.00,  126.00,  126.00
TRINA-VATIABSLIII1 , D,  0.00,  0.00,  0.00,  0.00,  0.00,  0.00,  0.00,  0.00,  0.00,  0.00,  0.00,  0.00,  0.00,  0.00,  0.00,  0.00,  0.00,  0.00,  0.00,  0.00,  0.00,  0.00,  0.00,  0.00
TRINA-VATIABSLIII1 , INVD,  0.00,  0.00,  0.00,  0.00,  0.00,  0.00,  0.00,  0.00,  0.00,  0.00,  0.00,  0.00,  0.00,  0.00,  0.00,  0.00,  0.00,  0.00,  0.00,  0.00,  0.00,  0.00,  0.00,  0.00
FLORIDA21 , D,  0.00,  0.00,  0.00,  0.00,  0.00,  0.00,  0.00,  0.00,  0.00,  0.00,  0.00,  0.00,  0.00,  0.00,  0.00,  0.00,  0.00,  0.00,  0.00,  0.00,  0.00,  0.00,  0.00,  0.00
FLORIDA22 , D,  0.00,  0.00,  0.00,  0.00,  9.95,  9.95,  9.95,  9.95,  9.95,  9.95,  9.95,  9.95,  9.95,  9.95,  9.95,  9.95,  9.95,  9.95,  9.95,  9.95,  9.95,  9.95,  9.95,  9.95
LASPALMAS1 , D,  0.00,  0.00,  0.00,  0.00,  0.00,  0.00,  0.00,  0.00,  0.00,  0.00,  0.00,  0.00,  0.00,  0.00,  0.00,  0.00,  0.00,  0.00,  0.00,  0.00,  0.00,  0.00,  0.00,  0.00
LASPALMAS2 , D,  1.40,  1.40,  1.40,  1.40,  1.40,  1.40,  1.40,  1.40,  1.40,  1.40,  1.40,  1.40,  1.40,  1.40,  1.40,  1.40,  1.40,  1.40,  1.40,  1.40,  1.40,  1.40,  1.40,  1.40
OVEJAS , D,  0.78,  0.78,  0.78,  0.78,  0.78,  0.78,  0.78,  0.78,  0.78,  0.78,  0.78,  0.78,  0.78,  0.78,  0.78,  0.78,  0.78,  0.78,  0.78,  0.78,  0.78,  0.78,  0.78,  0.78
MONDOMO , D,  0.41,  0.41,  0.41,  0.41,  0.41,  0.41,  0.41,  0.41,  0.41,  0.41,  0.41,  0.41,  0.41,  0.41,  0.41,  0.41,  0.41,  0.41,  0.41,  0.41,  0.41,  0.41,  0.41,  0.41
ASNAZU , D,  0.45,  0.45,  0.45,  0.45,  0.45,  0.45,  0.45,  0.45,  0.45,  0.45,  0.45,  0.45,  0.45,  0.45,  0.45,  0.45,  0.45,  0.45,  0.45,  0.45,  0.45,  0.45,  0.45,  0.45
INZA , D,  0.40,  0.40,  0.40,  0.40,  0.40,  0.40,  0.40,  0.40,  0.40,  0.40,  0.40,  0.40,  0.40,  0.40,  0.40,  0.40,  0.40,  0.40,  0.40,  0.40,  0.40,  0.40,  0.40,  0.40
SAJANDI , D,  2.90,  2.90,  2.90,  2.90,  2.90,  2.90,  2.90,  2.90,  2.90,  2.90,  2.90,  2.90,  2.90,  2.90,  2.90,  2.90,  2.90,  2.90,  2.90,  2.90,  2.90,  2.90,  2.90,  2.90
SILVIA , D,  0.29,  0.29,  0.29,  0.29,  0.29,  0.29,  0.29,  0.29,  0.29,  0.29,  0.29,  0.29,  0.29,  0.29,  0.29,  0.29,  0.29,  0.29,  0.29,  0.29,  0.29,  0.29,  0.29,  0.29
RIOPALO , D,  0.91,  0.91,  0.91,  0.91,  0.91,  0.91,  0.91,  0.91,  0.91,  0.91,  0.91,  0.91,  0.91,  0.91,  0.91,  0.91,  0.91,  0.91,  0.91,  0.91,  0.91,  0.91,  0.91,  0.91


