Ofertas Iniciales para: 2019-09-19


AGENTE: AES CHIVOR
CHIVOR , P,  382000
CHIVOR1 , D,  125,  125,  125,  125,  125,  125,  125,  125,  125,  125,  125,  125,  125,  125,  125,  125,  125,  125,  125,  125,  125,  125,  125,  125
CHIVOR2 , D,  125,  125,  125,  125,  125,  125,  125,  125,  125,  125,  125,  125,  125,  125,  125,  125,  125,  125,  125,  125,  125,  125,  125,  125
CHIVOR3 , D,  125,  125,  125,  125,  125,  125,  125,  125,  125,  125,  125,  125,  125,  125,  125,  125,  125,  125,  125,  125,  125,  125,  125,  125
CHIVOR4 , D,  125,  125,  125,  125,  125,  125,  125,  125,  125,  125,  125,  125,  125,  125,  125,  125,  125,  125,  125,  125,  125,  125,  125,  125
CHIVOR5 , D,  125,  125,  125,  125,  125,  125,  125,  125,  125,  125,  125,  125,  125,  125,  125,  125,  125,  125,  125,  125,  125,  125,  125,  125
CHIVOR6 , D,  125,  125,  125,  125,  125,  125,  125,  125,  125,  125,  125,  125,  125,  125,  125,  125,  125,  125,  125,  125,  125,  125,  125,  125
CHIVOR7 , D,  125,  125,  125,  125,  125,  125,  125,  125,  125,  125,  125,  125,  125,  125,  125,  125,  125,  125,  125,  125,  125,  125,  125,  125
CHIVOR8 , D,  125,  125,  125,  125,  125,  125,  125,  125,  125,  125,  125,  125,  125,  125,  125,  125,  125,  125,  125,  125,  125,  125,  125,  125
CHIVOR , AGCP,  840,  840,  840,  840,  840,  840,  840,  840,  840,  840,  840,  840,  840,  840,  840,  840,  840,  840,  840,  840,  840,  840,  840,  840
CHIVOR1 , AGCU,  105,  105,  105,  105,  105,  105,  105,  105,  105,  105,  105,  105,  105,  105,  105,  105,  105,  105,  105,  105,  105,  105,  105,  105
CHIVOR2 , AGCU,  105,  105,  105,  105,  105,  105,  105,  105,  105,  105,  105,  105,  105,  105,  105,  105,  105,  105,  105,  105,  105,  105,  105,  105
CHIVOR3 , AGCU,  105,  105,  105,  105,  105,  105,  105,  105,  105,  105,  105,  105,  105,  105,  105,  105,  105,  105,  105,  105,  105,  105,  105,  105
CHIVOR4 , AGCU,  105,  105,  105,  105,  105,  105,  105,  105,  105,  105,  105,  105,  105,  105,  105,  105,  105,  105,  105,  105,  105,  105,  105,  105
CHIVOR5 , AGCU,  105,  105,  105,  105,  105,  105,  105,  105,  105,  105,  105,  105,  105,  105,  105,  105,  105,  105,  105,  105,  105,  105,  105,  105
CHIVOR6 , AGCU,  105,  105,  105,  105,  105,  105,  105,  105,  105,  105,  105,  105,  105,  105,  105,  105,  105,  105,  105,  105,  105,  105,  105,  105
CHIVOR7 , AGCU,  105,  105,  105,  105,  105,  105,  105,  105,  105,  105,  105,  105,  105,  105,  105,  105,  105,  105,  105,  105,  105,  105,  105,  105
CHIVOR8 , AGCU,  105,  105,  105,  105,  105,  105,  105,  105,  105,  105,  105,  105,  105,  105,  105,  105,  105,  105,  105,  105,  105,  105,  105,  105
TUNJITA , D,  19.60,  19.60,  19.60,  19.60,  19.60,  19.60,  19.60,  19.60,  19.60,  19.60,  19.60,  19.60,  19.60,  19.60,  19.60,  19.60,  19.60,  19.60,  19.60,  19.60,  19.60,  19.60,  19.60,  19.60


AGENTE: AURES BAJO
AURESBAJO1 , D,  5.50,  5.50,  5.50,  5.50,  5.50,  5.50,  5.50,  5.50,  5.50,  5.00,  5.00,  5.00,  5.00,  5.00,  5.00,  5.00,  5.00,  5.00,  5.00,  5.50,  5.50,  5.50,  5.50,  5.50
AURESBAJO2 , D,  0.00,  0.00,  0.00,  0.00,  0.00,  0.00,  0.00,  0.00,  0.00,  0.00,  0.00,  0.00,  0.00,  0.00,  0.00,  0.00,  0.00,  0.00,  0.00,  0.00,  0.00,  0.00,  0.00,  0.00


AGENTE: AXIA ENERGIA
AUTOGUNIBOL , D,  1.00,  1.00,  1.00,  1.00,  1.00,  1.00,  1.00,  1.00,  1.00,  1.00,  1.00,  1.00,  1.00,  1.00,  1.00,  1.00,  1.00,  1.00,  1.00,  1.00,  1.00,  1.00,  1.00,  1.00
AUTOGFAMILIA , D,  1.00,  1.00,  1.00,  1.00,  1.00,  1.00,  1.00,  1.00,  1.00,  1.00,  1.00,  1.00,  1.00,  1.00,  1.00,  1.00,  1.00,  1.00,  1.00,  1.00,  1.00,  1.00,  1.00,  1.00


AGENTE: BIOGAS DOÑA JUANA
DOÑAJUANA , D,  0.25,  0.25,  0.25,  0.25,  0.25,  0.25,  0.25,  0.25,  0.25,  0.25,  0.25,  0.25,  0.25,  0.25,  0.25,  0.25,  0.25,  0.25,  0.25,  0.25,  0.25,  0.25,  0.25,  0.25


AGENTE: C.T. EL MORRO 2
CIMARRON , D,  19.00,  19.00,  19.00,  19.00,  19.00,  19.00,  19.00,  19.00,  19.00,  19.00,  19.00,  19.00,  19.00,  19.00,  19.00,  19.00,  19.00,  19.00,  19.00,  19.00,  19.00,  19.00,  19.00,  19.00
ELMORRO2 , D,  19.00,  19.00,  19.00,  19.00,  19.00,  19.00,  19.00,  19.00,  19.00,  19.00,  19.00,  18.00,  18.00,  18.00,  18.00,  18.00,  19.00,  19.00,  19.00,  19.00,  19.00,  19.00,  19.00,  19.00
ELMORRO1 , D,  19.90,  19.90,  19.90,  19.90,  19.90,  19.90,  19.90,  19.90,  19.90,  19.90,  19.90,  19.90,  19.90,  19.90,  19.90,  19.90,  19.90,  19.90,  19.90,  19.90,  19.90,  19.90,  19.90,  19.90


AGENTE: CANTAYÚS
CANTAYUS1 , D,  2.16,  2.16,  2.16,  2.16,  2.16,  2.16,  2.16,  2.16,  2.16,  2.16,  2.16,  2.16,  2.16,  2.16,  2.16,  2.16,  2.16,  2.16,  2.16,  2.16,  2.16,  2.16,  2.16,  2.16
CANTAYUS2 , D,  2.16,  2.16,  2.16,  2.16,  2.16,  2.16,  2.16,  2.16,  2.16,  2.16,  2.16,  2.16,  2.16,  2.16,  2.16,  2.16,  2.16,  2.16,  2.16,  2.16,  2.16,  2.16,  2.16,  2.16


AGENTE: CASCADA
SANMIGUEL1 , D,  25,  25,  25,  25,  25,  25,  25,  25,  25,  25,  25,  25,  25,  25,  25,  25,  25,  25,  25,  25,  25,  25,  25,  25
SANMIGUEL2 , D,  25,  25,  25,  25,  25,  25,  25,  25,  25,  25,  25,  25,  25,  25,  25,  25,  25,  25,  25,  25,  25,  25,  25,  25
ELPOPAL1 , D,  9.95,  9.95,  9.95,  9.95,  9.95,  9.95,  9.95,  9.95,  9.95,  9.95,  9.95,  9.95,  9.95,  9.95,  9.95,  9.95,  9.95,  9.95,  9.95,  9.95,  9.95,  9.95,  9.95,  9.95
ELPOPAL2 , D,  9.95,  9.95,  9.95,  9.95,  9.95,  9.95,  9.95,  9.95,  9.95,  9.95,  9.95,  9.95,  9.95,  9.95,  9.95,  9.95,  9.95,  9.95,  9.95,  9.95,  9.95,  9.95,  9.95,  9.95
ELMOLINO1 , D,  9.95,  9.95,  9.95,  9.95,  9.95,  9.95,  9.95,  9.95,  9.95,  9.95,  9.95,  9.95,  9.95,  9.95,  9.95,  9.95,  9.95,  9.95,  9.95,  9.95,  9.95,  9.95,  9.95,  9.95
ELMOLINO2 , D,  9.95,  9.95,  9.95,  9.95,  9.95,  9.95,  9.95,  9.95,  9.95,  9.95,  9.95,  9.95,  9.95,  9.95,  9.95,  9.95,  9.95,  9.95,  9.95,  9.95,  9.95,  9.95,  9.95,  9.95
SANMATIAS1 , D,  9.95,  9.95,  9.95,  9.95,  9.95,  9.95,  9.95,  9.95,  9.95,  9.95,  9.95,  9.95,  9.95,  9.95,  9.95,  9.95,  9.95,  9.95,  9.95,  9.95,  9.95,  9.95,  9.95,  9.95
SANMATIAS2 , D,  9.95,  9.95,  9.95,  9.95,  9.95,  9.95,  9.95,  9.95,  9.95,  9.95,  9.95,  9.95,  9.95,  9.95,  9.95,  9.95,  9.95,  9.95,  9.95,  9.95,  9.95,  9.95,  9.95,  9.95
LACASCADA(ANTIOQUIA) , D,  2.30,  2.30,  2.30,  2.30,  2.30,  2.30,  2.30,  2.30,  2.30,  2.30,  2.30,  2.30,  2.30,  2.30,  2.30,  2.30,  2.30,  2.30,  2.30,  2.30,  2.30,  2.30,  2.30,  2.30
CARUQUIA , D,  9.50,  9.50,  9.50,  9.50,  9.50,  9.50,  9.50,  9.50,  9.50,  9.50,  9.50,  9.50,  9.50,  9.50,  9.50,  9.50,  9.50,  9.50,  9.50,  9.50,  9.50,  9.50,  9.50,  9.50
GUANAQUITAS , D,  9.50,  9.50,  9.50,  9.50,  9.50,  9.50,  9.50,  9.50,  9.50,  9.50,  9.50,  9.50,  9.50,  9.50,  9.50,  9.50,  9.50,  9.50,  9.50,  9.50,  9.50,  9.50,  9.50,  9.50
BARROSO , D,  19.90,  19.90,  19.90,  19.90,  19.90,  19.90,  19.90,  19.90,  19.90,  19.90,  19.90,  19.90,  19.90,  19.90,  19.90,  19.90,  19.90,  19.90,  19.90,  19.90,  19.90,  19.90,  19.90,  19.90


AGENTE: CCG ENERGY SAS ESP
PATICO-LACABRERA , D,  1.30,  1.30,  1.30,  1.30,  1.30,  1.30,  1.30,  1.30,  1.30,  1.30,  1.30,  1.30,  1.30,  1.30,  1.30,  1.30,  1.30,  1.30,  1.30,  1.30,  1.30,  1.30,  1.30,  1.30


AGENTE: CEDENAR
RIOMAYO1 , D,  0.00,  0.00,  0.00,  0.00,  6.80,  6.80,  6.80,  6.80,  6.80,  6.80,  6.80,  6.80,  0.00,  0.00,  0.00,  0.00,  6.80,  6.80,  6.80,  6.80,  6.80,  6.80,  6.80,  6.80
RIOMAYO2 , D,  0.00,  0.00,  0.00,  0.00,  0.00,  0.00,  0.00,  0.00,  0.00,  0.00,  0.00,  0.00,  0.00,  0.00,  0.00,  0.00,  0.00,  0.00,  0.00,  0.00,  0.00,  0.00,  0.00,  0.00
RIOMAYO3 , D,  0.00,  0.00,  0.00,  0.00,  6.80,  6.80,  6.80,  6.80,  6.80,  6.80,  6.80,  6.80,  0.00,  0.00,  0.00,  0.00,  6.80,  6.80,  6.80,  6.80,  6.80,  6.80,  6.80,  6.80
RIOSAPUYES , D,  0.20,  0.20,  0.20,  0.20,  0.20,  0.20,  0.20,  0.20,  0.20,  0.20,  0.20,  0.20,  0.20,  0.20,  0.20,  0.20,  0.20,  0.20,  0.20,  0.20,  0.20,  0.20,  0.20,  0.20
JULIOBRAVO , D,  0.00,  0.00,  0.00,  0.00,  0.00,  0.00,  0.00,  0.00,  0.00,  0.00,  0.00,  0.00,  0.00,  0.00,  0.00,  0.00,  0.00,  0.00,  0.00,  0.00,  0.00,  0.00,  0.00,  0.00
RIOBOBO , D,  1.55,  1.55,  1.55,  1.55,  1.55,  1.55,  1.55,  1.55,  1.55,  1.55,  1.55,  1.55,  1.55,  1.55,  1.55,  1.55,  1.55,  1.55,  1.55,  1.55,  1.55,  1.55,  1.55,  1.55


AGENTE: CEMEX ENERGY
SUEVA2 , D,  3.47,  3.47,  3.47,  3.47,  3.47,  3.47,  3.47,  3.47,  3.47,  3.47,  3.47,  3.47,  3.47,  3.47,  3.47,  3.47,  3.47,  3.47,  3.47,  3.47,  3.47,  3.47,  3.47,  3.47
BIOENERGY , D,  0.00,  0.00,  0.00,  0.00,  0.00,  0.00,  0.00,  0.00,  0.00,  0.00,  0.00,  0.00,  0.00,  0.00,  0.00,  0.00,  0.00,  0.00,  0.00,  0.00,  0.00,  0.00,  0.00,  0.00


AGENTE: CES
PAIPA4 , P,  129097
PAIPA4 , PAP1, 55499637
PAIPA4 , PAPUSD1, 16496
PAIPA4 , D,  160,  160,  160,  160,  160,  160,  160,  160,  160,  160,  160,  160,  160,  160,  160,  160,  160,  160,  160,  160,  160,  160,  160,  160
PAIPA4 , CONF,  1
PAIPA4 , C,  CARBON


AGENTE: CETSA(TULUA)
RIOFRIOII1 , D,  1.00,  1.00,  1.00,  1.00,  1.00,  1.00,  1.00,  1.00,  1.00,  1.00,  1.00,  1.00,  1.00,  1.00,  1.00,  1.00,  1.00,  1.00,  1.00,  1.00,  1.00,  1.00,  1.00,  1.00
RIOFRIOII2 , D,  1.00,  1.00,  1.00,  1.00,  1.00,  1.00,  1.00,  1.00,  1.00,  1.00,  1.00,  1.00,  1.00,  1.00,  1.00,  1.00,  1.00,  1.00,  1.00,  1.00,  1.00,  1.00,  1.00,  1.00
RIOFRIOI , D,  1.00,  1.00,  1.00,  1.00,  1.00,  1.00,  1.00,  1.00,  1.00,  1.00,  1.00,  1.00,  1.00,  1.00,  1.00,  1.00,  1.00,  1.00,  1.00,  1.00,  1.00,  1.00,  1.00,  1.00
RUMOR , D,  1.00,  1.00,  1.00,  1.00,  1.00,  1.00,  1.00,  1.00,  1.00,  1.00,  1.00,  1.00,  1.00,  1.00,  1.00,  1.00,  1.00,  1.00,  1.00,  1.00,  1.00,  1.00,  1.00,  1.00


AGENTE: CH EL EDEN
ELEDÉN , D,  1.50,  1.50,  1.50,  1.50,  1.50,  1.50,  1.50,  5.00,  1.50,  1.50,  1.50,  1.50,  1.50,  1.50,  1.50,  1.50,  1.50,  5.00,  5.00,  5.00,  5.00,  5.00,  1.50,  2.50


AGENTE: CHC S.A.S. E.S.P.
MAGALLO , D,  5.70,  5.70,  5.70,  5.70,  5.70,  5.70,  5.70,  5.70,  5.70,  5.70,  5.70,  5.70,  5.70,  5.70,  5.70,  5.70,  5.70,  5.70,  5.70,  5.70,  5.70,  5.70,  5.70,  5.70


AGENTE: DICELER 
INGENIOSANCARLOS1 , D,  0.00,  0.00,  0.00,  0.00,  0.00,  0.00,  0.00,  0.00,  0.00,  0.00,  0.00,  0.00,  0.00,  0.00,  0.00,  0.00,  0.00,  0.00,  0.00,  0.00,  0.00,  0.00,  0.00,  0.00


AGENTE: EEP(PEREIRA)
NUEVOLIBARE , D,  0.00,  0.00,  0.00,  0.00,  0.00,  0.00,  0.00,  0.00,  0.00,  0.00,  0.00,  0.00,  0.00,  0.00,  0.00,  0.00,  0.00,  0.00,  0.00,  0.00,  0.00,  0.00,  0.00,  0.00
BELMONTE , D,  0.00,  0.00,  0.00,  0.00,  0.00,  0.00,  0.00,  0.00,  0.00,  0.00,  0.00,  0.00,  0.00,  0.00,  0.00,  0.00,  0.00,  0.00,  0.00,  0.00,  0.00,  0.00,  0.00,  0.00
INGENIORISARALDA1 , D,  15.00,  15.00,  15.00,  15.00,  15.00,  15.00,  15.00,  15.00,  15.00,  15.00,  15.00,  15.00,  15.00,  15.00,  15.00,  15.00,  15.00,  15.00,  15.00,  15.00,  15.00,  15.00,  15.00,  15.00


AGENTE: EEPPM
ESMERALDA1 , D,  9,  9,  9,  9,  9,  9,  9,  9,  9,  9,  9,  9,  9,  9,  9,  9,  9,  9,  9,  9,  9,  9,  9,  9
ESMERALDA2 , D,  7,  7,  7,  7,  7,  7,  7,  7,  7,  7,  7,  7,  7,  7,  7,  7,  7,  7,  7,  7,  7,  7,  7,  7
GUATAPE , P,  291000
GUATAPE1 , D,  70,  70,  70,  70,  70,  70,  70,  70,  70,  70,  70,  70,  70,  70,  70,  70,  70,  70,  70,  70,  70,  70,  70,  70
GUATAPE2 , D,  70,  70,  70,  70,  70,  70,  70,  70,  70,  70,  70,  70,  70,  70,  70,  70,  70,  70,  70,  70,  70,  70,  70,  70
GUATAPE3 , D,  70,  70,  70,  70,  70,  70,  70,  70,  70,  70,  70,  70,  70,  70,  70,  70,  70,  70,  70,  70,  70,  70,  70,  70
GUATAPE4 , D,  70,  70,  70,  70,  70,  70,  70,  70,  70,  70,  70,  70,  70,  70,  70,  70,  70,  70,  70,  70,  70,  70,  70,  70
GUATAPE5 , D,  70,  70,  70,  70,  70,  70,  70,  70,  70,  70,  70,  70,  70,  70,  70,  70,  70,  70,  70,  70,  70,  70,  70,  70
GUATAPE6 , D,  70,  70,  70,  70,  70,  70,  70,  70,  70,  70,  70,  70,  70,  70,  70,  70,  70,  70,  70,  70,  70,  70,  70,  70
GUATAPE7 , D,  70,  70,  70,  70,  70,  70,  70,  70,  70,  70,  70,  70,  70,  70,  70,  70,  70,  70,  70,  70,  70,  70,  70,  70
GUATAPE8 , D,  70,  70,  70,  70,  70,  70,  70,  70,  70,  70,  70,  70,  70,  70,  70,  70,  70,  70,  70,  70,  70,  70,  70,  70
GUATAPE , AGCP,  0,  0,  0,  0,  0,  0,  0,  0,  0,  0,  0,  0,  0,  0,  0,  0,  0,  0,  0,  0,  0,  0,  0,  0
GUATAPE1 , AGCU,  70,  70,  70,  70,  70,  70,  70,  70,  70,  70,  70,  70,  70,  70,  70,  70,  70,  70,  70,  70,  70,  70,  70,  70
GUATAPE2 , AGCU,  70,  70,  70,  70,  70,  70,  70,  70,  70,  70,  70,  70,  70,  70,  70,  70,  70,  70,  70,  70,  70,  70,  70,  70
GUATAPE3 , AGCU,  70,  70,  70,  70,  70,  70,  70,  70,  70,  70,  70,  70,  70,  70,  70,  70,  70,  70,  70,  70,  70,  70,  70,  70
GUATAPE4 , AGCU,  70,  70,  70,  70,  70,  70,  70,  70,  70,  70,  70,  70,  70,  70,  70,  70,  70,  70,  70,  70,  70,  70,  70,  70
GUATAPE5 , AGCU,  70,  70,  70,  70,  70,  70,  70,  70,  70,  70,  70,  70,  70,  70,  70,  70,  70,  70,  70,  70,  70,  70,  70,  70
GUATAPE6 , AGCU,  70,  70,  70,  70,  70,  70,  70,  70,  70,  70,  70,  70,  70,  70,  70,  70,  70,  70,  70,  70,  70,  70,  70,  70
GUATAPE7 , AGCU,  70,  70,  70,  70,  70,  70,  70,  70,  70,  70,  70,  70,  70,  70,  70,  70,  70,  70,  70,  70,  70,  70,  70,  70
GUATAPE8 , AGCU,  70,  70,  70,  70,  70,  70,  70,  70,  70,  70,  70,  70,  70,  70,  70,  70,  70,  70,  70,  70,  70,  70,  70,  70
LATASAJERA , P,  453000
LATASAJERA1 , D,  102,  102,  102,  102,  102,  102,  102,  102,  102,  102,  102,  102,  102,  102,  102,  102,  102,  102,  102,  102,  102,  102,  102,  102
LATASAJERA2 , D,  102,  102,  102,  102,  102,  102,  102,  102,  102,  102,  102,  102,  102,  102,  102,  102,  102,  102,  102,  102,  102,  102,  102,  102
LATASAJERA3 , D,  102,  102,  102,  102,  102,  102,  102,  102,  102,  102,  102,  102,  102,  102,  102,  102,  102,  102,  102,  102,  102,  102,  102,  102
LATASAJERA , AGCP,  204,  204,  204,  204,  204,  204,  204,  204,  0,  0,  0,  0,  0,  0,  0,  0,  0,  0,  204,  204,  204,  204,  204,  204
LATASAJERA1 , AGCU,  102,  102,  102,  102,  102,  102,  102,  102,  102,  102,  102,  102,  102,  102,  102,  102,  102,  102,  102,  102,  102,  102,  102,  102
LATASAJERA2 , AGCU,  102,  102,  102,  102,  102,  102,  102,  102,  102,  102,  102,  102,  102,  102,  102,  102,  102,  102,  102,  102,  102,  102,  102,  102
LATASAJERA1 , PRU,  0,  0,  0,  0,  0,  0,  0,  0,  15,  15,  15,  15,  15,  15,  15,  15,  15,  15,  0,  0,  0,  0,  0,  0
PLAYAS , P,  202000
PLAYAS1 , D,  69,  69,  69,  69,  69,  69,  69,  69,  69,  69,  69,  69,  69,  69,  69,  69,  69,  69,  69,  69,  69,  69,  69,  69
PLAYAS2 , D,  69,  69,  69,  69,  69,  69,  69,  69,  69,  69,  69,  69,  69,  69,  69,  69,  69,  69,  69,  69,  69,  69,  69,  69
PLAYAS3 , D,  69,  69,  69,  69,  69,  69,  69,  69,  69,  69,  69,  69,  69,  69,  69,  69,  69,  69,  69,  69,  69,  69,  69,  69
SANFRANCISCO1 , D,  0,  0,  0,  0,  0,  0,  0,  0,  0,  0,  0,  0,  0,  0,  0,  0,  0,  0,  0,  0,  0,  0,  0,  0
SANFRANCISCO2 , D,  0,  0,  0,  0,  0,  0,  0,  0,  0,  0,  0,  0,  0,  0,  0,  0,  0,  0,  0,  0,  0,  0,  0,  0
SANFRANCISCO3 , D,  0,  0,  0,  0,  0,  0,  0,  0,  45,  45,  45,  45,  0,  0,  0,  0,  0,  45,  45,  45,  45,  45,  0,  0
GUATRON , P,  437000
GUADALUPE31 , D,  45,  45,  45,  45,  45,  45,  45,  45,  45,  45,  45,  45,  45,  45,  45,  45,  45,  45,  45,  45,  45,  45,  45,  45
GUADALUPE32 , D,  45,  45,  45,  45,  45,  45,  45,  45,  45,  45,  45,  45,  45,  45,  45,  45,  45,  45,  45,  45,  45,  45,  45,  45
GUADALUPE33 , D,  45,  45,  45,  45,  45,  45,  45,  45,  45,  45,  45,  45,  45,  45,  45,  45,  45,  45,  45,  45,  45,  45,  45,  45
GUADALUPE34 , D,  45,  45,  45,  45,  45,  45,  45,  45,  45,  45,  45,  45,  45,  45,  45,  45,  45,  45,  45,  45,  45,  45,  45,  45
GUADALUPE35 , D,  45,  45,  45,  45,  45,  45,  45,  45,  45,  45,  45,  45,  45,  45,  45,  45,  45,  45,  45,  45,  45,  45,  45,  45
GUADALUPE36 , D,  45,  45,  45,  45,  45,  45,  45,  45,  45,  45,  45,  45,  45,  45,  45,  45,  45,  45,  45,  45,  45,  45,  45,  45
GUADALUPE41 , D,  67,  67,  67,  67,  67,  67,  67,  67,  67,  67,  67,  67,  67,  67,  67,  67,  67,  67,  67,  67,  67,  67,  67,  67
GUADALUPE42 , D,  67,  67,  67,  67,  67,  67,  67,  67,  67,  67,  67,  67,  67,  67,  67,  67,  67,  67,  67,  67,  67,  67,  67,  67
GUADALUPE43 , D,  68,  68,  68,  68,  68,  68,  68,  68,  68,  68,  68,  68,  68,  68,  68,  68,  68,  68,  68,  68,  68,  68,  68,  68
TRONERAS1 , D,  20,  20,  20,  20,  20,  20,  20,  20,  20,  20,  20,  20,  20,  20,  20,  20,  20,  20,  20,  20,  20,  20,  20,  20
TRONERAS2 , D,  20,  20,  20,  20,  20,  20,  20,  20,  20,  20,  20,  20,  20,  20,  20,  20,  20,  20,  20,  20,  20,  20,  20,  20
GUATRON , MO,  0,  0,  0,  0,  0,  0,  0,  0,  0,  0,  0,  0,  0,  0,  0,  0,  0,  0,  0,  0,  0,  0,  0,  0
PORCEII , P,  353000
PORCEII1 , D,  135,  135,  135,  135,  135,  135,  135,  135,  135,  135,  135,  135,  135,  135,  135,  135,  135,  135,  135,  135,  135,  135,  135,  135
PORCEII2 , D,  135,  135,  135,  135,  135,  135,  135,  135,  135,  135,  135,  135,  135,  135,  135,  135,  135,  135,  135,  135,  135,  135,  135,  135
PORCEII3 , D,  135,  135,  135,  135,  135,  135,  135,  135,  135,  135,  135,  135,  135,  135,  135,  135,  135,  135,  135,  135,  135,  135,  135,  135
PORCEII , AGCP,  0,  0,  0,  0,  0,  0,  0,  0,  0,  0,  0,  0,  0,  0,  0,  0,  0,  0,  0,  0,  0,  0,  0,  0
PORCEII1 , AGCU,  58,  58,  58,  58,  58,  58,  58,  58,  58,  58,  58,  58,  58,  58,  58,  58,  58,  58,  58,  58,  58,  58,  58,  58
PORCEII2 , AGCU,  0,  0,  0,  0,  0,  0,  0,  0,  0,  0,  0,  0,  0,  0,  0,  0,  0,  0,  0,  0,  0,  0,  0,  0
PORCEII3 , PRU,  0,  0,  0,  0,  0,  0,  0,  0,  6,  6,  6,  6,  6,  6,  6,  6,  6,  0,  0,  0,  0,  0,  0,  0
PORCEIII , P,  240000
PORCEIII4 , D,  175,  175,  175,  175,  175,  175,  175,  175,  175,  175,  175,  175,  175,  175,  175,  175,  175,  175,  175,  175,  175,  175,  175,  175
PORCEIII3 , D,  175,  175,  175,  175,  175,  175,  175,  175,  175,  175,  175,  175,  175,  175,  175,  175,  175,  175,  175,  175,  175,  175,  175,  175
PORCEIII2 , D,  175,  175,  175,  175,  175,  175,  175,  175,  175,  175,  175,  175,  175,  175,  175,  175,  175,  175,  175,  175,  175,  175,  175,  175
PORCEIII1 , D,  175,  175,  175,  175,  175,  175,  175,  175,  175,  175,  175,  175,  175,  175,  175,  175,  175,  175,  175,  175,  175,  175,  175,  175
PORCEIII , AGCP,  0,  0,  0,  0,  0,  0,  0,  0,  0,  0,  0,  0,  0,  0,  0,  0,  0,  0,  0,  0,  0,  0,  0,  0
PORCEIII4 , AGCU,  0,  0,  0,  0,  0,  0,  0,  0,  0,  0,  0,  0,  0,  0,  0,  0,  0,  0,  0,  0,  0,  0,  0,  0
PORCEIII3 , AGCU,  0,  0,  0,  0,  0,  0,  0,  0,  0,  0,  0,  0,  0,  0,  0,  0,  0,  0,  0,  0,  0,  0,  0,  0
TERMOSIERRAB , P,  658321
TERMOSIERRAB , PAP1, 84935035
TERMOSIERRAB , PAP2, 194013220
TERMOSIERRAB , PAP3, 126068557
TERMOSIERRAB , PAP4, 269807099
TERMOSIERRAB , PAP5, 234140777
TERMOSIERRAB , PAP6, 424143597
TERMOSIERRAB , PAP7, 733193408
TERMOSIERRAB , PAP8, 463537708
TERMOSIERRAB , PAP9, 804186245
TERMOSIERRAB , PAP10, 794678366
TERMOSIERRAB , PAP11, 492165643
TERMOSIERRAB , PAP12, 492165643
TERMOSIERRAB , PAP13, 458312748
TERMOSIERRAB , PAP14, 445871086
TERMOSIERRAB , PAPUSD1, 25245
TERMOSIERRAB , PAPUSD2, 57666
TERMOSIERRAB , PAPUSD3, 37471
TERMOSIERRAB , PAPUSD4, 80194
TERMOSIERRAB , PAPUSD5, 69593
TERMOSIERRAB , PAPUSD6, 126067
TERMOSIERRAB , PAPUSD7, 217925
TERMOSIERRAB , PAPUSD8, 137776
TERMOSIERRAB , PAPUSD9, 239026
TERMOSIERRAB , PAPUSD10, 236200
TERMOSIERRAB , PAPUSD11, 146285
TERMOSIERRAB , PAPUSD12, 146285
TERMOSIERRAB , PAPUSD13, 136223
TERMOSIERRAB , PAPUSD14, 132525
TERMOSIERRAB , D,  353,  353,  353,  353,  353,  353,  353,  353,  353,  353,  353,  353,  353,  353,  353,  353,  353,  353,  353,  353,  353,  353,  353,  353
TERMOSIERRAB , CONF,  9
TERMOSIERRAB , C,  ACPM
TERMODORADA1 , P,  905283
TERMODORADA1 , PAP1, 22763733
TERMODORADA1 , PAP2, 24260905
TERMODORADA1 , PAP3, 24277727
TERMODORADA1 , PAPUSD1, 6766
TERMODORADA1 , PAPUSD2, 7211
TERMODORADA1 , PAPUSD3, 7216
TERMODORADA1 , D,  23,  23,  23,  23,  23,  23,  23,  23,  23,  23,  23,  23,  23,  23,  23,  23,  23,  23,  23,  23,  23,  23,  23,  23
TERMODORADA1 , CONF,  3
TERMODORADA1 , C,  ACPM
INSULA1 , D,  0.00,  0.00,  0.00,  0.00,  0.00,  0.00,  0.00,  0.00,  0.00,  0.00,  0.00,  0.00,  0.00,  0.00,  0.00,  0.00,  0.00,  0.00,  0.00,  0.00,  0.00,  0.00,  0.00,  0.00
INSULA2 , D,  6.00,  6.00,  6.00,  6.00,  6.00,  6.00,  6.00,  6.00,  6.00,  6.00,  6.00,  6.00,  6.00,  6.00,  6.00,  6.00,  6.00,  6.00,  6.00,  6.00,  6.00,  6.00,  6.00,  6.00
INSULA3 , D,  0.00,  0.00,  0.00,  0.00,  0.00,  0.00,  0.00,  0.00,  0.00,  0.00,  0.00,  0.00,  0.00,  0.00,  0.00,  0.00,  0.00,  0.00,  0.00,  0.00,  0.00,  0.00,  0.00,  0.00
LAHERRADURA1 , D,  7.60,  7.60,  7.60,  7.60,  7.60,  7.60,  7.60,  7.60,  7.60,  7.60,  7.60,  7.60,  7.60,  7.60,  7.60,  7.60,  7.60,  7.60,  7.60,  7.60,  7.60,  7.60,  7.60,  7.60
LAHERRADURA2 , D,  0.00,  0.00,  0.00,  0.00,  0.00,  0.00,  0.00,  0.00,  0.00,  0.00,  0.00,  0.00,  0.00,  0.00,  0.00,  0.00,  0.00,  0.00,  0.00,  0.00,  0.00,  0.00,  0.00,  0.00
PAJARITO1 , D,  1.80,  1.80,  1.80,  1.80,  1.80,  1.80,  1.80,  1.80,  1.80,  1.80,  1.80,  1.80,  1.80,  1.80,  1.80,  1.80,  1.80,  1.80,  1.80,  1.80,  1.80,  1.80,  1.80,  1.80
PAJARITO2 , D,  5.50,  5.50,  5.50,  5.50,  5.50,  5.50,  5.50,  5.50,  5.50,  5.50,  5.50,  5.50,  5.50,  5.50,  5.50,  5.50,  5.50,  5.50,  5.50,  5.50,  5.50,  5.50,  5.50,  5.50
AMERICA , D,  0.00,  0.00,  0.00,  0.00,  0.00,  0.00,  0.00,  0.00,  0.00,  0.00,  0.00,  0.00,  0.00,  0.00,  0.00,  0.00,  0.00,  0.00,  0.00,  0.00,  0.00,  0.00,  0.00,  0.00
AYURA , D,  0.00,  0.00,  0.00,  0.00,  0.00,  0.00,  0.00,  0.00,  0.00,  0.00,  0.00,  0.00,  0.00,  0.00,  0.00,  0.00,  0.00,  0.00,  0.00,  0.00,  0.00,  0.00,  0.00,  0.00
BELLO , D,  0.29,  0.29,  0.29,  0.29,  0.29,  0.29,  0.29,  0.29,  0.29,  0.29,  0.29,  0.29,  0.29,  0.29,  0.29,  0.29,  0.29,  0.29,  0.29,  0.29,  0.29,  0.29,  0.29,  0.29
CAMPESTRE(EPM) , D,  0.00,  0.00,  0.00,  0.00,  0.00,  0.00,  0.00,  0.00,  0.00,  0.00,  0.00,  0.00,  0.00,  0.00,  0.00,  0.00,  0.00,  0.00,  0.00,  0.00,  0.00,  0.00,  0.00,  0.00
MANANTIALES , D,  1.79,  1.79,  1.79,  1.79,  1.79,  1.79,  1.79,  1.79,  1.79,  1.79,  1.79,  1.79,  1.79,  1.79,  1.79,  1.79,  1.79,  1.79,  1.79,  1.79,  1.79,  1.79,  1.79,  1.79
AUTGCEMENTOSDELNARE , D,  3.40,  3.40,  3.40,  3.40,  3.40,  3.40,  3.40,  3.50,  3.50,  3.50,  3.50,  3.50,  3.50,  3.50,  1.60,  2.10,  2.10,  2.10,  2.10,  2.10,  2.10,  2.10,  4.00,  3.40
LAVUELTA , D,  2.60,  2.60,  2.60,  2.60,  2.60,  2.60,  2.60,  2.60,  2.60,  2.60,  2.60,  2.60,  2.60,  2.60,  2.60,  2.60,  2.60,  2.60,  2.60,  2.60,  2.60,  2.60,  2.60,  2.60
CARACOLI , D,  2.50,  2.50,  2.50,  2.50,  2.50,  2.50,  2.50,  2.50,  2.50,  2.50,  2.50,  2.50,  2.50,  2.50,  2.50,  2.50,  2.50,  2.50,  2.50,  2.50,  2.50,  2.50,  2.50,  2.50
RIOGRANDEI , D,  0.00,  0.00,  0.00,  0.00,  0.00,  0.00,  0.00,  0.00,  19.00,  19.00,  19.00,  19.00,  19.00,  19.00,  19.00,  19.00,  19.00,  19.00,  19.00,  19.00,  19.00,  19.00,  19.00,  0.00
SONSON , D,  12.00,  12.00,  12.00,  12.00,  12.00,  12.00,  12.00,  12.00,  12.00,  12.00,  12.00,  12.00,  12.00,  12.00,  12.00,  12.00,  12.00,  12.00,  12.00,  12.00,  12.00,  12.00,  12.00,  12.00
SANJOSEDELAMONTAÑA , D,  0.00,  0.00,  0.00,  0.00,  0.00,  0.00,  0.00,  0.00,  0.00,  0.00,  0.00,  0.00,  0.00,  0.00,  0.00,  0.00,  0.00,  0.00,  0.00,  0.00,  0.00,  0.00,  0.00,  0.00
RIOFRIO(TAMESIS) , D,  0.67,  0.67,  0.67,  0.67,  0.67,  0.67,  0.67,  0.67,  0.67,  0.67,  0.67,  0.67,  0.67,  0.67,  0.67,  0.67,  0.67,  0.67,  0.67,  0.67,  0.67,  0.67,  0.67,  0.67
GUACAICA , D,  0.00,  0.00,  0.00,  0.00,  0.00,  0.00,  0.00,  0.00,  0.00,  0.00,  0.00,  0.00,  0.00,  0.00,  0.00,  0.00,  0.00,  0.00,  0.00,  0.00,  0.00,  0.00,  0.00,  0.00
INTERMEDIA , D,  0.00,  0.00,  0.00,  0.00,  0.00,  0.00,  0.00,  0.00,  0.00,  0.00,  0.00,  0.00,  0.00,  0.00,  0.00,  0.00,  0.00,  0.00,  0.00,  0.00,  0.00,  0.00,  0.00,  0.00
SANCANCIO , D,  0.45,  0.45,  0.45,  0.45,  0.45,  0.45,  0.45,  0.45,  0.45,  0.45,  0.45,  0.45,  0.45,  0.45,  0.45,  0.45,  0.45,  0.45,  0.45,  0.45,  0.45,  0.45,  0.45,  0.45
NIQUIA , D,  14.50,  14.50,  14.50,  14.50,  14.50,  14.50,  14.50,  14.50,  14.50,  14.50,  14.50,  14.50,  14.50,  14.50,  14.50,  14.50,  14.50,  14.50,  14.50,  14.50,  14.50,  14.50,  14.50,  14.50
NUTIBARA , D,  0.00,  0.00,  0.00,  0.00,  0.00,  0.00,  0.00,  0.00,  0.00,  0.00,  0.00,  0.00,  0.00,  0.00,  0.00,  0.00,  0.00,  0.00,  0.00,  0.00,  0.00,  0.00,  0.00,  0.00
CASCADA , D,  1.80,  1.80,  1.80,  1.80,  1.80,  1.80,  1.80,  1.80,  1.80,  1.80,  1.80,  1.80,  1.80,  1.80,  1.80,  1.80,  1.80,  1.80,  1.80,  1.80,  1.80,  1.80,  1.80,  1.80
PALMASSANGIL , D,  8.00,  8.00,  8.00,  8.00,  8.00,  8.00,  8.00,  8.00,  8.00,  8.00,  8.00,  8.00,  8.00,  8.00,  8.00,  8.00,  8.00,  8.00,  8.00,  8.00,  8.00,  8.00,  8.00,  8.00
RIOGRANDE , D,  0.30,  0.30,  0.30,  0.30,  0.30,  0.30,  0.30,  0.30,  0.30,  0.30,  0.30,  0.30,  0.30,  0.30,  0.30,  0.30,  0.30,  0.30,  0.30,  0.30,  0.30,  0.30,  0.30,  0.30
MUNICIPAL , D,  0.60,  0.60,  0.60,  0.60,  0.60,  0.60,  0.60,  0.60,  0.60,  0.60,  0.60,  0.60,  0.60,  0.60,  0.60,  0.60,  0.60,  0.60,  0.60,  0.60,  0.60,  0.60,  0.60,  0.60
AUTOGARGOSELCAIRO , D,  5.10,  5.10,  5.10,  5.10,  5.10,  5.10,  5.10,  2.60,  2.60,  2.60,  2.60,  2.60,  2.60,  2.60,  2.60,  2.60,  2.60,  2.60,  2.60,  2.60,  2.60,  2.60,  5.20,  5.20
PORCEIIIMENOR , D,  1.00,  1.00,  1.00,  1.00,  1.00,  1.00,  1.00,  1.00,  1.00,  1.00,  1.00,  1.00,  1.00,  1.00,  1.00,  1.00,  1.00,  1.00,  1.00,  1.00,  1.00,  1.00,  1.00,  1.00
COGENERADORCOLTEJER1 , D,  9.40,  9.40,  9.40,  9.40,  9.40,  9.40,  9.40,  9.40,  9.40,  9.40,  9.40,  9.40,  9.40,  9.40,  9.40,  9.40,  9.40,  9.40,  9.40,  9.40,  9.40,  9.40,  9.40,  9.40
JEPIRACHI1-15 , D,  5.52,  4.79,  4.97,  6.15,  6.73,  6.88,  5.52,  3.49,  6.14,  7.12,  6.15,  5.69,  7.93,  9.85,  9.81,  8.02,  8.53,  7.56,  7.28,  6.20,  5.55,  4.49,  2.58,  2.79
AUTOGARGOSSOGAMOSO , D,  0.50,  0.50,  0.50,  0.50,  0.50,  0.50,  0.50,  0.50,  0.50,  0.50,  0.50,  0.50,  0.50,  0.50,  0.50,  0.50,  0.50,  0.50,  0.50,  0.50,  0.50,  0.50,  0.50,  0.50
AUTOGCOCA-COLAFEMSA , D,  0.15,  0.15,  0.15,  0.15,  0.15,  0.15,  0.15,  0.15,  0.15,  0.15,  0.15,  0.15,  0.15,  0.15,  0.15,  0.15,  0.15,  0.15,  0.15,  0.15,  0.15,  0.15,  0.15,  0.15


AGENTE: ELECTROHUILA
IQUIRAI , D,  1.94,  1.94,  1.94,  1.94,  1.94,  1.94,  1.73,  2.16,  1.94,  1.94,  1.94,  1.94,  1.73,  2.16,  2.16,  1.73,  1.73,  1.94,  1.94,  2.16,  1.73,  1.94,  1.94,  1.94
IQUIRAII , D,  0.00,  0.00,  0.00,  0.00,  0.00,  0.00,  0.00,  0.00,  0.00,  0.00,  0.00,  0.00,  0.00,  0.00,  0.00,  0.00,  0.00,  0.00,  0.00,  0.00,  0.00,  0.00,  0.00,  0.00
LAPITA , D,  0.00,  0.00,  0.00,  0.00,  0.00,  0.00,  0.00,  0.00,  0.00,  0.00,  0.00,  0.00,  0.00,  0.00,  0.00,  0.00,  0.00,  0.00,  0.00,  0.00,  0.00,  0.00,  0.00,  0.00


AGENTE: EMEE(POPAYAN)
COCONUCO , D,  1.90,  1.90,  1.90,  1.90,  1.90,  1.90,  1.90,  1.90,  1.90,  1.90,  1.90,  1.90,  1.91,  1.90,  1.90,  1.90,  1.90,  1.90,  1.90,  1.90,  1.90,  1.90,  1.90,  1.90


AGENTE: EMGESA S.A.
BETANIA , P,  400000
BETANIA1 , D,  158,  158,  158,  158,  158,  158,  158,  158,  158,  158,  158,  158,  158,  158,  158,  158,  158,  158,  158,  158,  158,  158,  158,  158
BETANIA2 , D,  158,  158,  158,  158,  158,  158,  158,  158,  158,  158,  158,  158,  158,  158,  158,  158,  158,  158,  158,  158,  158,  158,  158,  158
BETANIA3 , D,  158,  158,  158,  158,  158,  158,  158,  158,  158,  158,  158,  158,  158,  158,  158,  158,  158,  158,  158,  158,  158,  158,  158,  158
BETANIA , MO,  60,  60,  60,  60,  60,  60,  60,  60,  60,  60,  60,  60,  60,  60,  60,  60,  60,  60,  60,  60,  60,  60,  60,  60
GUAVIO , P,  395000
GUAVIO1 , D,  247,  247,  247,  247,  247,  247,  247,  247,  247,  247,  247,  247,  247,  247,  247,  247,  247,  247,  247,  247,  247,  247,  247,  247
GUAVIO2 , D,  247,  247,  247,  247,  247,  247,  247,  247,  247,  247,  247,  247,  247,  247,  247,  247,  247,  247,  247,  247,  247,  247,  247,  247
GUAVIO3 , D,  247,  247,  247,  247,  247,  247,  247,  247,  247,  247,  247,  247,  247,  247,  247,  247,  247,  247,  247,  247,  247,  247,  247,  247
GUAVIO4 , D,  247,  247,  247,  247,  247,  247,  247,  247,  247,  247,  247,  247,  247,  247,  247,  247,  247,  247,  247,  247,  247,  247,  247,  247
GUAVIO5 , D,  247,  247,  247,  247,  247,  247,  247,  247,  247,  247,  247,  247,  247,  247,  247,  247,  247,  247,  247,  247,  247,  247,  247,  247
GUAVIO , AGCP,  0,  0,  0,  0,  0,  0,  0,  0,  0,  0,  0,  0,  0,  0,  0,  0,  0,  0,  0,  0,  0,  0,  0,  0
GUAVIO1 , AGCU,  187,  187,  187,  187,  187,  187,  187,  187,  187,  187,  187,  187,  187,  187,  187,  187,  187,  187,  187,  187,  187,  187,  187,  187
GUAVIO2 , AGCU,  187,  187,  187,  187,  187,  187,  187,  187,  187,  187,  187,  187,  187,  187,  187,  187,  187,  187,  187,  187,  187,  187,  187,  187
GUAVIO3 , AGCU,  187,  187,  187,  187,  187,  187,  187,  187,  187,  187,  187,  187,  187,  187,  187,  187,  187,  187,  187,  187,  187,  187,  187,  187
GUAVIO4 , AGCU,  187,  187,  187,  187,  187,  187,  187,  187,  187,  187,  187,  187,  187,  187,  187,  187,  187,  187,  187,  187,  187,  187,  187,  187
GUAVIO5 , AGCU,  187,  187,  187,  187,  187,  187,  187,  187,  187,  187,  187,  187,  187,  187,  187,  187,  187,  187,  187,  187,  187,  187,  187,  187
PAGUA , P,  72569
LAGUACA1 , D,  108,  108,  108,  108,  108,  108,  108,  108,  108,  108,  108,  108,  108,  108,  108,  108,  108,  108,  108,  108,  108,  108,  108,  108
LAGUACA2 , D,  108,  108,  108,  108,  108,  108,  108,  108,  108,  108,  108,  108,  108,  108,  108,  108,  108,  108,  108,  108,  108,  108,  108,  108
LAGUACA3 , D,  108,  108,  108,  108,  108,  108,  108,  108,  108,  108,  108,  108,  108,  108,  108,  108,  108,  108,  108,  108,  108,  108,  108,  108
PARAISO1 , D,  92,  92,  92,  92,  92,  92,  92,  92,  92,  92,  92,  92,  92,  92,  92,  92,  92,  92,  92,  92,  92,  92,  92,  92
PARAISO2 , D,  92,  92,  92,  92,  92,  92,  92,  92,  92,  92,  92,  92,  92,  92,  92,  92,  92,  92,  92,  92,  92,  92,  92,  92
PARAISO3 , D,  92,  92,  92,  92,  92,  92,  92,  92,  92,  92,  92,  92,  92,  92,  92,  92,  92,  92,  92,  92,  92,  92,  92,  92
PAGUA , AGCP,  0,  0,  0,  0,  0,  0,  0,  0,  0,  0,  0,  0,  0,  0,  0,  0,  0,  0,  0,  0,  0,  0,  0,  0
LAGUACA1 , AGCU,  68,  68,  68,  68,  68,  68,  68,  68,  68,  68,  68,  68,  68,  68,  68,  68,  68,  68,  68,  68,  68,  68,  68,  68
LAGUACA2 , AGCU,  68,  68,  68,  68,  68,  68,  68,  68,  68,  68,  68,  68,  68,  68,  68,  68,  68,  68,  68,  68,  68,  68,  68,  68
LAGUACA3 , AGCU,  68,  68,  68,  68,  68,  68,  68,  68,  68,  68,  68,  68,  68,  68,  68,  68,  68,  68,  68,  68,  68,  68,  68,  68
PARAISO1 , AGCU,  58,  58,  58,  58,  58,  58,  58,  58,  58,  58,  58,  58,  58,  58,  58,  58,  58,  58,  58,  58,  58,  58,  58,  58
PARAISO2 , AGCU,  58,  58,  58,  58,  58,  58,  58,  58,  58,  58,  58,  58,  58,  58,  58,  58,  58,  58,  58,  58,  58,  58,  58,  58
PARAISO3 , AGCU,  58,  58,  58,  58,  58,  58,  58,  58,  58,  58,  58,  58,  58,  58,  58,  58,  58,  58,  58,  58,  58,  58,  58,  58
ELQUIMBO , P,  72569
ELQUIMBO1 , D,  200,  200,  200,  200,  200,  200,  200,  200,  200,  200,  200,  200,  200,  200,  200,  200,  200,  200,  200,  200,  200,  200,  200,  200
ELQUIMBO2 , D,  200,  200,  200,  200,  200,  200,  200,  200,  200,  200,  200,  200,  200,  200,  200,  200,  200,  200,  200,  200,  200,  200,  200,  200
ELQUIMBO , AGCP,  0,  0,  0,  0,  0,  0,  0,  0,  0,  0,  0,  0,  0,  0,  0,  0,  0,  0,  0,  0,  0,  0,  0,  0
ELQUIMBO1 , AGCU,  100,  100,  100,  100,  100,  100,  100,  100,  100,  100,  100,  100,  100,  100,  100,  100,  100,  100,  100,  100,  100,  100,  100,  100
ELQUIMBO2 , AGCU,  100,  100,  100,  100,  100,  100,  100,  100,  100,  100,  100,  100,  100,  100,  100,  100,  100,  100,  100,  100,  100,  100,  100,  100
ELQUIMBO , MO,  100,  100,  100,  100,  100,  100,  100,  100,  100,  100,  100,  100,  100,  100,  100,  100,  100,  100,  100,  100,  100,  100,  100,  100
DARIOVALENCIASAMPER1 , D,  0,  0,  0,  0,  0,  0,  0,  0,  0,  0,  0,  0,  0,  0,  0,  0,  0,  0,  0,  0,  0,  0,  0,  0
DARIOVALENCIASAMPER2 , D,  0,  0,  0,  0,  0,  0,  0,  0,  0,  0,  0,  0,  0,  0,  0,  0,  0,  0,  0,  0,  0,  0,  0,  0
DARIOVALENCIASAMPER5 , D,  5,  5,  5,  5,  5,  5,  5,  5,  5,  5,  5,  5,  5,  5,  5,  5,  5,  5,  5,  5,  5,  5,  5,  5
SALTOII2 , D,  0,  0,  0,  0,  0,  0,  0,  0,  0,  0,  0,  0,  0,  0,  0,  0,  0,  0,  0,  0,  0,  0,  0,  0
ELPASOPANELES , D,  0,  0,  0,  0,  0,  0,  6,  16,  24,  32,  38,  42,  42,  40,  31,  18,  8,  1,  0,  0,  0,  0,  0,  0
ELPASOPANELES , PRU,  100,  100,  100,  100,  100,  100,  100,  100,  100,  100,  100,  100,  100,  100,  100,  100,  100,  100,  100,  100,  100,  100,  100,  100
CARTAGENA1 , P,  943843
CARTAGENA1 , PAP1, 63143622
CARTAGENA1 , PAP2, 63143622
CARTAGENA1 , PAPUSD1, 18768
CARTAGENA1 , PAPUSD2, 18768
CARTAGENA1 , D,  56,  56,  56,  56,  56,  56,  56,  56,  56,  56,  56,  56,  56,  56,  56,  56,  56,  56,  56,  56,  56,  56,  56,  56
CARTAGENA1 , CONF,  1
CARTAGENA1 , C,  COMBUSTOLEO
CARTAGENA2 , P,  907222
CARTAGENA2 , PAP1, 54490308
CARTAGENA2 , PAP2, 54490308
CARTAGENA2 , PAPUSD1, 16196
CARTAGENA2 , PAPUSD2, 16196
CARTAGENA2 , D,  62,  62,  62,  62,  62,  62,  62,  62,  62,  62,  62,  62,  62,  62,  62,  62,  62,  62,  62,  62,  62,  62,  62,  62
CARTAGENA2 , CONF,  1
CARTAGENA2 , C,  COMBUSTOLEO
CARTAGENA3 , P,  909000
CARTAGENA3 , PAP1, 62130929
CARTAGENA3 , PAP2, 62130929
CARTAGENA3 , PAPUSD1, 18467
CARTAGENA3 , PAPUSD2, 18467
CARTAGENA3 , D,  66,  66,  66,  66,  66,  66,  66,  66,  66,  66,  66,  66,  66,  66,  66,  66,  66,  66,  66,  66,  66,  66,  66,  66
CARTAGENA3 , CONF,  1
CARTAGENA3 , C,  COMBUSTOLEO
ZIPAEMG2 , P,  192048
ZIPAEMG2 , PAP1, 73859332
ZIPAEMG2 , PAPUSD1, 21953
ZIPAEMG2 , D,  35,  35,  35,  35,  35,  35,  35,  35,  35,  35,  35,  35,  35,  35,  35,  35,  35,  35,  35,  35,  35,  35,  35,  35
ZIPAEMG2 , CONF,  1
ZIPAEMG2 , C,  CARBON
ZIPAEMG3 , P,  212000
ZIPAEMG3 , PAP1, 88884876
ZIPAEMG3 , PAPUSD1, 26419
ZIPAEMG3 , D,  0,  0,  0,  0,  0,  0,  0,  0,  0,  0,  0,  0,  0,  0,  0,  0,  0,  0,  0,  0,  0,  0,  0,  0
ZIPAEMG3 , CONF,  1
ZIPAEMG3 , C,  CARBON
ZIPAEMG4 , P,  207600
ZIPAEMG4 , PAP1, 88884876
ZIPAEMG4 , PAPUSD1, 26419
ZIPAEMG4 , D,  64,  64,  64,  64,  64,  64,  64,  64,  64,  64,  64,  64,  64,  64,  64,  64,  64,  64,  64,  64,  64,  64,  64,  64
ZIPAEMG4 , CONF,  1
ZIPAEMG4 , C,  CARBON
ZIPAEMG4 , PRU,  9,  9,  9,  9,  9,  9,  9,  9,  9,  9,  9,  9,  9,  9,  9,  9,  9,  9,  9,  9,  9,  9,  9,  9
ZIPAEMG5 , P,  210000
ZIPAEMG5 , PAP1, 88884876
ZIPAEMG5 , PAPUSD1, 26419
ZIPAEMG5 , D,  63,  63,  63,  63,  63,  63,  63,  63,  63,  63,  63,  63,  63,  63,  63,  63,  63,  63,  63,  63,  63,  63,  63,  63
ZIPAEMG5 , CONF,  1
ZIPAEMG5 , C,  CARBON
ZIPAEMG5 , PRU,  9,  9,  9,  9,  9,  9,  9,  9,  9,  9,  9,  9,  9,  9,  9,  9,  9,  9,  9,  9,  9,  9,  9,  9
CHARQUITO , D,  0.00,  0.00,  0.00,  0.00,  0.00,  0.00,  0.00,  0.00,  0.00,  0.00,  0.00,  0.00,  0.00,  0.00,  0.00,  0.00,  0.00,  0.00,  0.00,  0.00,  0.00,  0.00,  0.00,  0.00
ELLIMONAR , D,  0.00,  0.00,  0.00,  0.00,  0.00,  0.00,  0.00,  0.00,  0.00,  0.00,  0.00,  0.00,  0.00,  0.00,  0.00,  0.00,  0.00,  0.00,  0.00,  0.00,  0.00,  0.00,  0.00,  0.00
RIONEGRO , D,  0.00,  0.00,  0.00,  0.00,  0.00,  0.00,  0.00,  0.00,  0.00,  0.00,  0.00,  0.00,  0.00,  0.00,  0.00,  0.00,  0.00,  0.00,  0.00,  0.00,  0.00,  0.00,  0.00,  0.00
SANTAANA , D,  0.00,  0.00,  0.00,  0.00,  0.00,  0.00,  0.00,  0.00,  0.00,  0.00,  0.00,  0.00,  0.00,  0.00,  0.00,  0.00,  0.00,  0.00,  0.00,  0.00,  0.00,  0.00,  0.00,  0.00
SUBA , D,  0.00,  0.00,  0.00,  0.00,  0.00,  0.00,  0.00,  0.00,  0.00,  0.00,  0.00,  0.00,  0.00,  0.00,  0.00,  0.00,  0.00,  0.00,  0.00,  0.00,  0.00,  0.00,  0.00,  0.00
USAQUEN , D,  0.00,  0.00,  0.00,  0.00,  0.00,  0.00,  0.00,  0.00,  0.00,  0.00,  0.00,  0.00,  0.00,  0.00,  0.00,  0.00,  0.00,  0.00,  0.00,  0.00,  0.00,  0.00,  0.00,  0.00
LAGUNETA , D,  0.00,  0.00,  0.00,  0.00,  0.00,  0.00,  0.00,  0.00,  0.00,  0.00,  0.00,  0.00,  0.00,  0.00,  0.00,  0.00,  0.00,  0.00,  0.00,  0.00,  0.00,  0.00,  0.00,  0.00
GUAVIOMENOR , D,  0.00,  0.00,  0.00,  0.00,  0.00,  0.00,  0.00,  0.00,  0.00,  0.00,  0.00,  0.00,  0.00,  0.00,  0.00,  0.00,  0.00,  0.00,  0.00,  0.00,  0.00,  0.00,  0.00,  0.00
TEQUENDAMA1 , D,  0.00,  0.00,  0.00,  0.00,  0.00,  0.00,  0.00,  0.00,  0.00,  0.00,  0.00,  0.00,  0.00,  0.00,  0.00,  0.00,  0.00,  0.00,  0.00,  0.00,  0.00,  0.00,  0.00,  0.00
TEQUENDAMA2 , D,  0.00,  0.00,  0.00,  0.00,  0.00,  0.00,  0.00,  0.00,  0.00,  0.00,  0.00,  0.00,  0.00,  0.00,  0.00,  0.00,  0.00,  0.00,  0.00,  0.00,  0.00,  0.00,  0.00,  0.00
TEQUENDAMA3 , D,  0.00,  0.00,  0.00,  0.00,  0.00,  0.00,  0.00,  0.00,  0.00,  0.00,  0.00,  0.00,  0.00,  0.00,  0.00,  0.00,  0.00,  0.00,  0.00,  0.00,  0.00,  0.00,  0.00,  0.00
TEQUENDAMA4 , D,  0.00,  0.00,  0.00,  0.00,  0.00,  0.00,  0.00,  0.00,  0.00,  0.00,  0.00,  0.00,  0.00,  0.00,  0.00,  0.00,  0.00,  0.00,  0.00,  0.00,  0.00,  0.00,  0.00,  0.00
AUTOGREFICAR , D,  9.00,  9.00,  9.00,  9.00,  9.00,  9.00,  9.00,  9.00,  9.00,  9.00,  9.00,  9.00,  9.00,  9.00,  9.00,  9.00,  9.00,  9.00,  9.00,  9.00,  9.00,  9.00,  9.00,  9.00


AGENTE: EMSA(META)
AUTOGYAGUARITO , D,  0.44,  0.57,  0.65,  0.63,  0.46,  0.50,  0.46,  0.50,  0.50,  0.53,  0.50,  0.53,  0.49,  0.50,  0.47,  0.53,  0.53,  0.55,  0.63,  0.59,  0.56,  0.59,  0.50,  0.44


AGENTE: ENERCO 
PUENTEGUILLERMO1 , D,  1.00,  1.00,  1.00,  1.00,  1.00,  1.00,  1.00,  1.00,  1.00,  1.00,  1.00,  1.00,  1.00,  1.00,  1.00,  1.00,  1.00,  1.00,  1.00,  1.00,  1.00,  1.00,  1.00,  1.00
PUENTEGUILLERMO3 , D,  3.20,  3.20,  3.20,  3.20,  3.20,  3.20,  3.20,  3.20,  3.20,  3.20,  3.20,  3.20,  3.20,  3.20,  3.20,  3.20,  3.20,  3.20,  3.20,  3.20,  3.20,  3.20,  3.20,  3.20
LACASCADA(ABEJORRAL) , D,  0.00,  0.00,  0.00,  0.00,  0.00,  0.00,  0.00,  0.00,  0.00,  0.00,  0.00,  0.00,  0.00,  0.00,  0.00,  0.00,  0.00,  0.00,  0.00,  0.00,  0.00,  0.00,  0.00,  0.00
CURRUCUCUES , D,  0.60,  0.60,  0.60,  0.60,  0.60,  0.60,  0.60,  0.60,  0.60,  0.60,  0.60,  0.60,  0.60,  0.60,  0.60,  0.60,  0.60,  0.60,  0.60,  0.60,  0.60,  0.60,  0.60,  0.60
SANTARITA , D,  0.00,  0.00,  0.00,  0.00,  0.00,  0.00,  0.00,  0.00,  0.00,  0.00,  0.00,  0.00,  0.00,  0.00,  0.00,  0.00,  0.00,  0.00,  0.00,  0.00,  0.00,  0.00,  0.00,  0.00


AGENTE: ENERGETICA
COELLO , D,  0.60,  0.60,  0.60,  0.60,  0.60,  0.60,  0.60,  0.60,  0.60,  0.60,  0.60,  0.60,  0.60,  0.60,  0.60,  0.60,  0.60,  0.60,  0.60,  0.60,  0.60,  0.60,  0.60,  0.60


AGENTE: ENERGIA DEL SUROESTE
MULATOSII1 , D,  1.00,  1.00,  1.00,  1.00,  1.00,  1.00,  1.00,  1.00,  1.00,  1.00,  1.00,  1.00,  1.00,  1.00,  1.00,  1.00,  1.00,  1.00,  1.00,  1.00,  1.00,  1.00,  1.00,  1.00


AGENTE: ENERGIA RIO PIEDRAS
AGUAFRESCA , D,  3.30,  3.30,  3.30,  3.30,  3.30,  3.30,  3.30,  3.30,  3.30,  3.30,  3.30,  3.30,  3.30,  3.30,  3.30,  3.30,  3.30,  3.30,  3.30,  3.30,  3.30,  3.30,  3.30,  3.30


AGENTE: ENREVSA E.S.P.
ELBOSQUE , D,  0.60,  0.60,  0.60,  0.60,  0.60,  0.60,  0.60,  0.60,  0.60,  0.60,  0.60,  0.60,  0.60,  0.60,  0.60,  0.60,  0.60,  0.60,  0.60,  0.60,  0.60,  0.60,  0.60,  0.60


AGENTE: EPSA(PACIFICO)
CALIMA , P,  300000
CALIMA1 , D,  33,  33,  33,  33,  33,  33,  33,  33,  33,  33,  33,  33,  33,  33,  33,  33,  33,  33,  33,  33,  33,  33,  33,  33
CALIMA2 , D,  33,  33,  33,  33,  33,  33,  33,  33,  33,  33,  33,  33,  33,  33,  33,  33,  33,  33,  33,  33,  33,  33,  33,  33
CALIMA3 , D,  33,  33,  33,  33,  33,  33,  33,  33,  33,  33,  33,  33,  33,  33,  33,  33,  33,  33,  33,  33,  33,  33,  33,  33
CALIMA4 , D,  33,  33,  33,  33,  33,  33,  33,  33,  33,  33,  33,  33,  33,  33,  33,  33,  33,  33,  33,  33,  33,  33,  33,  33
CALIMA , AGCP,  68,  68,  68,  68,  68,  68,  68,  68,  68,  68,  68,  68,  68,  68,  68,  68,  68,  68,  68,  68,  68,  68,  68,  68
CALIMA1 , AGCU,  17,  17,  17,  17,  17,  17,  17,  17,  17,  17,  17,  17,  17,  17,  17,  17,  17,  17,  17,  17,  17,  17,  17,  17
CALIMA2 , AGCU,  17,  17,  17,  17,  17,  17,  17,  17,  17,  17,  17,  17,  17,  17,  17,  17,  17,  17,  17,  17,  17,  17,  17,  17
CALIMA3 , AGCU,  17,  17,  17,  17,  17,  17,  17,  17,  17,  17,  17,  17,  17,  17,  17,  17,  17,  17,  17,  17,  17,  17,  17,  17
CALIMA4 , AGCU,  17,  17,  17,  17,  17,  17,  17,  17,  17,  17,  17,  17,  17,  17,  17,  17,  17,  17,  17,  17,  17,  17,  17,  17
PRADO , P,  254000
PRADO1 , D,  0,  0,  0,  0,  0,  0,  0,  0,  0,  0,  0,  0,  0,  0,  0,  0,  0,  0,  0,  0,  0,  0,  0,  0
PRADO2 , D,  0,  0,  0,  0,  0,  0,  0,  0,  0,  0,  0,  0,  0,  0,  0,  0,  0,  0,  0,  0,  0,  0,  0,  0
PRADO3 , D,  0,  0,  0,  0,  0,  0,  0,  0,  0,  0,  0,  0,  0,  0,  0,  0,  0,  0,  0,  0,  0,  0,  0,  0
SALVAJINA , P,  450000
SALVAJINA1 , D,  102,  102,  102,  102,  102,  102,  102,  102,  102,  102,  102,  102,  102,  102,  102,  102,  102,  102,  102,  102,  102,  102,  102,  102
SALVAJINA2 , D,  95,  95,  95,  95,  95,  95,  95,  95,  95,  95,  95,  95,  95,  95,  95,  95,  95,  95,  95,  95,  95,  95,  95,  95
SALVAJINA3 , D,  95,  95,  95,  95,  95,  95,  95,  95,  95,  95,  95,  95,  95,  95,  95,  95,  95,  95,  95,  95,  95,  95,  95,  95
SALVAJINA , AGCP,  0,  0,  0,  0,  0,  0,  0,  0,  0,  0,  0,  0,  0,  0,  0,  0,  0,  0,  0,  0,  0,  0,  0,  0
SALVAJINA2 , AGCU,  0,  0,  0,  0,  0,  0,  0,  0,  0,  0,  0,  0,  0,  0,  0,  0,  0,  0,  0,  0,  0,  0,  0,  0
SALVAJINA3 , AGCU,  0,  0,  0,  0,  0,  0,  0,  0,  0,  0,  0,  0,  0,  0,  0,  0,  0,  0,  0,  0,  0,  0,  0,  0
SALVAJINA , MO,  95,  95,  95,  95,  95,  102,  102,  102,  102,  102,  197,  197,  197,  197,  197,  197,  197,  197,  197,  197,  197,  102,  102,  95
ALBAN , P,  72569
ALTOANCHICAYA1 , D,  0,  0,  0,  0,  0,  0,  0,  0,  0,  0,  0,  0,  0,  0,  0,  0,  0,  0,  0,  0,  0,  0,  0,  0
ALTOANCHICAYA2 , D,  115,  115,  115,  115,  115,  115,  115,  115,  115,  115,  115,  115,  115,  115,  115,  115,  115,  115,  115,  115,  115,  115,  115,  115
ALTOANCHICAYA3 , D,  115,  115,  115,  115,  115,  115,  115,  115,  115,  115,  115,  115,  115,  115,  115,  115,  115,  115,  115,  115,  115,  115,  115,  115
BAJOANCHICAYA1 , D,  4,  4,  4,  4,  4,  4,  4,  4,  4,  4,  4,  4,  4,  4,  4,  4,  4,  4,  4,  4,  4,  4,  4,  4
BAJOANCHICAYA2 , D,  4,  4,  4,  4,  4,  4,  4,  4,  4,  4,  4,  4,  4,  4,  4,  4,  4,  4,  4,  4,  4,  4,  4,  4
BAJOANCHICAYA3 , D,  14,  14,  14,  14,  14,  14,  14,  14,  14,  14,  14,  14,  14,  14,  14,  14,  14,  14,  14,  14,  14,  14,  14,  14
BAJOANCHICAYA4 , D,  15,  15,  15,  15,  15,  15,  15,  15,  15,  15,  15,  15,  15,  15,  15,  15,  15,  15,  15,  15,  15,  15,  15,  15
ALBAN , AGCP,  170,  170,  170,  170,  170,  170,  170,  170,  170,  170,  170,  170,  170,  170,  170,  170,  170,  170,  0,  0,  0,  170,  170,  170
ALTOANCHICAYA1 , AGCU,  0,  0,  0,  0,  0,  0,  0,  0,  0,  0,  0,  0,  0,  0,  0,  0,  0,  0,  0,  0,  0,  0,  0,  0
ALTOANCHICAYA2 , AGCU,  85,  85,  85,  85,  85,  85,  85,  85,  85,  85,  85,  85,  85,  85,  85,  85,  85,  85,  0,  0,  0,  85,  85,  85
ALTOANCHICAYA3 , AGCU,  85,  85,  85,  85,  85,  85,  85,  85,  85,  85,  85,  85,  85,  85,  85,  85,  85,  85,  0,  0,  0,  85,  85,  85
BAJOANCHICAYA1 , AGCU,  0,  0,  0,  0,  0,  0,  0,  0,  0,  0,  0,  0,  0,  0,  0,  0,  0,  0,  0,  0,  0,  0,  0,  0
BAJOANCHICAYA2 , AGCU,  0,  0,  0,  0,  0,  0,  0,  0,  0,  0,  0,  0,  0,  0,  0,  0,  0,  0,  0,  0,  0,  0,  0,  0
BAJOANCHICAYA3 , AGCU,  0,  0,  0,  0,  0,  0,  0,  0,  0,  0,  0,  0,  0,  0,  0,  0,  0,  0,  0,  0,  0,  0,  0,  0
BAJOANCHICAYA4 , AGCU,  0,  0,  0,  0,  0,  0,  0,  0,  0,  0,  0,  0,  0,  0,  0,  0,  0,  0,  0,  0,  0,  0,  0,  0
ALBAN , MO,  6,  6,  6,  6,  6,  6,  6,  6,  6,  6,  6,  6,  6,  6,  6,  6,  6,  6,  6,  6,  6,  6,  6,  6
ALTOANCHICAYA3 , PRU,  0,  0,  0,  0,  0,  0,  0,  6,  6,  6,  6,  6,  6,  6,  6,  6,  6,  6,  6,  6,  6,  0,  0,  0
CUCUANA1 , D,  0,  0,  0,  0,  0,  0,  0,  0,  0,  0,  0,  0,  0,  0,  0,  0,  0,  0,  0,  0,  0,  0,  0,  0
CUCUANA2 , D,  12,  12,  12,  12,  12,  12,  12,  12,  12,  12,  12,  12,  12,  12,  12,  12,  12,  12,  12,  12,  12,  12,  12,  12
MERILECTRICA1 , P,  571064
MERILECTRICA1 , PAP1, 58231554
MERILECTRICA1 , PAPUSD1, 17308
MERILECTRICA1 , D,  167,  167,  167,  167,  167,  167,  167,  167,  167,  167,  167,  167,  167,  167,  167,  167,  167,  167,  167,  167,  167,  167,  167,  167
MERILECTRICA1 , CONF,  1
MERILECTRICA1 , C,  GAS
PRADO4 , D,  4.00,  4.00,  4.00,  4.00,  4.00,  4.00,  4.00,  4.00,  4.00,  4.00,  4.00,  3.00,  3.00,  3.00,  3.00,  3.00,  3.00,  3.00,  3.00,  3.00,  3.00,  3.00,  3.00,  3.00
RIOCALI1 , D,  0.00,  0.00,  0.00,  0.00,  0.00,  0.00,  0.00,  0.00,  0.00,  0.00,  0.00,  0.00,  0.00,  0.00,  0.00,  0.00,  0.00,  0.00,  0.00,  0.00,  0.00,  0.00,  0.00,  0.00
RIOCALI2 , D,  0.00,  0.00,  0.00,  0.00,  0.00,  0.00,  0.00,  0.00,  0.00,  0.00,  0.00,  0.00,  0.00,  0.00,  0.00,  0.00,  0.00,  0.00,  0.00,  0.00,  0.00,  0.00,  0.00,  0.00
BAJOTULUA1 , D,  1.00,  1.00,  1.00,  1.00,  1.00,  1.00,  1.00,  1.00,  1.00,  1.00,  1.00,  1.00,  1.00,  1.00,  1.00,  1.00,  0.00,  1.00,  1.00,  1.00,  1.00,  1.00,  1.00,  0.00
BAJOTULUA2 , D,  1.00,  1.00,  1.00,  1.00,  1.00,  1.00,  1.00,  1.00,  1.00,  1.00,  1.00,  1.00,  1.00,  1.00,  1.00,  1.00,  0.00,  1.00,  1.00,  1.00,  1.00,  1.00,  1.00,  0.00
ALTOTULUA1 , D,  0.00,  0.00,  0.00,  0.00,  0.00,  0.00,  0.00,  0.00,  0.00,  0.00,  0.00,  0.00,  0.00,  0.00,  0.00,  0.00,  0.00,  0.00,  0.00,  0.00,  0.00,  0.00,  0.00,  0.00
ALTOTULUA2 , D,  0.00,  0.00,  0.00,  0.00,  0.00,  0.00,  0.00,  0.00,  0.00,  0.00,  0.00,  0.00,  0.00,  0.00,  0.00,  0.00,  0.00,  0.00,  0.00,  0.00,  0.00,  0.00,  0.00,  0.00
HIDROMONTAÑITAS1 , D,  5.00,  6.00,  8.00,  8.00,  9.00,  9.00,  9.00,  9.00,  9.00,  9.00,  9.00,  9.00,  9.00,  9.00,  9.00,  9.00,  9.00,  8.00,  8.00,  8.00,  7.00,  7.00,  7.00,  7.00
HIDROMONTAÑITAS2 , D,  5.00,  6.00,  8.00,  8.00,  9.00,  9.00,  9.00,  9.00,  9.00,  9.00,  9.00,  9.00,  9.00,  9.00,  9.00,  9.00,  9.00,  8.00,  8.00,  8.00,  7.00,  7.00,  7.00,  7.00
RIOPIEDRAS1 , D,  2.00,  2.00,  2.00,  2.00,  2.00,  2.00,  2.00,  2.00,  2.00,  2.00,  3.00,  3.00,  3.00,  3.00,  3.00,  2.00,  2.00,  2.00,  2.00,  2.00,  2.00,  2.00,  2.00,  2.00
RIOPIEDRAS2 , D,  2.00,  2.00,  2.00,  2.00,  2.00,  2.00,  2.00,  2.00,  2.00,  2.00,  3.00,  3.00,  3.00,  3.00,  3.00,  2.00,  2.00,  2.00,  2.00,  2.00,  2.00,  2.00,  2.00,  2.00
NIMA , D,  1.00,  1.00,  1.00,  1.00,  1.00,  1.00,  1.00,  1.00,  2.00,  3.00,  4.00,  4.00,  4.00,  4.00,  4.00,  5.00,  4.00,  3.00,  2.00,  1.00,  1.00,  1.00,  1.00,  1.00
AMAIME , D,  2.00,  2.00,  2.00,  2.00,  2.00,  2.00,  2.00,  2.00,  2.00,  2.00,  1.00,  2.00,  2.00,  1.00,  1.00,  2.00,  2.00,  2.00,  2.00,  2.00,  2.00,  2.00,  2.00,  2.00
ELCOCUYO , D,  0.00,  0.00,  0.00,  0.00,  0.00,  0.00,  0.00,  0.00,  0.00,  0.00,  0.00,  0.00,  0.00,  0.00,  0.00,  0.00,  0.00,  0.00,  0.00,  0.00,  0.00,  0.00,  0.00,  0.00
MAYAGUEZ1 , D,  19.00,  19.00,  19.00,  19.00,  19.00,  19.00,  19.00,  19.00,  18.00,  11.00,  13.00,  12.00,  17.00,  16.00,  15.00,  14.00,  19.00,  19.00,  19.00,  19.00,  19.00,  19.00,  19.00,  18.00
COGENERADORMANUELITA2 , D,  2.00,  4.00,  2.00,  4.00,  4.00,  4.00,  3.00,  2.00,  1.00,  2.00,  2.00,  3.00,  1.00,  2.00,  2.00,  3.00,  3.00,  3.00,  4.00,  2.00,  1.00,  2.00,  3.00,  4.00
AUTOGARGOSCARTAGENA , D,  0.00,  0.00,  1.00,  0.00,  6.00,  4.00,  5.00,  4.00,  2.00,  1.00,  0.00,  2.00,  0.00,  2.00,  0.00,  0.00,  0.00,  0.00,  0.00,  0.00,  0.00,  0.00,  0.00,  2.00
AUTOGARGOSYUMBO , D,  0.00,  0.00,  0.00,  0.00,  0.00,  0.00,  0.00,  0.00,  0.00,  0.00,  0.00,  0.00,  0.00,  0.00,  0.00,  0.00,  0.00,  0.00,  0.00,  0.00,  0.00,  0.00,  0.00,  0.00
TEQUENDAMABIOGAS , D,  0.00,  0.00,  0.00,  0.00,  0.00,  0.00,  0.00,  0.00,  0.00,  0.00,  0.00,  0.00,  0.00,  0.00,  0.00,  0.00,  0.00,  0.00,  0.00,  0.00,  0.00,  0.00,  0.00,  0.00
AUTOGCELSIASOLARYUMBO , D,  0.00,  0.00,  0.00,  0.00,  0.00,  0.00,  0.00,  0.00,  0.00,  0.00,  1.00,  2.00,  1.00,  0.00,  1.00,  0.00,  0.00,  0.00,  0.00,  0.00,  0.00,  0.00,  0.00,  0.00
CELSIASOLARBOLIVAR , D,  0.00,  0.00,  0.00,  0.00,  0.00,  0.00,  0.00,  2.00,  2.00,  4.00,  7.00,  7.00,  7.00,  6.00,  4.00,  2.00,  2.00,  0.00,  0.00,  0.00,  0.00,  0.00,  0.00,  0.00


AGENTE: GEC S.A. E.S.P.
SANJOSE , D,  0.20,  0.20,  0.20,  0.20,  0.20,  0.20,  0.20,  0.20,  0.20,  0.20,  0.20,  0.20,  0.20,  0.20,  0.20,  0.20,  0.20,  0.19,  0.19,  0.19,  0.19,  0.19,  0.19,  0.19


AGENTE: GECELCA S.A. E.S.P
GUAJIRA1 , P,  208532
GUAJIRA1 , PAP1, 60603478
GUAJIRA1 , PAP2, 60603478
GUAJIRA1 , PAP3, 60603478
GUAJIRA1 , PAP4, 0
GUAJIRA1 , PAP5, 60603478
GUAJIRA1 , PAP6, 60603478
GUAJIRA1 , PAP7, 60603478
GUAJIRA1 , PAP8, 60603478
GUAJIRA1 , PAP9, 60603478
GUAJIRA1 , PAPUSD1, 18013
GUAJIRA1 , PAPUSD2, 18013
GUAJIRA1 , PAPUSD3, 18013
GUAJIRA1 , PAPUSD4, 0
GUAJIRA1 , PAPUSD5, 18013
GUAJIRA1 , PAPUSD6, 18013
GUAJIRA1 , PAPUSD7, 18013
GUAJIRA1 , PAPUSD8, 18013
GUAJIRA1 , PAPUSD9, 18013
GUAJIRA1 , D,  140,  140,  140,  140,  140,  140,  140,  140,  140,  140,  140,  140,  140,  140,  140,  140,  140,  140,  140,  140,  140,  140,  140,  140
GUAJIRA1 , CONF,  4
GUAJIRA1 , C,  CARBON
GUAJIRA2 , P,  248368
GUAJIRA2 , PAP1, 60603478
GUAJIRA2 , PAP2, 60603478
GUAJIRA2 , PAP3, 60603478
GUAJIRA2 , PAP4, 0
GUAJIRA2 , PAP5, 60603478
GUAJIRA2 , PAP6, 60603478
GUAJIRA2 , PAP7, 60603478
GUAJIRA2 , PAP8, 60603478
GUAJIRA2 , PAP9, 60603478
GUAJIRA2 , PAPUSD1, 18013
GUAJIRA2 , PAPUSD2, 18013
GUAJIRA2 , PAPUSD3, 18013
GUAJIRA2 , PAPUSD4, 0
GUAJIRA2 , PAPUSD5, 18013
GUAJIRA2 , PAPUSD6, 18013
GUAJIRA2 , PAPUSD7, 18013
GUAJIRA2 , PAPUSD8, 18013
GUAJIRA2 , PAPUSD9, 18013
GUAJIRA2 , D,  130,  130,  130,  130,  130,  130,  130,  130,  130,  130,  130,  130,  130,  130,  130,  130,  130,  130,  130,  130,  130,  130,  130,  130
GUAJIRA2 , CONF,  7
GUAJIRA2 , C,  MEZCLA GAS - CARBÓN
GECELCA3 , P,  197834
GECELCA3 , PAP1, 147479789
GECELCA3 , PAP2, 147479789
GECELCA3 , PAP3, 147479789
GECELCA3 , PAPUSD1, 43835
GECELCA3 , PAPUSD2, 43835
GECELCA3 , PAPUSD3, 43835
GECELCA3 , D,  164,  164,  164,  164,  164,  164,  164,  164,  164,  164,  164,  164,  164,  164,  164,  164,  164,  164,  164,  164,  164,  164,  164,  164
GECELCA3 , CONF,  1
GECELCA3 , C,  CARBON
GECELCA32 , P,  227868
GECELCA32 , PAP1, 145444309
GECELCA32 , PAP2, 145444309
GECELCA32 , PAPUSD1, 43230
GECELCA32 , PAPUSD2, 43230
GECELCA32 , D,  0,  0,  0,  0,  0,  0,  0,  0,  0,  0,  0,  0,  0,  0,  0,  0,  0,  0,  0,  0,  0,  0,  0,  0
GECELCA32 , CONF,  1
GECELCA32 , C,  CARBON


AGENTE: GENERADORA LUZMA
LUZMAI1 , D,  7.50,  7.50,  7.50,  7.50,  7.50,  7.50,  7.50,  7.50,  7.50,  7.50,  7.50,  7.50,  7.50,  7.50,  7.50,  7.50,  7.50,  7.50,  7.50,  7.50,  7.50,  7.50,  7.50,  7.50
LUZMAII1 , D,  7.50,  7.50,  7.50,  7.50,  7.50,  7.50,  7.50,  7.50,  7.50,  7.50,  7.50,  7.50,  7.50,  7.50,  7.50,  7.50,  7.50,  7.50,  7.50,  7.50,  7.50,  7.50,  7.50,  7.50
LUZMAII2 , D,  7.50,  7.50,  7.50,  7.50,  7.50,  7.50,  7.50,  7.50,  7.50,  7.50,  7.50,  7.50,  7.50,  7.50,  7.50,  7.50,  7.50,  7.50,  7.50,  7.50,  7.50,  7.50,  7.50,  7.50
LUZMAI2 , D,  7.50,  7.50,  7.50,  7.50,  7.50,  7.50,  7.50,  7.50,  7.50,  7.50,  7.50,  7.50,  7.50,  7.50,  7.50,  7.50,  7.50,  7.50,  7.50,  7.50,  7.50,  7.50,  7.50,  7.50


AGENTE: GENERAMOS ENERGIA
URRAO , D,  0.80,  0.80,  0.80,  0.80,  0.80,  0.80,  0.80,  0.80,  0.80,  0.80,  0.80,  0.80,  0.80,  0.80,  0.80,  0.80,  0.80,  0.80,  0.80,  0.80,  0.80,  0.80,  0.80,  0.80


AGENTE: GENERPUTUMAYO
SANFRANCISCO(PUTUMAYO) , D,  0.20,  0.20,  0.20,  0.20,  0.20,  0.20,  0.20,  0.20,  0.20,  0.20,  0.20,  0.20,  0.20,  0.20,  0.20,  0.20,  0.20,  0.20,  0.20,  0.20,  0.20,  0.46,  0.46,  0.46
LAFRISOLERA , D,  0.20,  0.20,  0.20,  0.20,  0.20,  0.20,  0.20,  0.20,  0.20,  0.20,  0.20,  0.20,  0.20,  0.20,  0.20,  0.20,  0.20,  0.20,  0.20,  0.20,  0.20,  0.20,  0.20,  0.20


AGENTE: GENERSA
TERMOBOLIVAR1 , D,  0.00,  0.00,  0.00,  0.00,  0.00,  0.00,  0.00,  0.00,  0.00,  0.00,  0.00,  0.00,  0.00,  0.00,  0.00,  0.00,  0.00,  0.00,  0.00,  0.00,  0.00,  0.00,  0.00,  0.00
TERMOCAPACHOS , D,  3.00,  3.00,  3.00,  3.00,  3.00,  3.00,  3.00,  3.00,  3.00,  3.00,  3.00,  3.00,  3.00,  3.00,  3.00,  3.00,  3.00,  3.00,  3.00,  3.00,  3.00,  3.00,  3.00,  3.00


AGENTE: GENMAS S.A. E.S.P.
SANJOSEDELAMONTAÑAII1 , D,  0.50,  0.50,  0.50,  0.50,  0.50,  0.50,  0.50,  0.50,  0.50,  0.50,  0.50,  0.50,  0.50,  0.50,  0.50,  0.50,  0.50,  0.50,  0.50,  0.50,  0.50,  0.50,  0.50,  0.50
JUANGARCIA1 , D,  0.80,  0.80,  0.80,  0.80,  0.80,  0.80,  0.80,  0.80,  0.80,  0.80,  0.80,  0.80,  0.80,  0.80,  0.80,  0.80,  0.80,  0.80,  0.80,  0.80,  0.80,  0.80,  0.80,  0.80
JUANGARCIA2 , D,  0.80,  0.80,  0.80,  0.80,  0.80,  0.80,  0.80,  0.80,  0.80,  0.80,  0.80,  0.80,  0.80,  0.80,  0.80,  0.80,  0.80,  0.80,  0.80,  0.80,  0.80,  0.80,  0.80,  0.80


AGENTE: GENSA
PAIPA1 , P,  152280
PAIPA1 , PAP1, 8474999
PAIPA1 , PAPUSD1, 2519
PAIPA1 , D,  36,  36,  36,  36,  36,  36,  36,  36,  36,  36,  36,  36,  36,  36,  36,  36,  36,  36,  36,  36,  36,  36,  36,  36
PAIPA1 , CONF,  1
PAIPA1 , C,  CARBON
PAIPA2 , P,  148704
PAIPA2 , PAP1, 13188566
PAIPA2 , PAPUSD1, 3920
PAIPA2 , D,  0,  0,  0,  0,  0,  0,  0,  0,  0,  0,  0,  0,  0,  0,  0,  0,  0,  0,  0,  0,  0,  0,  0,  0
PAIPA2 , CONF,  1
PAIPA2 , C,  CARBON
PAIPA3 , P,  145368
PAIPA3 , PAP1, 13188566
PAIPA3 , PAPUSD1, 3920
PAIPA3 , D,  70,  70,  70,  70,  70,  70,  70,  70,  70,  70,  70,  70,  70,  70,  70,  70,  70,  70,  70,  70,  70,  70,  70,  70
PAIPA3 , CONF,  1
PAIPA3 , C,  CARBON


AGENTE: HIDRALPOR SAS ESP
CARLOSLLERAS1 , D,  16,  16,  16,  16,  16,  16,  16,  16,  16,  16,  16,  16,  16,  16,  16,  16,  16,  16,  16,  16,  16,  16,  16,  16
CARLOSLLERAS2 , D,  16,  16,  16,  16,  16,  16,  16,  16,  16,  16,  16,  16,  16,  16,  16,  16,  16,  16,  16,  16,  16,  16,  16,  16
ESCUELADEMINAS1 , D,  0,  0,  0,  0,  0,  0,  0,  0,  0,  0,  0,  0,  0,  0,  0,  0,  0,  0,  0,  0,  0,  0,  0,  0
ESCUELADEMINAS2 , D,  0,  0,  0,  0,  0,  0,  0,  0,  0,  0,  0,  0,  0,  0,  0,  0,  0,  0,  0,  0,  0,  0,  0,  0
ESCUELADEMINAS3 , D,  18,  18,  18,  18,  18,  18,  18,  18,  18,  18,  18,  18,  18,  18,  18,  18,  18,  18,  18,  18,  18,  18,  18,  18
ESCUELADEMINAS1 , PRU,  100,  100,  100,  100,  100,  100,  100,  100,  100,  100,  100,  100,  100,  100,  100,  100,  100,  100,  100,  100,  100,  100,  100,  100
ESCUELADEMINAS2 , PRU,  100,  100,  100,  100,  100,  100,  100,  100,  100,  100,  100,  100,  100,  100,  100,  100,  100,  100,  100,  100,  100,  100,  100,  100
ESCUELADEMINAS3 , PRU,  100,  100,  100,  100,  100,  100,  100,  100,  100,  100,  100,  100,  100,  100,  100,  100,  100,  100,  100,  100,  100,  100,  100,  100


AGENTE: HZ ENERGY
REMEDIOS , D,  0.55,  0.55,  0.55,  0.55,  0.55,  0.55,  0.55,  0.55,  0.55,  0.55,  0.55,  0.55,  0.55,  0.55,  0.55,  0.55,  0.55,  0.55,  0.55,  0.55,  0.55,  0.55,  0.55,  0.55
AMALFI , D,  0.50,  0.50,  0.50,  0.50,  0.50,  0.50,  0.50,  0.50,  0.50,  0.50,  0.50,  0.50,  0.50,  0.50,  0.50,  0.50,  0.50,  0.50,  0.50,  0.50,  0.50,  0.50,  0.50,  0.50
LAREBUSCA , D,  0.70,  0.70,  0.70,  0.70,  0.70,  0.70,  0.70,  0.70,  0.70,  0.70,  0.70,  0.70,  0.70,  0.70,  0.70,  0.70,  0.70,  0.70,  0.70,  0.70,  0.70,  0.70,  0.70,  0.70
PROVIDENCIA , D,  4.90,  4.90,  4.90,  4.90,  4.90,  4.90,  4.90,  4.90,  4.90,  4.90,  4.90,  4.90,  4.90,  4.90,  4.90,  4.90,  4.90,  4.90,  4.90,  4.90,  4.90,  4.90,  4.90,  4.90


AGENTE: IAC ENERGY
LANAVETA , D,  4.00,  4.00,  4.00,  4.00,  4.00,  4.00,  4.00,  4.00,  4.00,  4.00,  4.00,  4.00,  4.00,  4.00,  4.00,  4.00,  4.00,  4.00,  4.00,  4.00,  4.00,  4.00,  4.00,  4.00


AGENTE: ISAGEN
JAGUAS , P,  440500
JAGUAS1 , D,  85,  85,  85,  85,  85,  85,  85,  85,  85,  85,  85,  85,  85,  85,  85,  85,  85,  85,  85,  85,  85,  85,  85,  85
JAGUAS2 , D,  85,  85,  85,  85,  85,  85,  85,  85,  85,  85,  85,  85,  85,  85,  85,  85,  85,  85,  85,  85,  85,  85,  85,  85
JAGUAS , AGCP,  140,  140,  140,  140,  140,  140,  140,  140,  140,  140,  140,  140,  140,  140,  140,  140,  140,  140,  140,  140,  140,  140,  140,  140
JAGUAS1 , AGCU,  70,  70,  70,  70,  70,  70,  70,  70,  70,  70,  70,  70,  70,  70,  70,  70,  70,  70,  70,  70,  70,  70,  70,  70
JAGUAS2 , AGCU,  70,  70,  70,  70,  70,  70,  70,  70,  70,  70,  70,  70,  70,  70,  70,  70,  70,  70,  70,  70,  70,  70,  70,  70
SANCARLOS , P,  72569
SANCARLOS1 , D,  155,  155,  155,  155,  155,  155,  155,  155,  155,  155,  155,  155,  155,  155,  155,  155,  155,  155,  155,  155,  155,  155,  155,  155
SANCARLOS2 , D,  155,  155,  155,  155,  155,  155,  155,  155,  155,  155,  155,  155,  155,  155,  155,  155,  155,  155,  155,  155,  155,  155,  155,  155
SANCARLOS3 , D,  155,  155,  155,  155,  155,  155,  155,  155,  155,  155,  155,  155,  155,  155,  155,  155,  155,  155,  155,  155,  155,  155,  155,  155
SANCARLOS4 , D,  155,  155,  155,  155,  155,  155,  155,  155,  155,  155,  155,  155,  155,  155,  155,  155,  155,  155,  155,  155,  155,  155,  155,  155
SANCARLOS5 , D,  155,  155,  155,  155,  155,  155,  155,  155,  155,  155,  155,  155,  155,  155,  155,  155,  155,  155,  155,  155,  155,  155,  155,  155
SANCARLOS6 , D,  155,  155,  155,  155,  155,  155,  155,  155,  155,  155,  155,  155,  155,  155,  155,  155,  155,  155,  155,  155,  155,  155,  155,  155
SANCARLOS7 , D,  155,  155,  155,  155,  155,  155,  155,  155,  155,  155,  155,  155,  155,  155,  155,  155,  155,  155,  155,  155,  155,  155,  155,  155
SANCARLOS8 , D,  155,  155,  155,  155,  155,  155,  155,  155,  155,  155,  155,  155,  155,  155,  155,  155,  155,  155,  155,  155,  155,  155,  155,  155
SANCARLOS , AGCP,  1040,  1040,  1040,  1040,  1040,  1040,  1040,  1040,  1040,  1040,  1040,  1040,  1040,  1040,  1040,  1040,  1040,  1040,  1040,  1040,  1040,  1040,  1040,  1040
SANCARLOS1 , AGCU,  130,  130,  130,  130,  130,  130,  130,  130,  130,  130,  130,  130,  130,  130,  130,  130,  130,  130,  130,  130,  130,  130,  130,  130
SANCARLOS2 , AGCU,  130,  130,  130,  130,  130,  130,  130,  130,  130,  130,  130,  130,  130,  130,  130,  130,  130,  130,  130,  130,  130,  130,  130,  130
SANCARLOS3 , AGCU,  130,  130,  130,  130,  130,  130,  130,  130,  130,  130,  130,  130,  130,  130,  130,  130,  130,  130,  130,  130,  130,  130,  130,  130
SANCARLOS4 , AGCU,  130,  130,  130,  130,  130,  130,  130,  130,  130,  130,  130,  130,  130,  130,  130,  130,  130,  130,  130,  130,  130,  130,  130,  130
SANCARLOS5 , AGCU,  130,  130,  130,  130,  130,  130,  130,  130,  130,  130,  130,  130,  130,  130,  130,  130,  130,  130,  130,  130,  130,  130,  130,  130
SANCARLOS6 , AGCU,  130,  130,  130,  130,  130,  130,  130,  130,  130,  130,  130,  130,  130,  130,  130,  130,  130,  130,  130,  130,  130,  130,  130,  130
SANCARLOS7 , AGCU,  130,  130,  130,  130,  130,  130,  130,  130,  130,  130,  130,  130,  130,  130,  130,  130,  130,  130,  130,  130,  130,  130,  130,  130
SANCARLOS8 , AGCU,  130,  130,  130,  130,  130,  130,  130,  130,  130,  130,  130,  130,  130,  130,  130,  130,  130,  130,  130,  130,  130,  130,  130,  130
MIELI , P,  441000
MIELI1 , D,  128,  128,  128,  128,  128,  128,  128,  128,  128,  128,  128,  128,  128,  128,  128,  128,  128,  128,  128,  128,  128,  128,  128,  128
MIELI2 , D,  0,  0,  0,  0,  0,  0,  0,  0,  0,  0,  0,  0,  0,  0,  0,  0,  0,  0,  0,  0,  0,  0,  0,  0
MIELI3 , D,  128,  128,  128,  128,  128,  128,  128,  128,  128,  128,  128,  128,  128,  128,  128,  128,  128,  128,  128,  128,  128,  128,  128,  128
MIELI , AGCP,  74,  74,  74,  74,  74,  74,  74,  74,  74,  74,  74,  74,  74,  74,  74,  74,  74,  74,  74,  74,  74,  74,  74,  74
MIELI1 , AGCU,  0,  0,  0,  0,  0,  0,  0,  0,  0,  0,  0,  0,  0,  0,  0,  0,  0,  0,  0,  0,  0,  0,  0,  0
MIELI2 , AGCU,  0,  0,  0,  0,  0,  0,  0,  0,  0,  0,  0,  0,  0,  0,  0,  0,  0,  0,  0,  0,  0,  0,  0,  0
MIELI3 , AGCU,  74,  74,  74,  74,  74,  74,  74,  74,  74,  74,  74,  74,  74,  74,  74,  74,  74,  74,  74,  74,  74,  74,  74,  74
MIELI , MO,  31,  31,  31,  31,  31,  31,  31,  31,  31,  31,  31,  31,  31,  31,  31,  31,  31,  31,  31,  31,  31,  31,  31,  31
MIELI1 , PRU,  0,  0,  0,  0,  0,  0,  0,  0,  5,  5,  5,  5,  5,  5,  5,  5,  5,  0,  0,  0,  0,  0,  0,  0
AMOYALAESPERANZA1 , D,  26,  27,  26,  26,  26,  26,  26,  26,  26,  26,  26,  27,  26,  26,  26,  26,  26,  26,  26,  26,  26,  26,  26,  26
AMOYALAESPERANZA2 , D,  26,  26,  26,  25,  25,  25,  25,  25,  25,  26,  26,  26,  26,  26,  26,  26,  26,  26,  26,  26,  26,  26,  26,  26
SOGAMOSO , P,  316000
SOGAMOSO1 , D,  262,  262,  262,  262,  262,  262,  262,  262,  262,  262,  262,  262,  262,  262,  262,  262,  262,  262,  262,  262,  262,  262,  262,  262
SOGAMOSO2 , D,  0,  0,  0,  0,  0,  0,  0,  0,  0,  0,  0,  0,  0,  0,  0,  0,  0,  0,  0,  0,  0,  0,  0,  0
SOGAMOSO3 , D,  262,  262,  262,  262,  262,  262,  262,  262,  262,  262,  262,  262,  262,  262,  262,  262,  262,  262,  262,  262,  262,  262,  262,  262
SOGAMOSO , AGCP,  284,  284,  284,  284,  284,  284,  284,  284,  284,  284,  284,  284,  284,  284,  284,  284,  284,  284,  284,  284,  284,  284,  284,  284
SOGAMOSO1 , AGCU,  142,  142,  142,  142,  142,  142,  142,  142,  142,  142,  142,  142,  142,  142,  142,  142,  142,  142,  142,  142,  142,  142,  142,  142
SOGAMOSO2 , AGCU,  0,  0,  0,  0,  0,  0,  0,  0,  0,  0,  0,  0,  0,  0,  0,  0,  0,  0,  0,  0,  0,  0,  0,  0
SOGAMOSO3 , AGCU,  142,  142,  142,  142,  142,  142,  142,  142,  142,  142,  142,  142,  142,  142,  142,  142,  142,  142,  142,  142,  142,  142,  142,  142
SOGAMOSO , MO,  120,  120,  120,  120,  120,  120,  120,  120,  120,  120,  120,  120,  120,  120,  120,  120,  120,  120,  120,  120,  120,  120,  120,  120
TERMOCENTROCC , P,  590508
TERMOCENTROCC , PAP1, 195904030
TERMOCENTROCC , PAP2, 193202393
TERMOCENTROCC , PAP3, 190251788
TERMOCENTROCC , PAP4, 98231263
TERMOCENTROCC , PAP5, 95135987
TERMOCENTROCC , PAPUSD1, 58228
TERMOCENTROCC , PAPUSD2, 57425
TERMOCENTROCC , PAPUSD3, 56548
TERMOCENTROCC , PAPUSD4, 29197
TERMOCENTROCC , PAPUSD5, 28277
TERMOCENTROCC , D,  138,  138,  138,  138,  138,  138,  138,  138,  138,  138,  138,  138,  138,  138,  138,  138,  138,  138,  138,  138,  138,  138,  138,  138
TERMOCENTROCC , CONF,  4
TERMOCENTROCC , C,  GAS
CALDERAS1 , D,  0.00,  0.00,  0.00,  0.00,  0.00,  0.00,  0.00,  0.00,  0.00,  0.00,  0.00,  0.00,  0.00,  0.00,  0.00,  0.00,  0.00,  0.00,  0.00,  0.00,  0.00,  0.00,  0.00,  0.00
CALDERAS2 , D,  0.00,  0.00,  0.00,  0.00,  0.00,  0.00,  0.00,  0.00,  0.00,  0.00,  0.00,  0.00,  0.00,  0.00,  0.00,  0.00,  0.00,  0.00,  0.00,  0.00,  0.00,  0.00,  0.00,  0.00


AGENTE: MULCALARCA
BAYONA , D,  0.30,  0.30,  0.30,  0.30,  0.30,  0.30,  0.30,  0.30,  0.30,  0.30,  0.30,  0.30,  0.30,  0.30,  0.30,  0.30,  0.30,  0.30,  0.30,  0.30,  0.30,  0.30,  0.30,  0.30
CAMPESTRE(CALARCA) , D,  0.70,  0.70,  0.70,  0.70,  0.70,  0.70,  0.70,  0.70,  0.70,  0.70,  0.70,  0.70,  0.70,  0.70,  0.70,  0.70,  0.70,  0.70,  0.70,  0.70,  0.70,  0.70,  0.70,  0.70
UNION , D,  0.50,  0.50,  0.50,  0.50,  0.50,  0.50,  0.50,  0.50,  0.50,  0.50,  0.50,  0.50,  0.50,  0.50,  0.50,  0.50,  0.50,  0.50,  0.50,  0.50,  0.50,  0.50,  0.50,  0.50


AGENTE: NITRO ENERGY
INCAUCA1 , D,  8.60,  8.60,  8.60,  8.60,  8.60,  8.60,  8.60,  8.60,  8.60,  8.60,  8.60,  8.60,  8.60,  8.60,  8.60,  8.60,  8.60,  8.60,  8.60,  8.60,  8.60,  8.60,  8.60,  8.60
INGENIOPROVIDENCIA2 , D,  16.44,  16.44,  16.44,  16.44,  16.44,  16.44,  16.44,  16.44,  16.44,  16.44,  16.44,  16.44,  16.44,  16.44,  16.44,  16.44,  16.44,  16.44,  16.44,  16.44,  16.44,  16.44,  16.44,  16.44


AGENTE: PCH ALEJANDRÍA
ALEJANDRÍA , D,  4.00,  3.00,  4.00,  5.00,  6.00,  6.00,  7.00,  8.00,  8.00,  8.00,  8.00,  8.00,  8.00,  7.00,  7.00,  6.00,  6.00,  6.00,  5.00,  6.00,  5.00,  5.00,  5.00,  5.00


AGENTE: PROELECTRICA
PROELECTRICA , P,  374097
PROELECTRICA , PAP1, 32261519
PROELECTRICA , PAPUSD1, 9589
PROELECTRICA1 , D,  45,  45,  45,  45,  45,  45,  45,  45,  45,  45,  45,  45,  45,  45,  45,  45,  45,  45,  45,  45,  45,  45,  45,  45
PROELECTRICA2 , D,  45,  45,  45,  45,  45,  45,  45,  45,  45,  45,  45,  45,  45,  45,  45,  45,  45,  45,  45,  45,  45,  45,  45,  45
PROELECTRICA , CONF,  1
PROELECTRICA , C,  GAS


AGENTE: PROENCA 
COGENERADORPROENCA , D,  17.00,  17.00,  17.00,  17.00,  17.00,  17.00,  17.00,  17.00,  17.00,  17.00,  17.00,  17.00,  17.00,  17.00,  17.00,  17.00,  17.00,  17.00,  17.00,  17.00,  17.00,  17.00,  17.00,  17.00
PROENCAII , D,  15.00,  15.00,  15.00,  15.00,  15.00,  15.00,  15.00,  15.00,  15.00,  15.00,  15.00,  15.00,  15.00,  15.00,  15.00,  15.00,  15.00,  15.00,  15.00,  15.00,  15.00,  15.00,  15.00,  15.00


AGENTE: RIOEN SAS  E.S.P.
CENTRALCASTILLA1 , D,  3.00,  3.00,  3.00,  3.00,  3.00,  3.00,  3.00,  3.00,  3.00,  3.00,  3.00,  3.00,  3.00,  3.00,  3.00,  3.00,  3.00,  3.00,  3.00,  3.00,  3.00,  3.00,  3.00,  3.00
INGENIORIOPAILA1 , D,  16.00,  16.00,  16.00,  16.00,  16.00,  16.00,  16.00,  16.00,  16.00,  16.00,  16.00,  16.00,  16.00,  16.00,  16.00,  16.00,  16.00,  16.00,  16.00,  16.00,  16.00,  16.00,  16.00,  16.00


AGENTE: RISARALDA ENERGIA
MORROAZUL , D,  2.63,  2.63,  2.63,  2.63,  2.63,  2.63,  2.63,  2.63,  2.63,  2.63,  2.63,  2.63,  2.63,  2.63,  2.63,  2.63,  2.63,  2.63,  2.63,  2.63,  2.63,  2.63,  2.63,  2.63


AGENTE: TEBSA S.A. (E.S.P.)
TEBSAB , P,  455840
TEBSAB , PAP1, 213715322
TEBSAB , PAP2, 167551978
TEBSAB , PAP3, 127087979
TEBSAB , PAP4, 86627344
TEBSAB , PAP5, 0
TEBSAB , PAP6, 173254687
TEBSAB , PAP7, 127087979
TEBSAB , PAP8, 86627344
TEBSAB , PAP9, 40460635
TEBSAB , PAP10, 173254687
TEBSAB , PAP11, 127087979
TEBSAB , PAP12, 86627344
TEBSAB , PAP13, 40460635
TEBSAB , PAP14, 208012614
TEBSAB , PAP15, 161849270
TEBSAB , PAP16, 121385270
TEBSAB , PAP17, 80924635
TEBSAB , PAP18, 40460635
TEBSAB , PAP19, 167551978
TEBSAB , PAP20, 121385270
TEBSAB , PAP21, 80924635
TEBSAB , PAP22, 40460635
TEBSAB , PAP23, 167551978
TEBSAB , PAP24, 121385270
TEBSAB , PAP25, 80924635
TEBSAB , PAP26, 40460635
TEBSAB , PAP27, 202309905
TEBSAB , PAP28, 121385270
TEBSAB , PAP29, 80924635
TEBSAB , PAP30, 40460635
TEBSAB , PAP31, 127087979
TEBSAB , PAP32, 80924635
TEBSAB , PAP33, 40460635
TEBSAB , PAP34, 127087979
TEBSAB , PAP35, 80924635
TEBSAB , PAP36, 40460635
TEBSAB , PAP37, 127087979
TEBSAB , PAP38, 80924635
TEBSAB , PAP39, 40460635
TEBSAB , PAP40, 161849270
TEBSAB , PAP41, 80924635
TEBSAB , PAP42, 40460635
TEBSAB , PAP43, 161849270
TEBSAB , PAP44, 80924635
TEBSAB , PAP45, 40460635
TEBSAB , PAP46, 86627344
TEBSAB , PAP47, 40460635
TEBSAB , PAP48, 86627344
TEBSAB , PAP49, 40460635
TEBSAB , PAP50, 86627344
TEBSAB , PAP51, 40460635
TEBSAB , PAP52, 121385270
TEBSAB , PAP53, 40460635
TEBSAB , PAP54, 121385270
TEBSAB , PAP55, 40460635
TEBSAB , PAP56, 121385270
TEBSAB , PAP57, 40460635
TEBSAB , PAP58, 80924635
TEBSAB , PAP59, 80924635
TEBSAB , PAP60, 80924635
TEBSAB , PAP61, 46163344
TEBSAB , PAP62, 46163344
TEBSAB , PAPUSD1, 63522
TEBSAB , PAPUSD2, 49801
TEBSAB , PAPUSD3, 37774
TEBSAB , PAPUSD4, 25748
TEBSAB , PAPUSD5, 0
TEBSAB , PAPUSD6, 51496
TEBSAB , PAPUSD7, 37774
TEBSAB , PAPUSD8, 25748
TEBSAB , PAPUSD9, 12026
TEBSAB , PAPUSD10, 51496
TEBSAB , PAPUSD11, 37774
TEBSAB , PAPUSD12, 25748
TEBSAB , PAPUSD13, 12026
TEBSAB , PAPUSD14, 61827
TEBSAB , PAPUSD15, 48106
TEBSAB , PAPUSD16, 36079
TEBSAB , PAPUSD17, 24053
TEBSAB , PAPUSD18, 12026
TEBSAB , PAPUSD19, 49801
TEBSAB , PAPUSD20, 36079
TEBSAB , PAPUSD21, 24053
TEBSAB , PAPUSD22, 12026
TEBSAB , PAPUSD23, 49801
TEBSAB , PAPUSD24, 36079
TEBSAB , PAPUSD25, 24053
TEBSAB , PAPUSD26, 12026
TEBSAB , PAPUSD27, 60132
TEBSAB , PAPUSD28, 36079
TEBSAB , PAPUSD29, 24053
TEBSAB , PAPUSD30, 12026
TEBSAB , PAPUSD31, 37774
TEBSAB , PAPUSD32, 24053
TEBSAB , PAPUSD33, 12026
TEBSAB , PAPUSD34, 37774
TEBSAB , PAPUSD35, 24053
TEBSAB , PAPUSD36, 12026
TEBSAB , PAPUSD37, 37774
TEBSAB , PAPUSD38, 24053
TEBSAB , PAPUSD39, 12026
TEBSAB , PAPUSD40, 48106
TEBSAB , PAPUSD41, 24053
TEBSAB , PAPUSD42, 12026
TEBSAB , PAPUSD43, 48106
TEBSAB , PAPUSD44, 24053
TEBSAB , PAPUSD45, 12026
TEBSAB , PAPUSD46, 25748
TEBSAB , PAPUSD47, 12026
TEBSAB , PAPUSD48, 25748
TEBSAB , PAPUSD49, 12026
TEBSAB , PAPUSD50, 25748
TEBSAB , PAPUSD51, 12026
TEBSAB , PAPUSD52, 36079
TEBSAB , PAPUSD53, 12026
TEBSAB , PAPUSD54, 36079
TEBSAB , PAPUSD55, 12026
TEBSAB , PAPUSD56, 36079
TEBSAB , PAPUSD57, 12026
TEBSAB , PAPUSD58, 24053
TEBSAB , PAPUSD59, 24053
TEBSAB , PAPUSD60, 24053
TEBSAB , PAPUSD61, 13721
TEBSAB , PAPUSD62, 13721
TEBSAB , D,  642,  642,  642,  642,  642,  642,  642,  642,  642,  642,  642,  642,  642,  642,  642,  642,  642,  642,  642,  642,  642,  642,  642,  642
TEBSAB , CONF,  13
TEBSAB , C,  GAS
BARRANQUILLA3 , P,  565200
BARRANQUILLA3 , PAP1, 71473951
BARRANQUILLA3 , PAP2, 71473951
BARRANQUILLA3 , PAP3, 71473951
BARRANQUILLA3 , PAP4, 71473951
BARRANQUILLA3 , PAP5, 71473951
BARRANQUILLA3 , PAP6, 71473951
BARRANQUILLA3 , PAP7, 71473951
BARRANQUILLA3 , PAP8, 71473951
BARRANQUILLA3 , PAP9, 71473951
BARRANQUILLA3 , PAPUSD1, 21244
BARRANQUILLA3 , PAPUSD2, 21244
BARRANQUILLA3 , PAPUSD3, 21244
BARRANQUILLA3 , PAPUSD4, 21244
BARRANQUILLA3 , PAPUSD5, 21244
BARRANQUILLA3 , PAPUSD6, 21244
BARRANQUILLA3 , PAPUSD7, 21244
BARRANQUILLA3 , PAPUSD8, 21244
BARRANQUILLA3 , PAPUSD9, 21244
BARRANQUILLA3 , D,  60,  60,  60,  60,  60,  60,  60,  60,  60,  60,  60,  60,  60,  60,  60,  60,  60,  60,  60,  60,  60,  60,  60,  60
BARRANQUILLA3 , CONF,  1
BARRANQUILLA3 , C,  GAS
BARRANQUILLA3 , PRU,  0,  0,  0,  0,  0,  0,  0,  0,  14,  14,  14,  14,  14,  14,  0,  0,  0,  0,  0,  0,  0,  0,  0,  0
BARRANQUILLA4 , P,  565930
BARRANQUILLA4 , PAP1, 71473951
BARRANQUILLA4 , PAP2, 71473951
BARRANQUILLA4 , PAP3, 71473951
BARRANQUILLA4 , PAP4, 71473951
BARRANQUILLA4 , PAP5, 71473951
BARRANQUILLA4 , PAP6, 71473951
BARRANQUILLA4 , PAP7, 71473951
BARRANQUILLA4 , PAP8, 71473951
BARRANQUILLA4 , PAP9, 71473951
BARRANQUILLA4 , PAPUSD1, 21244
BARRANQUILLA4 , PAPUSD2, 21244
BARRANQUILLA4 , PAPUSD3, 21244
BARRANQUILLA4 , PAPUSD4, 21244
BARRANQUILLA4 , PAPUSD5, 21244
BARRANQUILLA4 , PAPUSD6, 21244
BARRANQUILLA4 , PAPUSD7, 21244
BARRANQUILLA4 , PAPUSD8, 21244
BARRANQUILLA4 , PAPUSD9, 21244
BARRANQUILLA4 , D,  0,  0,  0,  0,  0,  0,  0,  0,  0,  0,  0,  0,  0,  0,  0,  0,  0,  0,  0,  0,  0,  0,  0,  0
BARRANQUILLA4 , CONF,  1
BARRANQUILLA4 , C,  GAS


AGENTE: TERMO MECHERO
TERMOMECHERO4 , D,  19.30,  19.30,  19.30,  19.30,  19.30,  19.30,  19.30,  19.30,  19.30,  19.30,  19.30,  19.30,  19.30,  19.30,  19.30,  19.30,  19.30,  19.30,  19.30,  19.30,  19.30,  19.30,  19.30,  19.30
TERMOMECHERO5 , D,  19.30,  19.30,  19.30,  19.30,  19.30,  19.30,  19.30,  19.30,  19.30,  19.30,  19.30,  19.30,  19.30,  19.30,  19.30,  19.30,  19.30,  19.30,  19.30,  19.30,  19.30,  19.30,  19.30,  19.30
TERMOMECHERO6 , D,  19.30,  19.30,  19.30,  19.30,  19.30,  19.30,  19.30,  19.30,  19.30,  19.30,  19.30,  19.30,  19.30,  19.30,  19.30,  19.30,  19.30,  19.30,  19.30,  19.30,  19.30,  19.30,  19.30,  19.30


AGENTE: TERMOCANDELARIA
TERMOCANDELARIA1 , P,  542597
TERMOCANDELARIA1 , PAP1, 76860403
TERMOCANDELARIA1 , PAP2, 76860403
TERMOCANDELARIA1 , PAP3, 76860403
TERMOCANDELARIA1 , PAP4, 76860403
TERMOCANDELARIA1 , PAP5, 109889013
TERMOCANDELARIA1 , PAP6, 109889013
TERMOCANDELARIA1 , PAP7, 109889013
TERMOCANDELARIA1 , PAP8, 109889013
TERMOCANDELARIA1 , PAPUSD1, 22845
TERMOCANDELARIA1 , PAPUSD2, 22845
TERMOCANDELARIA1 , PAPUSD3, 22845
TERMOCANDELARIA1 , PAPUSD4, 22845
TERMOCANDELARIA1 , PAPUSD5, 32662
TERMOCANDELARIA1 , PAPUSD6, 32662
TERMOCANDELARIA1 , PAPUSD7, 32662
TERMOCANDELARIA1 , PAPUSD8, 32662
TERMOCANDELARIA1 , D,  157,  157,  157,  157,  157,  157,  157,  157,  157,  157,  157,  157,  157,  157,  157,  157,  157,  157,  157,  157,  157,  157,  157,  157
TERMOCANDELARIA1 , CONF,  1
TERMOCANDELARIA1 , C,  GAS
TERMOCANDELARIA2 , P,  548023
TERMOCANDELARIA2 , PAP1, 76860403
TERMOCANDELARIA2 , PAP2, 76860403
TERMOCANDELARIA2 , PAP3, 76860403
TERMOCANDELARIA2 , PAP4, 76860403
TERMOCANDELARIA2 , PAP5, 109889013
TERMOCANDELARIA2 , PAP6, 109889013
TERMOCANDELARIA2 , PAP7, 109889013
TERMOCANDELARIA2 , PAP8, 109889013
TERMOCANDELARIA2 , PAPUSD1, 22845
TERMOCANDELARIA2 , PAPUSD2, 22845
TERMOCANDELARIA2 , PAPUSD3, 22845
TERMOCANDELARIA2 , PAPUSD4, 22845
TERMOCANDELARIA2 , PAPUSD5, 32662
TERMOCANDELARIA2 , PAPUSD6, 32662
TERMOCANDELARIA2 , PAPUSD7, 32662
TERMOCANDELARIA2 , PAPUSD8, 32662
TERMOCANDELARIA2 , D,  0,  0,  0,  0,  0,  0,  0,  0,  0,  0,  0,  0,  0,  0,  0,  0,  0,  0,  0,  0,  0,  0,  0,  0
TERMOCANDELARIA2 , CONF,  1
TERMOCANDELARIA2 , C,  GAS


AGENTE: TERMOEMCALI
TERMOEMCALI1 , P,  750460
TERMOEMCALI1 , PAP1, 141117652
TERMOEMCALI1 , PAP2, 227852657
TERMOEMCALI1 , PAPUSD1, 41944
TERMOEMCALI1 , PAPUSD2, 67724
TERMOEMCALI1 , D,  0,  0,  0,  0,  0,  0,  0,  0,  0,  0,  0,  0,  0,  0,  0,  0,  0,  0,  0,  0,  0,  0,  0,  0
TERMOEMCALI1 , CONF,  2
TERMOEMCALI1 , C,  ACPM


AGENTE: TERMONORTE
TERMONORTE , P,  330000
TERMONORTE , PAP1, 124349333
TERMONORTE , PAP2, 76386019
TERMONORTE , PAP3, 37748905
TERMONORTE , PAP4, 114457909
TERMONORTE , PAP5, 70309858
TERMONORTE , PAP6, 34747833
TERMONORTE , PAP7, 101740363
TERMONORTE , PAP8, 62497652
TERMONORTE , PAP9, 30885467
TERMONORTE , PAP10, 89022818
TERMONORTE , PAP11, 54685445
TERMONORTE , PAP12, 27026466
TERMONORTE , PAP13, 76305272
TERMONORTE , PAP14, 46873239
TERMONORTE , PAP15, 23164101
TERMONORTE , PAP16, 63587727
TERMONORTE , PAP17, 39061032
TERMONORTE , PAP18, 19305099
TERMONORTE , PAP19, 50870182
TERMONORTE , PAP20, 31248826
TERMONORTE , PAP21, 15442734
TERMONORTE , PAP22, 38152636
TERMONORTE , PAP23, 23436619
TERMONORTE , PAP24, 11583732
TERMONORTE , PAPUSD1, 36960
TERMONORTE , PAPUSD2, 22704
TERMONORTE , PAPUSD3, 11220
TERMONORTE , PAPUSD4, 34020
TERMONORTE , PAPUSD5, 20898
TERMONORTE , PAPUSD6, 10328
TERMONORTE , PAPUSD7, 30240
TERMONORTE , PAPUSD8, 18576
TERMONORTE , PAPUSD9, 9180
TERMONORTE , PAPUSD10, 26460
TERMONORTE , PAPUSD11, 16254
TERMONORTE , PAPUSD12, 8033
TERMONORTE , PAPUSD13, 22680
TERMONORTE , PAPUSD14, 13932
TERMONORTE , PAPUSD15, 6885
TERMONORTE , PAPUSD16, 18900
TERMONORTE , PAPUSD17, 11610
TERMONORTE , PAPUSD18, 5738
TERMONORTE , PAPUSD19, 15120
TERMONORTE , PAPUSD20, 9288
TERMONORTE , PAPUSD21, 4590
TERMONORTE , PAPUSD22, 11340
TERMONORTE , PAPUSD23, 6966
TERMONORTE , PAPUSD24, 3443
TERMONORTE , D,  81,  81,  81,  81,  81,  81,  81,  81,  81,  81,  81,  81,  81,  81,  81,  81,  81,  81,  81,  81,  81,  81,  81,  81
TERMONORTE , CONF,  6
TERMONORTE , C,  GAS


AGENTE: TERMOPIEDRAS S.A.
TERMOPIEDRAS , D,  3.75,  3.75,  3.75,  3.75,  3.75,  3.75,  3.75,  3.75,  3.75,  3.75,  3.75,  3.75,  3.75,  3.75,  3.75,  3.75,  3.75,  3.75,  3.75,  3.75,  3.75,  3.75,  3.75,  3.75


AGENTE: TERMOTASAJERO
TASAJERO1 , P,  407980
TASAJERO1 , PAP1, 53131079
TASAJERO1 , PAP2, 53131079
TASAJERO1 , PAP3, 53131079
TASAJERO1 , PAPUSD1, 15792
TASAJERO1 , PAPUSD2, 15792
TASAJERO1 , PAPUSD3, 15792
TASAJERO1 , D,  163,  163,  163,  163,  163,  163,  163,  163,  163,  163,  163,  163,  163,  163,  163,  163,  163,  163,  163,  163,  163,  163,  163,  163
TASAJERO1 , CONF,  1
TASAJERO1 , C,  CARBON


AGENTE: TERMOTASAJERO DOS
TASAJERO2 , P,  120980
TASAJERO2 , PAP1, 56858867
TASAJERO2 , PAP2, 56858867
TASAJERO2 , PAPUSD1, 16900
TASAJERO2 , PAPUSD2, 16900
TASAJERO2 , D,  170,  170,  170,  170,  170,  170,  170,  170,  170,  170,  170,  170,  170,  170,  170,  170,  170,  170,  170,  170,  170,  170,  170,  170
TASAJERO2 , CONF,  1
TASAJERO2 , C,  CARBON


AGENTE: TERMOVALLE
TERMOVALLE1 , P,  747510
TERMOVALLE1 , PAP1, 80746320
TERMOVALLE1 , PAP2, 80746320
TERMOVALLE1 , PAP3, 80746320
TERMOVALLE1 , PAP4, 235510100
TERMOVALLE1 , PAP5, 235510100
TERMOVALLE1 , PAP6, 235510100
TERMOVALLE1 , PAP7, 80746320
TERMOVALLE1 , PAP8, 235510100
TERMOVALLE1 , PAPUSD1, 24000
TERMOVALLE1 , PAPUSD2, 24000
TERMOVALLE1 , PAPUSD3, 24000
TERMOVALLE1 , PAPUSD4, 70000
TERMOVALLE1 , PAPUSD5, 70000
TERMOVALLE1 , PAPUSD6, 70000
TERMOVALLE1 , PAPUSD7, 24000
TERMOVALLE1 , PAPUSD8, 70000
TERMOVALLE1 , D,  200,  200,  200,  200,  200,  200,  200,  200,  200,  200,  200,  200,  200,  200,  200,  200,  200,  200,  200,  200,  200,  200,  200,  200
TERMOVALLE1 , CONF,  4
TERMOVALLE1 , C,  ACPM


AGENTE: TERMOYOPAL
TERMOYOPAL2 , P,  68000
TERMOYOPAL2 , PAP1, 5719531
TERMOYOPAL2 , PAPUSD1, 1700
TERMOYOPAL2 , D,  30,  30,  30,  30,  30,  30,  30,  30,  30,  29,  29,  29,  29,  29,  29,  29,  29,  30,  30,  30,  30,  30,  30,  30
TERMOYOPAL2 , CONF,  1
TERMOYOPAL2 , C,  GAS
TERMOYOPAL1 , D,  19.90,  19.90,  19.90,  19.90,  19.90,  19.90,  19.90,  19.90,  19.90,  19.90,  19.90,  19.00,  19.00,  19.00,  19.00,  19.00,  19.90,  19.90,  19.90,  19.90,  19.90,  19.90,  19.90,  19.90


AGENTE: URRA
URRA , P,  500000
URRA1 , D,  0,  0,  0,  0,  0,  0,  0,  0,  0,  0,  0,  0,  0,  0,  0,  0,  0,  0,  0,  0,  0,  0,  0,  0
URRA2 , D,  78,  78,  78,  78,  78,  78,  78,  78,  78,  78,  78,  78,  78,  78,  78,  78,  78,  78,  78,  78,  78,  78,  78,  78
URRA3 , D,  78,  78,  78,  78,  78,  78,  78,  78,  78,  78,  78,  78,  78,  78,  78,  78,  78,  78,  78,  78,  78,  78,  78,  78
URRA4 , D,  78,  78,  78,  78,  78,  78,  78,  78,  78,  78,  78,  78,  78,  78,  78,  78,  78,  78,  78,  78,  78,  78,  78,  78
URRA , AGCP,  0,  0,  0,  0,  0,  0,  0,  0,  0,  0,  0,  0,  0,  0,  0,  0,  0,  0,  0,  0,  0,  0,  0,  0
URRA1 , AGCU,  0,  0,  0,  0,  0,  0,  0,  0,  0,  0,  0,  0,  0,  0,  0,  0,  0,  0,  0,  0,  0,  0,  0,  0
URRA2 , AGCU,  0,  0,  0,  0,  0,  0,  0,  0,  0,  0,  0,  0,  0,  0,  0,  0,  0,  0,  0,  0,  0,  0,  0,  0
URRA3 , AGCU,  0,  0,  0,  0,  0,  0,  0,  0,  0,  0,  0,  0,  0,  0,  0,  0,  0,  0,  0,  0,  0,  0,  0,  0
URRA4 , AGCU,  0,  0,  0,  0,  0,  0,  0,  0,  0,  0,  0,  0,  0,  0,  0,  0,  0,  0,  0,  0,  0,  0,  0,  0
URRA , MO,  78,  78,  78,  78,  78,  78,  78,  78,  78,  156,  156,  156,  156,  156,  156,  156,  156,  156,  156,  156,  156,  156,  156,  156


AGENTE: VATIA S.A.
FLORIDA21 , D,  7.00,  7.00,  7.00,  7.00,  7.00,  7.00,  0.00,  0.00,  0.00,  0.00,  0.00,  0.00,  0.00,  0.00,  0.00,  0.00,  9.50,  9.50,  9.50,  9.50,  6.00,  6.00,  6.00,  6.00
FLORIDA22 , D,  7.00,  7.00,  7.00,  7.00,  7.00,  7.00,  0.00,  0.00,  0.00,  0.00,  0.00,  0.00,  0.00,  0.00,  0.00,  0.00,  9.50,  9.50,  9.50,  9.50,  6.00,  6.00,  0.00,  0.00
LASPALMAS1 , D,  0.00,  0.00,  0.00,  0.00,  0.00,  0.00,  0.00,  0.00,  0.00,  0.00,  0.00,  0.00,  0.00,  0.00,  0.00,  0.00,  0.00,  0.00,  0.00,  0.00,  0.00,  0.00,  0.00,  0.00
LASPALMAS2 , D,  1.40,  1.40,  1.40,  1.40,  1.40,  1.40,  1.40,  1.40,  1.40,  1.40,  1.40,  1.40,  1.40,  1.40,  1.40,  1.40,  1.40,  1.40,  1.40,  1.40,  1.40,  1.40,  1.40,  1.40
OVEJAS , D,  0.00,  0.00,  0.00,  0.00,  0.00,  0.00,  0.00,  0.00,  0.00,  0.00,  0.00,  0.00,  0.00,  0.00,  0.00,  0.00,  0.00,  0.00,  0.00,  0.00,  0.00,  0.00,  0.00,  0.00
PASTALES , D,  0.43,  0.43,  0.43,  0.43,  0.43,  0.43,  0.43,  0.43,  0.43,  0.43,  0.43,  0.43,  0.43,  0.43,  0.43,  0.43,  0.43,  0.43,  0.43,  0.43,  0.43,  0.43,  0.43,  0.43
MONDOMO , D,  0.42,  0.42,  0.42,  0.42,  0.42,  0.42,  0.42,  0.42,  0.42,  0.42,  0.42,  0.42,  0.42,  0.42,  0.42,  0.42,  0.42,  0.42,  0.42,  0.42,  0.42,  0.42,  0.42,  0.42
ASNAZU , D,  0.37,  0.37,  0.37,  0.37,  0.37,  0.37,  0.37,  0.37,  0.37,  0.37,  0.37,  0.37,  0.37,  0.37,  0.37,  0.37,  0.37,  0.37,  0.37,  0.37,  0.37,  0.37,  0.37,  0.37
INZA , D,  0.52,  0.52,  0.52,  0.52,  0.52,  0.52,  0.52,  0.52,  0.52,  0.52,  0.52,  0.52,  0.52,  0.52,  0.52,  0.52,  0.52,  0.52,  0.52,  0.52,  0.52,  0.52,  0.52,  0.52
MIROLINDO , D,  1.28,  1.28,  1.28,  1.28,  1.28,  1.28,  1.28,  1.28,  1.28,  1.28,  1.28,  1.28,  1.28,  1.28,  1.28,  1.28,  1.28,  1.28,  1.28,  1.28,  1.28,  1.28,  1.28,  1.28
SAJANDI , D,  0.00,  0.00,  0.00,  0.00,  0.00,  0.00,  0.00,  0.00,  0.00,  0.00,  0.00,  0.00,  0.00,  0.00,  0.00,  0.00,  0.00,  0.00,  0.00,  0.00,  0.00,  0.00,  0.00,  0.00
SILVIA , D,  0.35,  0.35,  0.35,  0.35,  0.35,  0.35,  0.35,  0.35,  0.35,  0.35,  0.35,  0.35,  0.35,  0.35,  0.35,  0.35,  0.35,  0.35,  0.35,  0.35,  0.35,  0.35,  0.35,  0.35
RIORECIO , D,  0.00,  0.00,  0.00,  0.00,  0.00,  0.00,  0.00,  0.00,  0.00,  0.00,  0.00,  0.00,  0.00,  0.00,  0.00,  0.00,  0.00,  0.00,  0.00,  0.00,  0.00,  0.00,  0.00,  0.00
VENTANAA , D,  2.02,  2.02,  2.02,  2.02,  2.02,  2.02,  2.02,  2.02,  2.02,  2.02,  2.02,  2.02,  2.02,  2.02,  2.02,  2.02,  2.02,  2.02,  2.02,  2.02,  2.02,  2.02,  2.02,  2.02
VENTANAB , D,  0.00,  0.00,  0.00,  0.00,  0.00,  0.00,  0.00,  0.00,  0.00,  0.00,  0.00,  0.00,  0.00,  0.00,  0.00,  0.00,  0.00,  0.00,  0.00,  0.00,  0.00,  0.00,  0.00,  0.00
RIOPALO , D,  0.65,  0.65,  0.65,  0.65,  0.65,  0.65,  0.65,  0.65,  0.65,  0.65,  0.65,  0.65,  0.65,  0.65,  0.65,  0.65,  0.65,  0.65,  0.65,  0.65,  0.65,  0.65,  0.65,  0.65
SANTIAGO , D,  1.09,  1.09,  1.09,  1.09,  1.09,  1.09,  1.09,  1.09,  1.09,  1.09,  1.09,  1.09,  1.09,  1.09,  1.09,  1.09,  1.09,  1.09,  1.09,  1.09,  1.09,  1.09,  1.09,  1.09


AGENTE: ZF CELSIA
FLORES1 , P,  319377
FLORES1 , PAP1, 67803358
FLORES1 , PAP2, 67803358
FLORES1 , PAP3, 67803358
FLORES1 , PAPUSD1, 20153
FLORES1 , PAPUSD2, 20153
FLORES1 , PAPUSD3, 20153
FLORES1 , D,  160,  160,  160,  160,  160,  160,  160,  160,  160,  160,  160,  160,  160,  160,  160,  160,  160,  160,  160,  160,  160,  160,  160,  160
FLORES1 , CONF,  1
FLORES1 , C,  GAS
FLORES4B , P,  279140
FLORES4B , PAP1, 137043327
FLORES4B , PAP2, 137043327
FLORES4B , PAP3, 137043327
FLORES4B , PAP4, 151123467
FLORES4B , PAP5, 151123467
FLORES4B , PAP6, 151123467
FLORES4B , PAP8, 59399012
FLORES4B , PAP9, 77644316
FLORES4B , PAP10, 77644316
FLORES4B , PAP11, 77644316
FLORES4B , PAP14, 168652147
FLORES4B , PAPUSD1, 40733
FLORES4B , PAPUSD2, 40733
FLORES4B , PAPUSD3, 40733
FLORES4B , PAPUSD4, 44918
FLORES4B , PAPUSD5, 44918
FLORES4B , PAPUSD6, 44918
FLORES4B , PAPUSD8, 17655
FLORES4B , PAPUSD9, 23078
FLORES4B , PAPUSD10, 23078
FLORES4B , PAPUSD11, 23078
FLORES4B , PAPUSD14, 50128
FLORES4B , D,  450,  450,  450,  450,  450,  450,  450,  450,  450,  450,  450,  450,  450,  450,  450,  450,  450,  450,  450,  450,  450,  450,  450,  450
FLORES4B , CONF,  1
FLORES4B , C,  GAS


