Ofertas Iniciales para: 2019-09-09


AGENTE: AES CHIVOR
CHIVOR , P,  72569
CHIVOR1 , D,  125,  125,  125,  125,  125,  125,  125,  125,  125,  125,  125,  125,  125,  125,  125,  125,  125,  125,  125,  125,  125,  125,  125,  125
CHIVOR2 , D,  125,  125,  125,  125,  125,  125,  125,  125,  125,  125,  125,  125,  125,  125,  125,  125,  125,  125,  125,  125,  125,  125,  125,  125
CHIVOR3 , D,  125,  125,  125,  125,  125,  125,  125,  125,  125,  125,  125,  125,  125,  125,  125,  125,  125,  125,  125,  125,  125,  125,  125,  125
CHIVOR4 , D,  125,  125,  125,  125,  125,  125,  125,  125,  125,  125,  125,  125,  125,  125,  125,  125,  125,  125,  125,  125,  125,  125,  125,  125
CHIVOR5 , D,  125,  125,  125,  125,  125,  125,  125,  125,  125,  125,  125,  125,  125,  125,  125,  125,  125,  125,  125,  125,  125,  125,  125,  125
CHIVOR6 , D,  125,  125,  125,  125,  125,  125,  125,  125,  125,  125,  125,  125,  125,  125,  125,  125,  125,  125,  125,  125,  125,  125,  125,  125
CHIVOR7 , D,  125,  125,  125,  125,  125,  125,  125,  125,  125,  125,  125,  125,  125,  125,  125,  125,  125,  125,  125,  125,  125,  125,  125,  125
CHIVOR8 , D,  125,  125,  125,  125,  125,  125,  125,  125,  125,  125,  125,  125,  125,  125,  125,  125,  125,  125,  125,  125,  125,  125,  125,  125
CHIVOR , AGCP,  840,  840,  840,  840,  840,  840,  840,  840,  840,  840,  840,  840,  840,  840,  840,  840,  840,  840,  840,  840,  840,  840,  840,  840
CHIVOR1 , AGCU,  105,  105,  105,  105,  105,  105,  105,  105,  105,  105,  105,  105,  105,  105,  105,  105,  105,  105,  105,  105,  105,  105,  105,  105
CHIVOR2 , AGCU,  105,  105,  105,  105,  105,  105,  105,  105,  105,  105,  105,  105,  105,  105,  105,  105,  105,  105,  105,  105,  105,  105,  105,  105
CHIVOR3 , AGCU,  105,  105,  105,  105,  105,  105,  105,  105,  105,  105,  105,  105,  105,  105,  105,  105,  105,  105,  105,  105,  105,  105,  105,  105
CHIVOR4 , AGCU,  105,  105,  105,  105,  105,  105,  105,  105,  105,  105,  105,  105,  105,  105,  105,  105,  105,  105,  105,  105,  105,  105,  105,  105
CHIVOR5 , AGCU,  105,  105,  105,  105,  105,  105,  105,  105,  105,  105,  105,  105,  105,  105,  105,  105,  105,  105,  105,  105,  105,  105,  105,  105
CHIVOR6 , AGCU,  105,  105,  105,  105,  105,  105,  105,  105,  105,  105,  105,  105,  105,  105,  105,  105,  105,  105,  105,  105,  105,  105,  105,  105
CHIVOR7 , AGCU,  105,  105,  105,  105,  105,  105,  105,  105,  105,  105,  105,  105,  105,  105,  105,  105,  105,  105,  105,  105,  105,  105,  105,  105
CHIVOR8 , AGCU,  105,  105,  105,  105,  105,  105,  105,  105,  105,  105,  105,  105,  105,  105,  105,  105,  105,  105,  105,  105,  105,  105,  105,  105
TUNJITA , D,  19.60,  19.60,  19.60,  19.60,  19.60,  19.60,  19.60,  19.60,  19.60,  19.60,  19.60,  19.60,  19.60,  19.60,  19.60,  19.60,  19.60,  19.60,  19.60,  19.60,  19.60,  19.60,  19.60,  19.60


AGENTE: AURES BAJO
AURESBAJO1 , D,  6.00,  6.00,  6.00,  6.00,  6.00,  6.00,  5.50,  5.50,  5.50,  5.50,  5.50,  5.50,  5.50,  5.50,  5.50,  5.00,  5.00,  5.00,  5.00,  5.00,  5.00,  6.00,  6.00,  6.00
AURESBAJO2 , D,  0.00,  0.00,  0.00,  0.00,  0.00,  0.00,  0.00,  0.00,  0.00,  0.00,  0.00,  0.00,  0.00,  0.00,  0.00,  0.00,  0.00,  0.00,  0.00,  0.00,  0.00,  0.00,  0.00,  0.00


AGENTE: AXIA ENERGIA
AUTOGUNIBOL , D,  1.00,  1.00,  1.00,  1.00,  1.00,  1.00,  1.00,  1.00,  1.00,  1.00,  1.00,  1.00,  1.00,  1.00,  1.00,  1.00,  1.00,  1.00,  1.00,  1.00,  1.00,  1.00,  1.00,  1.00
AUTOGFAMILIA , D,  1.00,  1.00,  1.00,  1.00,  1.00,  1.00,  1.00,  1.00,  1.00,  1.00,  1.00,  1.00,  1.00,  1.00,  1.00,  1.00,  1.00,  1.00,  1.00,  1.00,  1.00,  1.00,  1.00,  1.00


AGENTE: BIOGAS DOÑA JUANA
DOÑAJUANA , D,  0.25,  0.25,  0.25,  0.25,  0.25,  0.25,  0.25,  0.25,  0.25,  0.25,  0.25,  0.25,  0.25,  0.25,  0.25,  0.25,  0.25,  0.25,  0.25,  0.25,  0.25,  0.25,  0.25,  0.25


AGENTE: C.T. EL MORRO 2
CIMARRON , D,  19.00,  19.00,  19.00,  19.00,  19.00,  19.00,  19.00,  19.00,  19.00,  19.00,  19.00,  19.00,  19.00,  19.00,  19.00,  19.00,  19.00,  19.00,  19.00,  19.00,  19.00,  19.00,  19.00,  19.00
ELMORRO2 , D,  19.00,  19.00,  19.00,  19.00,  19.00,  19.00,  19.00,  19.00,  19.00,  19.00,  19.00,  19.00,  19.00,  19.00,  19.00,  19.00,  19.00,  19.00,  19.00,  19.00,  19.00,  19.00,  19.00,  19.00
ELMORRO1 , D,  19.90,  19.90,  19.90,  19.90,  19.90,  19.90,  19.90,  19.90,  19.90,  19.90,  19.90,  19.90,  19.90,  19.90,  19.90,  19.90,  19.90,  19.90,  19.90,  19.90,  19.90,  19.90,  19.90,  19.90


AGENTE: CANTAYÚS
CANTAYUS1 , D,  2.16,  2.16,  2.16,  2.16,  2.16,  2.16,  2.16,  2.16,  2.16,  2.16,  2.16,  2.16,  2.16,  2.16,  2.16,  2.16,  2.16,  2.16,  2.16,  2.16,  2.16,  2.16,  2.16,  2.16
CANTAYUS2 , D,  2.16,  2.16,  2.16,  2.16,  2.16,  2.16,  2.16,  2.16,  2.16,  2.16,  2.16,  2.16,  2.16,  2.16,  2.16,  2.16,  2.16,  2.16,  2.16,  2.16,  2.16,  2.16,  2.16,  2.16


AGENTE: CASCADA
SANMIGUEL1 , D,  25,  25,  25,  25,  25,  25,  25,  25,  25,  25,  25,  25,  25,  25,  25,  25,  25,  25,  25,  25,  25,  25,  25,  25
SANMIGUEL2 , D,  25,  25,  25,  25,  25,  25,  25,  25,  25,  25,  25,  25,  25,  25,  25,  25,  25,  25,  25,  25,  25,  25,  25,  25
ELPOPAL1 , D,  9.95,  9.95,  9.95,  9.95,  9.95,  9.95,  9.95,  9.95,  9.95,  9.95,  9.95,  9.95,  9.95,  9.95,  9.95,  9.95,  9.95,  9.95,  9.95,  9.95,  9.95,  9.95,  9.95,  9.95
ELPOPAL2 , D,  9.95,  9.95,  9.95,  9.95,  9.95,  9.95,  9.95,  9.95,  9.95,  9.95,  9.95,  9.95,  9.95,  9.95,  9.95,  9.95,  9.95,  9.95,  9.95,  9.95,  9.95,  9.95,  9.95,  9.95
ELMOLINO1 , D,  9.95,  9.95,  9.95,  9.95,  9.95,  9.95,  9.95,  9.95,  9.95,  9.95,  9.95,  9.95,  9.95,  9.95,  9.95,  9.95,  9.95,  9.95,  9.95,  9.95,  9.95,  9.95,  9.95,  9.95
ELMOLINO2 , D,  9.95,  9.95,  9.95,  9.95,  9.95,  9.95,  9.95,  9.95,  9.95,  9.95,  9.95,  9.95,  9.95,  9.95,  9.95,  9.95,  9.95,  9.95,  9.95,  9.95,  9.95,  9.95,  9.95,  9.95
SANMATIAS1 , D,  9.95,  9.95,  9.95,  9.95,  9.95,  9.95,  9.95,  9.95,  9.95,  9.95,  9.95,  9.95,  9.95,  9.95,  9.95,  9.95,  9.95,  9.95,  9.95,  9.95,  9.95,  9.95,  9.95,  9.95
SANMATIAS2 , D,  9.95,  9.95,  9.95,  9.95,  9.95,  9.95,  9.95,  9.95,  9.95,  9.95,  9.95,  9.95,  9.95,  9.95,  9.95,  9.95,  9.95,  9.95,  9.95,  9.95,  9.95,  9.95,  9.95,  9.95
LACASCADA(ANTIOQUIA) , D,  2.30,  2.30,  2.30,  2.30,  2.30,  2.30,  2.30,  2.30,  2.30,  2.30,  2.30,  2.30,  2.30,  2.30,  2.30,  2.30,  2.30,  2.30,  2.30,  2.30,  2.30,  2.30,  2.30,  2.30
CARUQUIA , D,  9.50,  9.50,  9.50,  9.50,  9.50,  9.50,  9.50,  9.50,  9.50,  9.50,  9.50,  9.50,  9.50,  9.50,  9.50,  9.50,  9.50,  9.50,  9.50,  9.50,  9.50,  9.50,  9.50,  9.50
GUANAQUITAS , D,  9.50,  9.50,  9.50,  9.50,  9.50,  9.50,  9.50,  9.50,  9.50,  9.50,  9.50,  9.50,  9.50,  9.50,  9.50,  9.50,  9.50,  9.50,  9.50,  9.50,  9.50,  9.50,  9.50,  9.50
BARROSO , D,  19.90,  19.90,  19.90,  19.90,  19.90,  19.90,  19.90,  19.90,  19.90,  19.90,  19.90,  19.90,  19.90,  19.90,  19.90,  19.90,  19.90,  19.90,  19.90,  19.90,  19.90,  19.90,  19.90,  19.90


AGENTE: CCG ENERGY SAS ESP
PATICO-LACABRERA , D,  1.30,  1.30,  1.30,  1.30,  1.30,  1.30,  1.30,  1.30,  1.30,  1.30,  1.30,  1.30,  1.30,  1.30,  1.30,  1.30,  1.30,  1.30,  1.30,  1.30,  1.30,  1.30,  1.30,  1.30


AGENTE: CEDENAR
RIOMAYO1 , D,  6.80,  6.80,  6.80,  6.80,  6.80,  6.80,  6.80,  6.80,  6.80,  6.80,  6.80,  6.80,  6.80,  6.80,  6.80,  6.80,  6.80,  6.80,  6.80,  6.80,  6.80,  6.80,  6.80,  6.80
RIOMAYO2 , D,  6.80,  6.80,  6.80,  6.80,  6.80,  6.80,  6.80,  6.80,  6.80,  6.80,  6.80,  6.80,  0.00,  0.00,  0.00,  0.00,  6.80,  6.80,  6.80,  6.80,  6.80,  6.80,  6.80,  6.80
RIOMAYO3 , D,  0.00,  0.00,  0.00,  0.00,  0.00,  0.00,  0.00,  0.00,  0.00,  0.00,  0.00,  0.00,  0.00,  0.00,  0.00,  0.00,  0.00,  0.00,  0.00,  0.00,  0.00,  0.00,  0.00,  0.00
RIOSAPUYES , D,  0.20,  0.20,  0.20,  0.20,  0.20,  0.20,  0.20,  0.20,  0.20,  0.20,  0.20,  0.20,  0.20,  0.20,  0.20,  0.20,  0.20,  0.20,  0.20,  0.20,  0.20,  0.20,  0.20,  0.20
JULIOBRAVO , D,  0.00,  0.00,  0.00,  0.00,  0.00,  0.00,  0.00,  0.00,  0.00,  0.00,  0.00,  0.00,  0.00,  0.00,  0.00,  0.00,  0.00,  0.00,  0.00,  0.00,  0.00,  0.00,  0.00,  0.00
RIOBOBO , D,  1.05,  1.05,  1.05,  1.05,  1.05,  1.05,  1.05,  1.05,  1.05,  1.05,  1.05,  1.05,  1.05,  1.05,  1.05,  1.05,  1.05,  1.05,  1.05,  1.05,  1.05,  1.05,  1.05,  1.05


AGENTE: CEMEX ENERGY
SUEVA2 , D,  3.47,  3.47,  3.47,  3.47,  3.47,  3.47,  3.47,  3.47,  3.47,  3.47,  3.47,  3.47,  3.47,  3.47,  3.47,  3.47,  3.47,  3.47,  3.47,  3.47,  3.47,  3.47,  3.47,  3.47
BIOENERGY , D,  0.00,  0.00,  0.00,  0.00,  0.00,  0.00,  0.00,  0.00,  0.00,  0.00,  0.00,  0.00,  0.00,  0.00,  0.00,  0.00,  0.00,  0.00,  0.00,  0.00,  0.00,  0.00,  0.00,  0.00


AGENTE: CES
PAIPA4 , P,  129097
PAIPA4 , PAP1, 55454603
PAIPA4 , PAPUSD1, 16496
PAIPA4 , D,  160,  160,  160,  160,  160,  160,  160,  160,  160,  160,  160,  160,  160,  160,  160,  160,  160,  160,  160,  160,  160,  160,  160,  160
PAIPA4 , CONF,  1
PAIPA4 , C,  CARBON


AGENTE: CETSA(TULUA)
RIOFRIOII1 , D,  1.00,  1.00,  1.00,  1.00,  1.00,  1.00,  1.00,  1.00,  1.00,  1.00,  1.00,  1.00,  1.00,  1.00,  1.00,  1.00,  1.00,  1.00,  1.00,  1.00,  1.00,  1.00,  1.00,  1.00
RIOFRIOII2 , D,  1.00,  1.00,  1.00,  1.00,  1.00,  1.00,  1.00,  1.00,  1.00,  1.00,  1.00,  1.00,  1.00,  1.00,  1.00,  1.00,  1.00,  1.00,  1.00,  1.00,  1.00,  1.00,  1.00,  1.00
RIOFRIOI , D,  1.00,  1.00,  1.00,  1.00,  1.00,  1.00,  1.00,  1.00,  1.00,  1.00,  1.00,  1.00,  1.00,  1.00,  1.00,  1.00,  1.00,  1.00,  1.00,  1.00,  1.00,  1.00,  1.00,  1.00
RUMOR , D,  1.00,  1.00,  1.00,  1.00,  1.00,  1.00,  0.00,  1.00,  1.00,  1.00,  1.00,  1.00,  1.00,  1.00,  1.00,  1.00,  1.00,  1.00,  1.00,  1.00,  1.00,  1.00,  1.00,  1.00


AGENTE: CH EL EDEN
ELEDÉN , D,  1.50,  1.50,  1.50,  1.50,  1.50,  1.50,  1.50,  5.00,  1.50,  1.50,  1.50,  1.50,  1.50,  1.50,  1.50,  1.50,  1.50,  5.00,  5.00,  5.00,  5.00,  5.00,  1.50,  2.50


AGENTE: CHC S.A.S. E.S.P.
MAGALLO , D,  5.70,  5.70,  5.70,  5.70,  5.70,  5.70,  5.70,  5.70,  5.70,  5.70,  5.70,  5.70,  5.70,  5.70,  5.70,  5.70,  5.70,  5.70,  5.70,  5.70,  5.70,  5.70,  5.70,  5.70


AGENTE: DICELER 
INGENIOSANCARLOS1 , D,  0.00,  0.00,  0.00,  0.00,  0.00,  0.00,  0.00,  0.00,  0.00,  0.00,  0.00,  0.00,  0.00,  0.00,  0.00,  0.00,  0.00,  0.00,  0.00,  0.00,  0.00,  0.00,  0.00,  0.00


AGENTE: EEP(PEREIRA)
NUEVOLIBARE , D,  0.00,  0.00,  0.00,  0.00,  0.00,  0.00,  0.00,  0.00,  0.00,  0.00,  0.00,  0.00,  0.00,  0.00,  0.00,  0.00,  0.00,  0.00,  0.00,  0.00,  0.00,  0.00,  0.00,  0.00
BELMONTE , D,  0.60,  0.60,  0.60,  0.60,  0.60,  0.60,  0.60,  0.60,  0.60,  0.60,  0.60,  0.60,  0.60,  0.60,  0.60,  0.60,  0.60,  0.60,  0.60,  0.60,  0.60,  0.60,  0.60,  0.60
INGENIORISARALDA1 , D,  15.00,  15.00,  15.00,  15.00,  15.00,  15.00,  15.00,  15.00,  15.00,  15.00,  15.00,  15.00,  15.00,  15.00,  15.00,  15.00,  15.00,  15.00,  15.00,  15.00,  15.00,  15.00,  15.00,  15.00


AGENTE: EEPPM
ESMERALDA1 , D,  7,  7,  7,  7,  7,  7,  7,  7,  7,  7,  7,  7,  7,  7,  7,  7,  7,  7,  7,  7,  7,  7,  7,  7
ESMERALDA2 , D,  7,  7,  7,  7,  7,  7,  7,  7,  7,  7,  7,  7,  7,  7,  7,  7,  7,  7,  7,  7,  7,  7,  7,  7
GUATAPE , P,  72569
GUATAPE1 , D,  70,  70,  70,  70,  70,  70,  70,  70,  70,  70,  70,  70,  70,  70,  70,  70,  70,  70,  70,  70,  70,  70,  70,  70
GUATAPE2 , D,  70,  70,  70,  70,  70,  70,  70,  70,  70,  70,  70,  70,  70,  70,  70,  70,  70,  70,  70,  70,  70,  70,  70,  70
GUATAPE3 , D,  0,  0,  0,  0,  0,  0,  0,  0,  0,  0,  0,  0,  0,  0,  0,  0,  0,  70,  70,  70,  70,  70,  70,  70
GUATAPE4 , D,  70,  70,  70,  70,  70,  70,  70,  70,  70,  70,  70,  70,  70,  70,  70,  70,  70,  70,  70,  70,  70,  70,  70,  70
GUATAPE5 , D,  70,  70,  70,  70,  70,  70,  70,  70,  70,  70,  70,  70,  70,  70,  70,  70,  70,  70,  70,  70,  70,  70,  70,  70
GUATAPE6 , D,  70,  70,  70,  70,  70,  70,  70,  70,  70,  70,  70,  70,  70,  70,  70,  70,  70,  70,  70,  70,  70,  70,  70,  70
GUATAPE7 , D,  70,  70,  70,  70,  70,  70,  70,  70,  70,  70,  70,  70,  70,  70,  70,  70,  70,  70,  70,  70,  70,  70,  70,  70
GUATAPE8 , D,  70,  70,  70,  70,  70,  70,  70,  70,  70,  70,  70,  70,  70,  70,  70,  70,  70,  70,  70,  70,  70,  70,  70,  70
GUATAPE , AGCP,  0,  490,  490,  490,  490,  0,  0,  0,  0,  0,  0,  0,  0,  0,  0,  0,  0,  0,  0,  0,  0,  0,  0,  0
GUATAPE1 , AGCU,  70,  70,  70,  70,  70,  70,  70,  70,  70,  70,  70,  70,  70,  70,  70,  70,  70,  70,  70,  70,  70,  70,  70,  70
GUATAPE2 , AGCU,  70,  70,  70,  70,  70,  70,  70,  70,  70,  70,  70,  70,  70,  70,  70,  70,  70,  70,  70,  70,  70,  70,  70,  70
GUATAPE3 , AGCU,  0,  0,  0,  0,  0,  0,  0,  0,  0,  0,  0,  0,  0,  0,  0,  0,  0,  70,  70,  70,  70,  70,  70,  70
GUATAPE4 , AGCU,  70,  70,  70,  70,  70,  70,  70,  70,  70,  70,  70,  70,  70,  70,  70,  70,  70,  70,  70,  70,  70,  70,  70,  70
GUATAPE5 , AGCU,  70,  70,  70,  70,  70,  70,  70,  70,  70,  70,  70,  70,  70,  70,  70,  70,  70,  70,  70,  70,  70,  70,  70,  70
GUATAPE6 , AGCU,  70,  70,  70,  70,  70,  70,  70,  70,  70,  70,  70,  70,  70,  70,  70,  70,  70,  70,  70,  70,  70,  70,  70,  70
GUATAPE7 , AGCU,  70,  70,  70,  70,  70,  70,  70,  70,  70,  70,  70,  70,  70,  70,  70,  70,  70,  70,  70,  70,  70,  70,  70,  70
GUATAPE8 , AGCU,  70,  70,  70,  70,  70,  70,  70,  70,  70,  70,  70,  70,  70,  70,  70,  70,  70,  70,  70,  70,  70,  70,  70,  70
LATASAJERA , P,  160000
LATASAJERA1 , D,  102,  102,  102,  102,  102,  102,  102,  102,  102,  102,  102,  102,  102,  102,  102,  102,  102,  102,  102,  102,  102,  102,  102,  102
LATASAJERA2 , D,  102,  102,  102,  102,  102,  102,  102,  102,  102,  102,  102,  102,  102,  102,  102,  102,  102,  102,  102,  102,  102,  102,  102,  102
LATASAJERA3 , D,  102,  102,  102,  102,  102,  102,  102,  102,  102,  102,  102,  102,  102,  102,  102,  102,  102,  102,  102,  102,  102,  102,  102,  102
LATASAJERA , AGCP,  204,  204,  204,  204,  204,  204,  204,  204,  204,  204,  204,  204,  204,  204,  204,  204,  204,  204,  204,  204,  204,  204,  204,  204
LATASAJERA2 , AGCU,  102,  102,  102,  102,  102,  102,  102,  102,  102,  102,  102,  102,  102,  102,  102,  102,  102,  102,  102,  102,  102,  102,  102,  102
LATASAJERA3 , AGCU,  102,  102,  102,  102,  102,  102,  102,  102,  102,  102,  102,  102,  102,  102,  102,  102,  102,  102,  102,  102,  102,  102,  102,  102
PLAYAS , P,  77820
PLAYAS1 , D,  69,  69,  69,  69,  69,  69,  69,  69,  69,  69,  69,  69,  69,  69,  69,  69,  69,  69,  69,  69,  69,  69,  69,  69
PLAYAS2 , D,  69,  69,  69,  69,  69,  69,  69,  69,  69,  69,  69,  69,  69,  69,  69,  69,  69,  69,  69,  69,  69,  69,  69,  69
PLAYAS3 , D,  69,  69,  69,  69,  69,  69,  69,  69,  69,  69,  69,  69,  69,  69,  69,  69,  69,  69,  69,  69,  69,  69,  69,  69
SANFRANCISCO1 , D,  0,  0,  0,  0,  0,  0,  0,  0,  0,  0,  0,  0,  0,  0,  0,  0,  0,  0,  0,  0,  0,  0,  0,  0
SANFRANCISCO2 , D,  0,  0,  0,  0,  0,  0,  0,  0,  0,  0,  0,  0,  0,  0,  0,  0,  0,  0,  0,  0,  0,  0,  0,  0
SANFRANCISCO3 , D,  0,  0,  0,  0,  0,  0,  0,  45,  45,  45,  45,  45,  0,  0,  0,  0,  0,  45,  45,  45,  45,  45,  0,  0
GUATRON , P,  210000
GUADALUPE31 , D,  45,  45,  45,  45,  45,  45,  45,  45,  45,  45,  45,  45,  45,  45,  45,  45,  45,  45,  45,  45,  45,  45,  45,  45
GUADALUPE32 , D,  45,  45,  45,  45,  45,  45,  45,  45,  45,  45,  45,  45,  45,  45,  45,  45,  45,  45,  45,  45,  45,  45,  45,  45
GUADALUPE33 , D,  45,  45,  45,  45,  45,  45,  45,  45,  45,  45,  45,  45,  45,  45,  45,  45,  45,  45,  45,  45,  45,  45,  45,  45
GUADALUPE34 , D,  45,  45,  45,  45,  45,  45,  45,  45,  45,  45,  45,  45,  45,  45,  45,  45,  45,  45,  45,  45,  45,  45,  45,  45
GUADALUPE35 , D,  45,  45,  45,  45,  45,  45,  45,  45,  45,  45,  45,  45,  45,  45,  45,  45,  45,  45,  45,  45,  45,  45,  45,  45
GUADALUPE36 , D,  45,  45,  45,  45,  45,  45,  45,  45,  45,  45,  45,  45,  45,  45,  45,  45,  45,  45,  45,  45,  45,  45,  45,  45
GUADALUPE41 , D,  67,  67,  67,  67,  67,  67,  67,  67,  67,  67,  67,  67,  67,  67,  67,  67,  67,  67,  67,  67,  67,  67,  67,  67
GUADALUPE42 , D,  67,  67,  67,  67,  67,  67,  67,  67,  67,  67,  67,  67,  67,  67,  67,  67,  67,  67,  67,  67,  67,  67,  67,  67
GUADALUPE43 , D,  68,  68,  68,  68,  68,  68,  68,  68,  68,  68,  68,  68,  68,  68,  68,  68,  68,  68,  68,  68,  68,  68,  68,  68
TRONERAS1 , D,  20,  20,  20,  20,  20,  20,  20,  20,  20,  20,  20,  20,  20,  20,  20,  20,  20,  20,  20,  20,  20,  20,  20,  20
TRONERAS2 , D,  20,  20,  20,  20,  20,  20,  20,  20,  20,  20,  20,  20,  20,  20,  20,  20,  20,  20,  20,  20,  20,  20,  20,  20
GUATRON , MO,  0,  0,  0,  0,  0,  0,  0,  0,  0,  0,  0,  0,  0,  0,  0,  0,  0,  0,  0,  0,  0,  0,  0,  0
PORCEII , P,  220000
PORCEII1 , D,  135,  135,  135,  135,  135,  135,  135,  135,  135,  135,  135,  135,  135,  135,  135,  135,  135,  135,  135,  135,  135,  135,  135,  135
PORCEII2 , D,  135,  135,  135,  135,  135,  135,  135,  135,  135,  135,  135,  135,  135,  135,  135,  135,  135,  135,  135,  135,  135,  135,  135,  135
PORCEII3 , D,  135,  135,  135,  135,  135,  135,  135,  135,  135,  135,  135,  135,  135,  135,  135,  135,  135,  135,  135,  135,  135,  135,  135,  135
PORCEII , AGCP,  58,  58,  58,  58,  58,  58,  58,  58,  58,  58,  58,  58,  58,  58,  58,  58,  58,  58,  58,  58,  58,  58,  58,  58
PORCEII1 , AGCU,  58,  58,  58,  58,  58,  58,  58,  58,  58,  58,  58,  58,  58,  58,  58,  58,  58,  58,  58,  58,  58,  58,  58,  58
PORCEII2 , AGCU,  0,  0,  0,  0,  0,  0,  0,  0,  0,  0,  0,  0,  0,  0,  0,  0,  0,  0,  0,  0,  0,  0,  0,  0
PORCEIII , P,  78000
PORCEIII4 , D,  175,  175,  175,  175,  175,  175,  175,  175,  175,  175,  175,  175,  175,  175,  175,  175,  175,  175,  175,  175,  175,  175,  175,  175
PORCEIII3 , D,  175,  175,  175,  175,  175,  175,  175,  175,  175,  175,  175,  175,  175,  175,  175,  175,  175,  175,  175,  175,  175,  175,  175,  175
PORCEIII2 , D,  175,  175,  175,  175,  175,  175,  175,  175,  175,  175,  175,  175,  175,  175,  175,  175,  175,  175,  175,  175,  175,  175,  175,  175
PORCEIII1 , D,  175,  175,  175,  175,  175,  175,  175,  175,  175,  175,  175,  175,  175,  175,  175,  175,  175,  175,  175,  175,  175,  175,  175,  175
PORCEIII , AGCP,  0,  0,  0,  0,  0,  0,  0,  0,  0,  0,  0,  0,  0,  0,  0,  0,  0,  0,  0,  0,  0,  0,  0,  0
PORCEIII4 , AGCU,  0,  0,  0,  0,  0,  0,  0,  0,  0,  0,  0,  0,  0,  0,  0,  0,  0,  0,  0,  0,  0,  0,  0,  0
PORCEIII3 , AGCU,  0,  0,  0,  0,  0,  0,  0,  0,  0,  0,  0,  0,  0,  0,  0,  0,  0,  0,  0,  0,  0,  0,  0,  0
TERMOSIERRAB , P,  653971
TERMOSIERRAB , PAP1, 84866116
TERMOSIERRAB , PAP2, 193855792
TERMOSIERRAB , PAP3, 125966261
TERMOSIERRAB , PAP4, 269588170
TERMOSIERRAB , PAP5, 233950788
TERMOSIERRAB , PAP6, 423799434
TERMOSIERRAB , PAP7, 732598472
TERMOSIERRAB , PAP8, 463161579
TERMOSIERRAB , PAP9, 803533704
TERMOSIERRAB , PAP10, 794033540
TERMOSIERRAB , PAP11, 491766284
TERMOSIERRAB , PAP12, 491766284
TERMOSIERRAB , PAP13, 457940859
TERMOSIERRAB , PAP14, 445509292
TERMOSIERRAB , PAPUSD1, 25245
TERMOSIERRAB , PAPUSD2, 57666
TERMOSIERRAB , PAPUSD3, 37471
TERMOSIERRAB , PAPUSD4, 80194
TERMOSIERRAB , PAPUSD5, 69593
TERMOSIERRAB , PAPUSD6, 126067
TERMOSIERRAB , PAPUSD7, 217925
TERMOSIERRAB , PAPUSD8, 137776
TERMOSIERRAB , PAPUSD9, 239026
TERMOSIERRAB , PAPUSD10, 236200
TERMOSIERRAB , PAPUSD11, 146285
TERMOSIERRAB , PAPUSD12, 146285
TERMOSIERRAB , PAPUSD13, 136223
TERMOSIERRAB , PAPUSD14, 132525
TERMOSIERRAB , D,  353,  353,  353,  353,  353,  353,  353,  353,  353,  353,  353,  353,  353,  353,  353,  353,  353,  353,  353,  353,  353,  353,  353,  353
TERMOSIERRAB , CONF,  9
TERMOSIERRAB , C,  ACPM
TERMODORADA1 , P,  898772
TERMODORADA1 , PAP1, 22745262
TERMODORADA1 , PAP2, 24241219
TERMODORADA1 , PAP3, 24258027
TERMODORADA1 , PAPUSD1, 6766
TERMODORADA1 , PAPUSD2, 7211
TERMODORADA1 , PAPUSD3, 7216
TERMODORADA1 , D,  23,  23,  23,  23,  23,  23,  23,  23,  23,  23,  23,  23,  23,  23,  23,  23,  23,  23,  23,  23,  23,  23,  23,  23
TERMODORADA1 , CONF,  3
TERMODORADA1 , C,  ACPM
INSULA1 , D,  0.00,  0.00,  0.00,  0.00,  0.00,  0.00,  0.00,  0.00,  0.00,  0.00,  0.00,  0.00,  0.00,  0.00,  0.00,  0.00,  0.00,  0.00,  0.00,  0.00,  0.00,  0.00,  0.00,  0.00
INSULA2 , D,  6.00,  6.00,  6.00,  6.00,  6.00,  6.00,  6.00,  6.00,  6.00,  6.00,  6.00,  6.00,  6.00,  6.00,  6.00,  6.00,  6.00,  6.00,  6.00,  6.00,  6.00,  6.00,  6.00,  6.00
INSULA3 , D,  0.00,  0.00,  0.00,  0.00,  0.00,  0.00,  0.00,  0.00,  0.00,  0.00,  0.00,  0.00,  0.00,  0.00,  0.00,  0.00,  0.00,  0.00,  0.00,  0.00,  0.00,  0.00,  0.00,  0.00
LAHERRADURA1 , D,  7.50,  7.50,  7.50,  7.50,  7.50,  7.50,  7.50,  7.50,  7.50,  7.50,  7.50,  7.50,  7.50,  7.50,  7.50,  7.50,  7.50,  7.50,  7.50,  7.50,  7.50,  7.50,  7.50,  7.50
LAHERRADURA2 , D,  0.00,  0.00,  0.00,  0.00,  0.00,  0.00,  0.00,  0.00,  0.00,  0.00,  0.00,  0.00,  0.00,  0.00,  0.00,  0.00,  0.00,  0.00,  0.00,  0.00,  0.00,  0.00,  0.00,  0.00
PAJARITO1 , D,  2.20,  2.20,  2.20,  2.20,  2.20,  2.20,  2.20,  2.20,  2.20,  2.20,  2.20,  2.20,  2.20,  2.20,  2.20,  2.20,  2.20,  2.20,  2.20,  2.20,  2.20,  2.20,  2.20,  2.20
PAJARITO2 , D,  6.90,  6.90,  6.90,  6.90,  6.90,  6.90,  6.90,  6.90,  6.90,  6.90,  6.90,  6.90,  6.90,  6.90,  6.90,  6.90,  6.90,  6.90,  6.90,  6.90,  6.90,  6.90,  6.90,  6.90
CAMPESTRE(EPM) , D,  0.00,  0.00,  0.00,  0.00,  0.00,  0.00,  0.00,  0.00,  0.00,  0.00,  0.00,  0.00,  0.00,  0.00,  0.00,  0.00,  0.00,  0.00,  0.00,  0.00,  0.00,  0.00,  0.00,  0.00
MANANTIALES , D,  1.82,  1.82,  1.82,  1.82,  1.82,  1.82,  1.82,  1.82,  1.82,  1.82,  1.82,  1.82,  1.82,  1.82,  1.82,  1.82,  1.82,  1.82,  1.82,  1.82,  1.82,  1.82,  1.82,  1.82
AUTGCEMENTOSDELNARE , D,  4.90,  4.90,  4.90,  4.90,  4.90,  4.90,  4.90,  5.20,  5.20,  5.20,  5.20,  5.20,  5.20,  5.20,  3.30,  3.60,  3.60,  3.60,  3.60,  3.60,  3.60,  3.60,  5.50,  4.90
LAVUELTA , D,  2.30,  2.30,  2.30,  2.30,  2.30,  2.30,  2.30,  2.30,  2.30,  2.30,  2.30,  2.30,  2.30,  2.30,  2.30,  2.30,  2.30,  2.30,  2.30,  2.30,  2.30,  2.30,  2.30,  2.30
CARACOLI , D,  2.30,  2.30,  2.30,  2.30,  2.30,  2.30,  2.30,  2.30,  2.30,  2.30,  2.30,  2.30,  2.30,  2.30,  2.30,  2.30,  2.30,  2.30,  2.30,  2.30,  2.30,  2.30,  2.30,  2.30
RIOGRANDEI , D,  0.00,  0.00,  0.00,  0.00,  0.00,  0.00,  0.00,  0.00,  0.00,  0.00,  0.00,  0.00,  0.00,  0.00,  0.00,  0.00,  0.00,  0.00,  0.00,  0.00,  0.00,  0.00,  0.00,  0.00
SONSON , D,  10.00,  10.00,  10.00,  10.00,  10.00,  10.00,  10.00,  10.00,  10.00,  10.00,  10.00,  10.00,  10.00,  10.00,  10.00,  10.00,  10.00,  10.00,  10.00,  10.00,  10.00,  10.00,  10.00,  10.00
SANJOSEDELAMONTAÑA , D,  0.00,  0.00,  0.00,  0.00,  0.00,  0.00,  0.00,  0.00,  0.00,  0.00,  0.00,  0.00,  0.00,  0.00,  0.00,  0.00,  0.00,  0.00,  0.00,  0.00,  0.00,  0.00,  0.00,  0.00
RIOFRIO(TAMESIS) , D,  0.68,  0.68,  0.68,  0.68,  0.68,  0.68,  0.68,  0.68,  0.68,  0.68,  0.68,  0.68,  0.68,  0.68,  0.68,  0.68,  0.68,  0.68,  0.68,  0.68,  0.68,  0.68,  0.68,  0.68
GUACAICA , D,  0.45,  0.45,  0.45,  0.45,  0.45,  0.45,  0.45,  0.45,  0.45,  0.45,  0.45,  0.45,  0.45,  0.45,  0.45,  0.45,  0.45,  0.45,  0.45,  0.45,  0.45,  0.45,  0.45,  0.45
INTERMEDIA , D,  0.00,  0.00,  0.00,  0.00,  0.00,  0.00,  0.00,  0.00,  0.00,  0.00,  0.00,  0.00,  0.00,  0.00,  0.00,  0.00,  0.00,  0.45,  0.45,  0.45,  0.45,  0.45,  0.45,  0.45
SANCANCIO , D,  0.00,  0.00,  0.00,  0.00,  0.00,  0.00,  0.00,  0.00,  0.00,  0.00,  0.00,  0.00,  0.00,  0.00,  0.00,  0.00,  0.00,  0.00,  0.00,  0.00,  0.00,  0.00,  0.00,  0.00
NIQUIA , D,  14.00,  14.00,  14.00,  14.00,  15.00,  15.00,  15.00,  15.00,  15.00,  15.00,  15.00,  15.00,  15.00,  15.00,  15.00,  15.00,  15.00,  15.00,  15.00,  15.00,  15.00,  15.00,  15.00,  15.00
NUTIBARA , D,  0.00,  0.00,  0.00,  0.00,  0.00,  0.00,  0.00,  0.00,  0.00,  0.00,  0.00,  0.00,  0.00,  0.00,  0.00,  0.00,  0.00,  0.00,  0.00,  0.00,  0.00,  0.00,  0.00,  0.00
CASCADA , D,  1.80,  1.80,  1.80,  1.80,  1.80,  1.80,  1.80,  1.80,  1.80,  1.80,  1.80,  1.80,  1.80,  1.80,  1.80,  1.80,  1.80,  1.80,  1.80,  1.80,  1.80,  1.80,  1.80,  1.80
PALMASSANGIL , D,  9.00,  9.00,  9.00,  9.00,  9.00,  9.00,  9.00,  9.00,  9.00,  9.00,  9.00,  9.00,  9.00,  9.00,  9.00,  9.00,  9.00,  9.00,  9.00,  9.00,  9.00,  9.00,  9.00,  9.00
RIOGRANDE , D,  0.30,  0.30,  0.30,  0.30,  0.30,  0.30,  0.30,  0.30,  0.30,  0.30,  0.30,  0.30,  0.30,  0.30,  0.30,  0.30,  0.30,  0.30,  0.30,  0.30,  0.30,  0.30,  0.30,  0.30
MUNICIPAL , D,  0.60,  0.60,  0.60,  0.60,  0.60,  0.60,  0.60,  0.60,  0.60,  0.60,  0.60,  0.60,  0.60,  0.60,  0.60,  0.60,  0.60,  0.60,  0.60,  0.60,  0.60,  0.60,  0.60,  0.60
AUTOGARGOSELCAIRO , D,  5.10,  5.10,  5.10,  5.10,  5.10,  5.10,  5.10,  5.10,  5.10,  5.10,  5.10,  5.10,  5.10,  5.10,  5.10,  5.10,  5.10,  5.10,  5.10,  5.10,  5.10,  5.10,  5.10,  5.10
PORCEIIIMENOR , D,  1.00,  1.00,  1.00,  1.00,  1.00,  1.00,  1.00,  1.00,  1.00,  1.00,  1.00,  1.00,  1.00,  1.00,  1.00,  1.00,  1.00,  1.00,  1.00,  1.00,  1.00,  1.00,  1.00,  1.00
COGENERADORCOLTEJER1 , D,  9.00,  9.00,  9.00,  9.00,  9.00,  9.00,  9.00,  9.00,  9.00,  9.00,  9.00,  9.00,  9.00,  9.00,  9.00,  9.00,  9.00,  9.00,  9.00,  9.00,  9.00,  9.00,  9.00,  9.00
JEPIRACHI1-15 , D,  6.91,  7.75,  7.73,  8.19,  9.58,  9.77,  8.52,  6.88,  8.85,  7.18,  7.15,  9.07,  10.60,  9.69,  9.77,  9.49,  8.71,  9.31,  8.10,  8.43,  8.57,  7.82,  6.03,  5.63
AUTOGARGOSSOGAMOSO , D,  0.50,  0.50,  0.50,  0.50,  0.50,  0.50,  0.50,  0.50,  0.50,  0.50,  0.50,  0.50,  0.50,  0.50,  0.50,  0.50,  0.50,  0.50,  0.50,  0.50,  0.50,  0.50,  0.50,  0.50
AUTOGCOCA-COLAFEMSA , D,  0.00,  0.00,  0.00,  0.00,  0.00,  0.00,  0.00,  0.00,  0.00,  0.00,  0.00,  0.00,  0.00,  0.00,  0.00,  0.00,  0.00,  0.00,  0.00,  0.00,  0.00,  0.00,  0.00,  0.00
AMERICA , D,  0.00,  0.00,  0.00,  0.00,  0.00,  0.00,  0.00,  0.00,  0.00,  0.00,  0.00,  0.00,  0.00,  0.00,  0.00,  0.00,  0.00,  0.00,  0.00,  0.00,  0.00,  0.00,  0.00,  0.00
AYURA , D,  0.00,  0.00,  0.00,  0.00,  0.00,  0.00,  0.00,  0.00,  0.00,  0.00,  0.00,  0.00,  0.00,  0.00,  0.00,  0.00,  0.00,  0.00,  0.00,  0.00,  0.00,  0.00,  0.00,  0.00
BELLO , D,  0.28,  0.28,  0.28,  0.28,  0.28,  0.28,  0.28,  0.28,  0.28,  0.28,  0.28,  0.28,  0.28,  0.28,  0.28,  0.28,  0.28,  0.28,  0.28,  0.28,  0.28,  0.28,  0.28,  0.28


AGENTE: ELECTROHUILA
IQUIRAI , D,  1.73,  2.16,  1.73,  2.16,  1.73,  1.94,  2.16,  1.73,  1.94,  2.16,  1.94,  1.94,  1.94,  1.73,  1.94,  2.16,  1.73,  1.73,  1.94,  1.94,  1.94,  1.94,  1.94,  1.73
IQUIRAII , D,  0.00,  0.00,  0.00,  0.00,  0.00,  0.00,  0.00,  0.00,  0.00,  0.00,  0.00,  0.00,  0.00,  0.00,  0.00,  0.00,  0.00,  0.00,  0.00,  0.00,  0.00,  0.00,  0.00,  0.00
LAPITA , D,  0.00,  0.00,  0.00,  0.00,  0.00,  0.00,  0.00,  0.00,  0.00,  0.00,  0.00,  0.00,  0.00,  0.00,  0.00,  0.00,  0.00,  0.00,  0.00,  0.00,  0.00,  0.00,  0.00,  0.00


AGENTE: EMEE(POPAYAN)
COCONUCO , D,  1.90,  1.90,  1.90,  1.90,  1.90,  1.90,  1.90,  1.90,  1.90,  1.90,  1.90,  1.90,  1.91,  1.90,  1.90,  1.90,  1.90,  1.90,  1.90,  1.90,  1.90,  1.90,  1.90,  1.90


AGENTE: EMGESA S.A.
BETANIA , P,  115000
BETANIA1 , D,  160,  160,  160,  160,  160,  160,  160,  160,  160,  160,  160,  160,  160,  160,  160,  160,  160,  160,  160,  160,  160,  160,  160,  160
BETANIA2 , D,  160,  160,  160,  160,  160,  160,  160,  160,  160,  160,  160,  160,  160,  160,  160,  160,  160,  160,  160,  160,  160,  160,  160,  160
BETANIA3 , D,  160,  160,  160,  160,  160,  160,  160,  160,  160,  160,  160,  160,  160,  160,  160,  160,  160,  160,  160,  160,  160,  160,  160,  160
BETANIA , MO,  60,  60,  60,  60,  60,  60,  60,  60,  60,  60,  60,  60,  60,  60,  60,  60,  60,  60,  60,  60,  60,  60,  60,  60
GUAVIO , P,  192000
GUAVIO1 , D,  248,  248,  248,  248,  248,  248,  248,  248,  248,  248,  248,  248,  248,  248,  248,  248,  248,  248,  248,  248,  248,  248,  248,  248
GUAVIO2 , D,  248,  248,  248,  248,  248,  248,  248,  248,  248,  248,  248,  248,  248,  248,  248,  248,  248,  248,  248,  248,  248,  248,  248,  248
GUAVIO3 , D,  248,  248,  248,  248,  248,  248,  248,  248,  248,  248,  248,  248,  248,  248,  248,  248,  248,  248,  248,  248,  248,  248,  248,  248
GUAVIO4 , D,  248,  248,  248,  248,  248,  248,  248,  248,  248,  248,  248,  248,  248,  248,  248,  248,  248,  248,  248,  248,  248,  248,  248,  248
GUAVIO5 , D,  248,  248,  248,  248,  248,  248,  248,  248,  248,  248,  248,  248,  248,  248,  248,  248,  248,  248,  248,  248,  248,  248,  248,  248
GUAVIO , AGCP,  0,  0,  0,  0,  0,  0,  0,  0,  0,  0,  0,  0,  0,  0,  0,  0,  0,  0,  0,  0,  0,  0,  0,  0
GUAVIO1 , AGCU,  188,  188,  188,  188,  188,  188,  188,  188,  188,  188,  188,  188,  188,  188,  188,  188,  188,  188,  188,  188,  188,  188,  188,  188
GUAVIO2 , AGCU,  188,  188,  188,  188,  188,  188,  188,  188,  188,  188,  188,  188,  188,  188,  188,  188,  188,  188,  188,  188,  188,  188,  188,  188
GUAVIO3 , AGCU,  188,  188,  188,  188,  188,  188,  188,  188,  188,  188,  188,  188,  188,  188,  188,  188,  188,  188,  188,  188,  188,  188,  188,  188
GUAVIO4 , AGCU,  188,  188,  188,  188,  188,  188,  188,  188,  188,  188,  188,  188,  188,  188,  188,  188,  188,  188,  188,  188,  188,  188,  188,  188
GUAVIO5 , AGCU,  188,  188,  188,  188,  188,  188,  188,  188,  188,  188,  188,  188,  188,  188,  188,  188,  188,  188,  188,  188,  188,  188,  188,  188
PAGUA , P,  310000
LAGUACA1 , D,  108,  108,  108,  108,  108,  108,  108,  108,  108,  108,  108,  108,  108,  108,  108,  108,  108,  108,  108,  108,  108,  108,  108,  108
LAGUACA2 , D,  108,  108,  108,  108,  108,  108,  108,  108,  108,  108,  108,  108,  108,  108,  108,  108,  108,  108,  108,  108,  108,  108,  108,  108
LAGUACA3 , D,  108,  108,  108,  108,  108,  108,  108,  0,  0,  0,  0,  0,  0,  0,  0,  0,  0,  0,  0,  0,  0,  0,  0,  0
PARAISO1 , D,  92,  92,  92,  92,  92,  92,  92,  92,  92,  92,  92,  92,  92,  92,  92,  92,  92,  92,  92,  92,  92,  92,  92,  92
PARAISO2 , D,  92,  92,  92,  92,  92,  92,  92,  0,  0,  0,  0,  0,  0,  0,  0,  0,  0,  0,  0,  0,  0,  0,  0,  0
PARAISO3 , D,  92,  92,  92,  92,  92,  92,  92,  92,  92,  92,  92,  92,  92,  92,  92,  92,  92,  92,  92,  92,  92,  92,  92,  92
PAGUA , AGCP,  0,  0,  0,  0,  0,  0,  0,  0,  0,  0,  0,  0,  0,  0,  0,  0,  0,  0,  0,  0,  0,  0,  0,  0
LAGUACA1 , AGCU,  68,  68,  68,  68,  68,  68,  68,  68,  68,  68,  68,  68,  68,  68,  68,  68,  68,  68,  68,  68,  68,  68,  68,  68
LAGUACA2 , AGCU,  68,  68,  68,  68,  68,  68,  68,  68,  68,  68,  68,  68,  68,  68,  68,  68,  68,  68,  68,  68,  68,  68,  68,  68
LAGUACA3 , AGCU,  68,  68,  68,  68,  68,  68,  68,  0,  0,  0,  0,  0,  0,  0,  0,  0,  0,  0,  0,  0,  0,  0,  0,  0
PARAISO1 , AGCU,  58,  58,  58,  58,  58,  58,  58,  58,  58,  58,  58,  58,  58,  58,  58,  58,  58,  58,  58,  58,  58,  58,  58,  58
PARAISO2 , AGCU,  58,  58,  58,  58,  58,  58,  58,  0,  0,  0,  0,  0,  0,  0,  0,  0,  0,  0,  0,  0,  0,  0,  0,  0
PARAISO3 , AGCU,  58,  58,  58,  58,  58,  58,  58,  58,  58,  58,  58,  58,  58,  58,  58,  58,  58,  58,  58,  58,  58,  58,  58,  58
ELQUIMBO , P,  72569
ELQUIMBO1 , D,  200,  200,  200,  200,  200,  200,  200,  200,  200,  200,  200,  200,  200,  200,  200,  200,  200,  200,  200,  200,  200,  200,  200,  200
ELQUIMBO2 , D,  200,  200,  200,  200,  200,  200,  200,  200,  200,  200,  200,  200,  200,  200,  200,  200,  200,  200,  200,  200,  200,  200,  200,  200
ELQUIMBO , AGCP,  0,  0,  0,  0,  0,  0,  0,  0,  0,  0,  0,  0,  0,  0,  0,  0,  0,  0,  0,  0,  0,  0,  0,  0
ELQUIMBO1 , AGCU,  100,  100,  100,  100,  100,  100,  100,  100,  100,  100,  100,  100,  100,  100,  100,  100,  100,  100,  100,  100,  100,  100,  100,  100
ELQUIMBO2 , AGCU,  100,  100,  100,  100,  100,  100,  100,  100,  100,  100,  100,  100,  100,  100,  100,  100,  100,  100,  100,  100,  100,  100,  100,  100
ELQUIMBO , MO,  100,  100,  100,  100,  100,  100,  100,  100,  100,  100,  100,  100,  100,  100,  100,  100,  100,  100,  100,  100,  100,  100,  100,  100
DARIOVALENCIASAMPER1 , D,  25,  25,  25,  25,  25,  0,  0,  0,  0,  0,  0,  0,  0,  0,  0,  0,  0,  25,  25,  25,  25,  25,  25,  25
DARIOVALENCIASAMPER2 , D,  20,  20,  20,  20,  20,  0,  0,  0,  0,  0,  0,  0,  0,  0,  0,  0,  0,  20,  20,  20,  20,  20,  20,  20
DARIOVALENCIASAMPER5 , D,  25,  25,  25,  25,  25,  5,  5,  5,  5,  5,  5,  5,  5,  5,  5,  5,  5,  25,  25,  25,  25,  25,  25,  25
SALTOII2 , D,  0,  0,  0,  0,  0,  0,  0,  0,  0,  0,  0,  0,  0,  0,  0,  0,  0,  0,  0,  0,  0,  0,  0,  0
ELPASOPANELES , D,  0,  0,  0,  0,  0,  1,  9,  25,  39,  48,  50,  50,  50,  50,  44,  29,  14,  3,  0,  0,  0,  0,  0,  0
ELPASOPANELES , PRU,  100,  100,  100,  100,  100,  100,  100,  100,  100,  100,  100,  100,  100,  100,  100,  100,  100,  100,  100,  100,  100,  100,  100,  100
CARTAGENA1 , P,  947623
CARTAGENA1 , PAP1, 63092386
CARTAGENA1 , PAP2, 63092386
CARTAGENA1 , PAPUSD1, 18768
CARTAGENA1 , PAPUSD2, 18768
CARTAGENA1 , D,  56,  56,  56,  56,  56,  56,  56,  56,  56,  56,  56,  56,  56,  56,  56,  56,  56,  56,  56,  56,  56,  56,  56,  56
CARTAGENA1 , CONF,  1
CARTAGENA1 , C,  COMBUSTOLEO
CARTAGENA2 , P,  911002
CARTAGENA2 , PAP1, 54446093
CARTAGENA2 , PAP2, 54446093
CARTAGENA2 , PAPUSD1, 16196
CARTAGENA2 , PAPUSD2, 16196
CARTAGENA2 , D,  62,  62,  62,  62,  62,  62,  62,  62,  62,  62,  62,  62,  62,  62,  62,  62,  62,  62,  62,  62,  62,  62,  62,  62
CARTAGENA2 , CONF,  1
CARTAGENA2 , C,  COMBUSTOLEO
CARTAGENA3 , P,  895611
CARTAGENA3 , PAP1, 62080514
CARTAGENA3 , PAP2, 62080514
CARTAGENA3 , PAPUSD1, 18467
CARTAGENA3 , PAPUSD2, 18467
CARTAGENA3 , D,  66,  66,  66,  66,  66,  66,  66,  66,  66,  66,  66,  66,  66,  66,  66,  66,  66,  66,  66,  66,  66,  66,  66,  66
CARTAGENA3 , CONF,  1
CARTAGENA3 , C,  COMBUSTOLEO
ZIPAEMG2 , P,  195828
ZIPAEMG2 , PAP1, 73799400
ZIPAEMG2 , PAPUSD1, 21953
ZIPAEMG2 , D,  35,  35,  35,  35,  35,  35,  35,  35,  35,  35,  35,  35,  35,  35,  35,  35,  35,  35,  35,  35,  35,  35,  35,  35
ZIPAEMG2 , CONF,  1
ZIPAEMG2 , C,  CARBON
ZIPAEMG3 , P,  212688
ZIPAEMG3 , PAP1, 88812752
ZIPAEMG3 , PAPUSD1, 26419
ZIPAEMG3 , D,  0,  0,  0,  0,  0,  0,  0,  0,  0,  0,  0,  0,  0,  0,  0,  0,  0,  0,  0,  0,  0,  0,  0,  0
ZIPAEMG3 , CONF,  1
ZIPAEMG3 , C,  CARBON
ZIPAEMG4 , P,  211381
ZIPAEMG4 , PAP1, 88812752
ZIPAEMG4 , PAPUSD1, 26419
ZIPAEMG4 , D,  64,  64,  64,  64,  64,  64,  64,  64,  64,  64,  64,  64,  64,  64,  64,  64,  64,  64,  64,  64,  64,  64,  64,  64
ZIPAEMG4 , CONF,  1
ZIPAEMG4 , C,  CARBON
ZIPAEMG4 , PRU,  9,  9,  9,  9,  9,  9,  9,  9,  9,  9,  9,  9,  9,  9,  9,  9,  9,  9,  9,  9,  9,  9,  9,  9
ZIPAEMG5 , P,  200678
ZIPAEMG5 , PAP1, 88812752
ZIPAEMG5 , PAPUSD1, 26419
ZIPAEMG5 , D,  63,  63,  63,  63,  63,  63,  63,  63,  63,  63,  63,  63,  63,  63,  63,  63,  63,  63,  63,  63,  63,  63,  63,  63
ZIPAEMG5 , CONF,  1
ZIPAEMG5 , C,  CARBON
ZIPAEMG5 , PRU,  9,  9,  9,  9,  9,  9,  9,  9,  9,  9,  9,  9,  9,  9,  9,  9,  9,  9,  9,  9,  9,  9,  9,  9
CHARQUITO , D,  7.00,  7.00,  7.00,  7.00,  7.00,  0.00,  0.00,  0.00,  0.00,  0.00,  0.00,  0.00,  0.00,  0.00,  0.00,  0.00,  0.00,  7.00,  7.00,  7.00,  7.00,  7.00,  7.00,  7.00
ELLIMONAR , D,  0.00,  0.00,  0.00,  0.00,  0.00,  0.00,  0.00,  0.00,  0.00,  0.00,  0.00,  0.00,  0.00,  0.00,  0.00,  0.00,  0.00,  0.00,  0.00,  0.00,  0.00,  0.00,  0.00,  0.00
RIONEGRO , D,  4.80,  4.80,  4.80,  4.80,  4.80,  4.80,  4.80,  4.80,  4.80,  4.80,  4.80,  4.80,  4.80,  4.80,  4.80,  4.80,  4.80,  4.80,  4.80,  4.80,  4.80,  4.80,  4.80,  4.80
SANTAANA , D,  0.00,  0.00,  0.00,  0.00,  0.00,  0.00,  0.00,  0.00,  0.00,  0.00,  0.00,  0.00,  0.00,  0.00,  0.00,  0.00,  0.00,  0.00,  0.00,  0.00,  0.00,  0.00,  0.00,  0.00
SUBA , D,  0.00,  0.00,  0.00,  0.00,  0.00,  0.00,  0.00,  0.00,  0.00,  0.00,  0.00,  0.00,  0.00,  0.00,  0.00,  0.00,  0.00,  0.00,  0.00,  0.00,  0.00,  0.00,  0.00,  0.00
USAQUEN , D,  0.00,  0.00,  0.00,  0.00,  0.00,  0.00,  0.00,  0.00,  0.00,  0.00,  0.00,  0.00,  0.00,  0.00,  0.00,  0.00,  0.00,  0.00,  0.00,  0.00,  0.00,  0.00,  0.00,  0.00
LAGUNETA , D,  18.00,  18.00,  18.00,  18.00,  18.00,  0.00,  0.00,  0.00,  0.00,  0.00,  0.00,  0.00,  0.00,  0.00,  0.00,  0.00,  0.00,  18.00,  18.00,  18.00,  18.00,  18.00,  18.00,  18.00
GUAVIOMENOR , D,  5.00,  5.00,  5.00,  5.00,  5.00,  5.00,  5.00,  5.00,  5.00,  5.00,  5.00,  5.00,  5.00,  5.00,  5.00,  5.00,  5.00,  5.00,  5.00,  5.00,  5.00,  5.00,  5.00,  5.00
TEQUENDAMA1 , D,  0.00,  0.00,  0.00,  0.00,  0.00,  0.00,  0.00,  0.00,  0.00,  0.00,  0.00,  0.00,  0.00,  0.00,  0.00,  0.00,  0.00,  0.00,  0.00,  0.00,  0.00,  0.00,  0.00,  0.00
TEQUENDAMA2 , D,  14.00,  14.00,  14.00,  14.00,  14.00,  0.00,  0.00,  0.00,  0.00,  0.00,  0.00,  0.00,  0.00,  0.00,  0.00,  0.00,  0.00,  14.00,  14.00,  14.00,  14.00,  14.00,  14.00,  14.00
TEQUENDAMA3 , D,  14.00,  14.00,  14.00,  14.00,  14.00,  0.00,  0.00,  0.00,  0.00,  0.00,  0.00,  0.00,  0.00,  0.00,  0.00,  0.00,  0.00,  14.00,  14.00,  14.00,  14.00,  14.00,  14.00,  14.00
TEQUENDAMA4 , D,  0.00,  0.00,  0.00,  0.00,  0.00,  0.00,  0.00,  0.00,  0.00,  0.00,  0.00,  0.00,  0.00,  0.00,  0.00,  0.00,  0.00,  0.00,  0.00,  0.00,  0.00,  0.00,  0.00,  0.00
AUTOGREFICAR , D,  9.00,  9.00,  9.00,  9.00,  9.00,  9.00,  9.00,  9.00,  9.00,  9.00,  9.00,  9.00,  9.00,  9.00,  9.00,  9.00,  9.00,  9.00,  9.00,  9.00,  9.00,  9.00,  9.00,  9.00


AGENTE: EMSA(META)
AUTOGYAGUARITO , D,  0.44,  0.57,  0.65,  0.63,  0.46,  0.50,  0.46,  0.50,  0.50,  0.53,  0.50,  0.53,  0.49,  0.50,  0.47,  0.53,  0.53,  0.55,  0.63,  0.59,  0.56,  0.59,  0.50,  0.44


AGENTE: ENERCO 
PUENTEGUILLERMO1 , D,  1.00,  1.00,  1.00,  1.00,  1.00,  1.00,  1.00,  1.00,  1.00,  1.00,  1.00,  1.00,  1.00,  1.00,  1.00,  1.00,  1.00,  1.00,  1.00,  1.00,  1.00,  1.00,  1.00,  1.00
PUENTEGUILLERMO3 , D,  3.20,  3.20,  3.20,  3.20,  3.20,  3.20,  3.20,  3.20,  3.20,  3.20,  3.20,  3.20,  3.20,  3.20,  3.20,  3.20,  3.20,  3.20,  3.20,  3.20,  3.20,  3.20,  3.20,  3.20
LACASCADA(ABEJORRAL) , D,  0.00,  0.00,  0.00,  0.00,  0.00,  0.00,  0.00,  0.00,  0.00,  0.00,  0.00,  0.00,  0.00,  0.00,  0.00,  0.00,  0.00,  0.00,  0.00,  0.00,  0.00,  0.00,  0.00,  0.00
CURRUCUCUES , D,  0.60,  0.60,  0.60,  0.60,  0.60,  0.60,  0.60,  0.60,  0.60,  0.60,  0.60,  0.60,  0.60,  0.60,  0.60,  0.60,  0.60,  0.60,  0.60,  0.60,  0.60,  0.60,  0.60,  0.60
SANTARITA , D,  0.00,  0.00,  0.00,  0.00,  0.00,  0.00,  0.00,  0.00,  0.00,  0.00,  0.00,  0.00,  0.00,  0.00,  0.00,  0.00,  0.00,  0.00,  0.00,  0.00,  0.00,  0.00,  0.00,  0.00


AGENTE: ENERGETICA
COELLO , D,  0.60,  0.60,  0.60,  0.60,  0.60,  0.60,  0.60,  0.60,  0.60,  0.60,  0.60,  0.60,  0.60,  0.60,  0.60,  0.60,  0.60,  0.60,  0.60,  0.60,  0.60,  0.60,  0.60,  0.60


AGENTE: ENERGIA DEL SUROESTE
MULATOSII1 , D,  1.00,  1.00,  1.00,  1.00,  1.00,  1.00,  1.00,  1.00,  1.00,  1.00,  1.00,  1.00,  1.00,  1.00,  1.00,  1.00,  1.00,  1.00,  1.00,  1.00,  1.00,  1.00,  1.00,  1.00


AGENTE: ENERGIA RIO PIEDRAS
AGUAFRESCA , D,  3.90,  3.90,  3.90,  3.90,  3.90,  3.90,  3.90,  3.90,  3.90,  3.90,  3.90,  3.90,  3.90,  3.90,  3.90,  3.90,  3.90,  3.90,  3.90,  3.90,  3.90,  3.90,  3.90,  3.90


AGENTE: ENREVSA E.S.P.
ELBOSQUE , D,  0.70,  0.70,  0.70,  0.70,  0.70,  0.70,  0.70,  0.70,  0.70,  0.70,  0.70,  0.70,  0.70,  0.70,  0.70,  0.70,  0.70,  0.70,  0.70,  0.70,  0.70,  0.70,  0.70,  0.70


AGENTE: EPSA(PACIFICO)
CALIMA , P,  205000
CALIMA1 , D,  33,  33,  33,  33,  33,  33,  33,  33,  33,  33,  33,  33,  33,  33,  33,  33,  33,  33,  33,  33,  33,  33,  33,  33
CALIMA2 , D,  33,  33,  33,  33,  33,  33,  33,  33,  33,  33,  33,  33,  33,  33,  33,  33,  33,  33,  33,  33,  33,  33,  33,  33
CALIMA3 , D,  33,  33,  33,  33,  33,  33,  33,  33,  33,  33,  33,  33,  33,  33,  33,  33,  33,  33,  33,  33,  33,  33,  33,  33
CALIMA4 , D,  33,  33,  33,  33,  33,  33,  33,  33,  33,  33,  33,  33,  33,  33,  33,  33,  33,  33,  33,  33,  33,  33,  33,  33
CALIMA , AGCP,  68,  68,  68,  68,  68,  68,  68,  68,  68,  68,  68,  68,  68,  68,  68,  68,  68,  68,  68,  68,  68,  68,  68,  68
CALIMA1 , AGCU,  17,  17,  17,  17,  17,  17,  17,  17,  17,  17,  17,  17,  17,  17,  17,  17,  17,  17,  17,  17,  17,  17,  17,  17
CALIMA2 , AGCU,  17,  17,  17,  17,  17,  17,  17,  17,  17,  17,  17,  17,  17,  17,  17,  17,  17,  17,  17,  17,  17,  17,  17,  17
CALIMA3 , AGCU,  17,  17,  17,  17,  17,  17,  17,  17,  17,  17,  17,  17,  17,  17,  17,  17,  17,  17,  17,  17,  17,  17,  17,  17
CALIMA4 , AGCU,  17,  17,  17,  17,  17,  17,  17,  17,  17,  17,  17,  17,  17,  17,  17,  17,  17,  17,  17,  17,  17,  17,  17,  17
PRADO , P,  200000
PRADO1 , D,  15,  15,  15,  15,  15,  15,  15,  15,  15,  15,  15,  15,  15,  15,  15,  15,  15,  15,  15,  15,  15,  15,  15,  15
PRADO2 , D,  15,  15,  15,  15,  15,  15,  15,  15,  15,  15,  15,  15,  15,  15,  15,  15,  15,  15,  15,  15,  15,  15,  15,  15
PRADO3 , D,  16,  16,  16,  16,  16,  16,  16,  16,  16,  16,  16,  16,  16,  16,  16,  16,  16,  16,  16,  16,  16,  16,  16,  16
SALVAJINA , P,  300000
SALVAJINA1 , D,  110,  110,  110,  110,  110,  110,  110,  110,  110,  110,  110,  110,  110,  110,  110,  110,  110,  110,  110,  110,  110,  110,  110,  110
SALVAJINA2 , D,  95,  95,  95,  95,  95,  95,  95,  95,  95,  95,  95,  95,  95,  95,  95,  95,  95,  95,  95,  95,  95,  95,  95,  95
SALVAJINA3 , D,  95,  95,  95,  95,  95,  95,  95,  95,  95,  95,  95,  95,  95,  95,  95,  95,  95,  95,  95,  95,  95,  95,  95,  95
SALVAJINA , AGCP,  0,  0,  0,  0,  0,  0,  0,  0,  0,  0,  0,  0,  0,  0,  0,  0,  0,  0,  0,  0,  0,  0,  0,  0
SALVAJINA2 , AGCU,  0,  0,  0,  0,  0,  0,  0,  0,  0,  0,  0,  0,  0,  0,  0,  0,  0,  0,  0,  0,  0,  0,  0,  0
SALVAJINA3 , AGCU,  0,  0,  0,  0,  0,  0,  0,  0,  0,  0,  0,  0,  0,  0,  0,  0,  0,  0,  0,  0,  0,  0,  0,  0
SALVAJINA , MO,  95,  95,  95,  95,  95,  95,  110,  110,  110,  110,  110,  110,  110,  110,  110,  110,  110,  110,  205,  205,  205,  110,  110,  95
ALBAN , P,  190000
ALTOANCHICAYA1 , D,  0,  0,  0,  0,  0,  0,  0,  0,  0,  0,  0,  0,  0,  0,  0,  0,  0,  0,  0,  0,  0,  0,  0,  0
ALTOANCHICAYA2 , D,  115,  115,  115,  115,  115,  115,  115,  115,  115,  115,  115,  115,  115,  115,  115,  115,  115,  115,  115,  115,  115,  115,  115,  115
ALTOANCHICAYA3 , D,  0,  0,  0,  0,  0,  0,  0,  0,  0,  0,  0,  0,  0,  0,  0,  0,  0,  0,  0,  0,  0,  0,  0,  0
BAJOANCHICAYA1 , D,  4,  4,  4,  4,  4,  4,  4,  4,  4,  4,  4,  4,  4,  4,  4,  4,  4,  4,  4,  4,  4,  4,  4,  4
BAJOANCHICAYA2 , D,  4,  4,  4,  4,  4,  4,  4,  4,  4,  4,  4,  4,  4,  4,  4,  4,  4,  4,  4,  4,  4,  4,  4,  4
BAJOANCHICAYA3 , D,  7,  7,  7,  7,  7,  7,  7,  7,  7,  7,  7,  7,  7,  7,  7,  7,  7,  7,  7,  7,  7,  7,  7,  7
BAJOANCHICAYA4 , D,  7,  7,  7,  7,  7,  7,  7,  7,  7,  7,  7,  7,  7,  7,  7,  7,  7,  7,  7,  7,  7,  7,  7,  7
ALBAN , AGCP,  84,  84,  84,  84,  84,  84,  84,  84,  84,  84,  84,  84,  84,  84,  84,  84,  84,  84,  84,  84,  84,  84,  84,  84
ALTOANCHICAYA1 , AGCU,  0,  0,  0,  0,  0,  0,  0,  0,  0,  0,  0,  0,  0,  0,  0,  0,  0,  0,  0,  0,  0,  0,  0,  0
ALTOANCHICAYA2 , AGCU,  85,  85,  85,  85,  85,  85,  85,  85,  85,  85,  85,  85,  85,  85,  85,  85,  85,  85,  85,  85,  85,  85,  85,  85
ALTOANCHICAYA3 , AGCU,  0,  0,  0,  0,  0,  0,  0,  0,  0,  0,  0,  0,  0,  0,  0,  0,  0,  0,  0,  0,  0,  0,  0,  0
BAJOANCHICAYA1 , AGCU,  0,  0,  0,  0,  0,  0,  0,  0,  0,  0,  0,  0,  0,  0,  0,  0,  0,  0,  0,  0,  0,  0,  0,  0
BAJOANCHICAYA2 , AGCU,  0,  0,  0,  0,  0,  0,  0,  0,  0,  0,  0,  0,  0,  0,  0,  0,  0,  0,  0,  0,  0,  0,  0,  0
BAJOANCHICAYA3 , AGCU,  0,  0,  0,  0,  0,  0,  0,  0,  0,  0,  0,  0,  0,  0,  0,  0,  0,  0,  0,  0,  0,  0,  0,  0
BAJOANCHICAYA4 , AGCU,  0,  0,  0,  0,  0,  0,  0,  0,  0,  0,  0,  0,  0,  0,  0,  0,  0,  0,  0,  0,  0,  0,  0,  0
ALBAN , MO,  5,  5,  5,  5,  5,  5,  5,  5,  5,  5,  5,  5,  5,  5,  5,  5,  5,  5,  5,  5,  5,  5,  5,  5
CUCUANA1 , D,  10,  10,  10,  10,  10,  10,  10,  10,  10,  10,  10,  10,  10,  10,  10,  10,  10,  10,  10,  10,  10,  10,  10,  10
CUCUANA2 , D,  0,  0,  0,  0,  0,  0,  0,  0,  0,  0,  0,  0,  0,  0,  0,  0,  0,  0,  0,  0,  0,  0,  0,  0
MERILECTRICA1 , P,  578629
MERILECTRICA1 , PAP1, 58184304
MERILECTRICA1 , PAPUSD1, 17308
MERILECTRICA1 , D,  167,  167,  167,  167,  167,  167,  167,  167,  167,  167,  167,  167,  167,  167,  167,  167,  167,  167,  167,  167,  167,  167,  167,  167
MERILECTRICA1 , CONF,  1
MERILECTRICA1 , C,  GAS
PRADO4 , D,  5.00,  5.00,  5.00,  5.00,  5.00,  5.00,  5.00,  5.00,  5.00,  5.00,  5.00,  5.00,  5.00,  5.00,  5.00,  5.00,  5.00,  5.00,  5.00,  5.00,  5.00,  5.00,  5.00,  5.00
RIOCALI1 , D,  0.00,  0.00,  0.00,  0.00,  0.00,  0.00,  0.00,  0.00,  0.00,  0.00,  0.00,  0.00,  0.00,  0.00,  0.00,  0.00,  0.00,  0.00,  0.00,  0.00,  0.00,  0.00,  0.00,  0.00
RIOCALI2 , D,  0.00,  0.00,  0.00,  0.00,  0.00,  0.00,  0.00,  0.00,  0.00,  0.00,  0.00,  0.00,  0.00,  0.00,  0.00,  0.00,  0.00,  0.00,  0.00,  0.00,  0.00,  0.00,  0.00,  0.00
BAJOTULUA1 , D,  1.00,  1.00,  1.00,  1.00,  1.00,  1.00,  1.00,  1.00,  1.00,  1.00,  1.00,  1.00,  1.00,  1.00,  1.00,  1.00,  1.00,  1.00,  1.00,  1.00,  1.00,  1.00,  1.00,  1.00
BAJOTULUA2 , D,  1.00,  1.00,  1.00,  1.00,  1.00,  1.00,  1.00,  1.00,  1.00,  1.00,  1.00,  1.00,  1.00,  1.00,  1.00,  1.00,  1.00,  1.00,  1.00,  1.00,  1.00,  1.00,  1.00,  1.00
ALTOTULUA1 , D,  0.00,  0.00,  0.00,  0.00,  0.00,  0.00,  0.00,  0.00,  0.00,  0.00,  0.00,  0.00,  0.00,  0.00,  0.00,  0.00,  0.00,  0.00,  0.00,  0.00,  0.00,  0.00,  0.00,  0.00
ALTOTULUA2 , D,  0.00,  0.00,  0.00,  0.00,  0.00,  0.00,  0.00,  0.00,  0.00,  0.00,  0.00,  0.00,  0.00,  0.00,  0.00,  0.00,  0.00,  0.00,  0.00,  0.00,  0.00,  0.00,  0.00,  0.00
HIDROMONTAÑITAS1 , D,  6.00,  6.00,  6.00,  6.00,  6.00,  8.00,  9.00,  9.00,  9.00,  9.00,  9.00,  9.00,  9.00,  9.00,  9.00,  9.00,  9.00,  9.00,  9.00,  9.00,  9.00,  8.00,  8.00,  8.00
HIDROMONTAÑITAS2 , D,  6.00,  6.00,  6.00,  6.00,  6.00,  8.00,  9.00,  9.00,  9.00,  9.00,  9.00,  9.00,  9.00,  9.00,  9.00,  9.00,  9.00,  9.00,  9.00,  9.00,  9.00,  8.00,  8.00,  8.00
RIOPIEDRAS1 , D,  5.00,  4.00,  3.00,  3.00,  3.00,  3.00,  3.00,  3.00,  3.00,  3.00,  3.00,  2.00,  3.00,  3.00,  3.00,  3.00,  3.00,  3.00,  3.00,  3.00,  3.00,  3.00,  3.00,  3.00
RIOPIEDRAS2 , D,  5.00,  4.00,  3.00,  3.00,  3.00,  3.00,  3.00,  3.00,  3.00,  3.00,  3.00,  2.00,  3.00,  3.00,  3.00,  3.00,  3.00,  3.00,  3.00,  3.00,  3.00,  3.00,  3.00,  3.00
NIMA , D,  2.00,  2.00,  2.00,  2.00,  2.00,  2.00,  2.00,  2.00,  2.00,  2.00,  2.00,  2.00,  2.00,  2.00,  2.00,  2.00,  2.00,  2.00,  2.00,  2.00,  2.00,  2.00,  2.00,  2.00
AMAIME , D,  2.00,  2.00,  2.00,  2.00,  2.00,  2.00,  2.00,  2.00,  2.00,  2.00,  2.00,  2.00,  2.00,  2.00,  2.00,  2.00,  2.00,  1.00,  1.00,  1.00,  1.00,  1.00,  1.00,  1.00
ELCOCUYO , D,  0.00,  0.00,  0.00,  0.00,  0.00,  0.00,  0.00,  0.00,  0.00,  0.00,  0.00,  0.00,  0.00,  0.00,  0.00,  0.00,  0.00,  0.00,  0.00,  0.00,  0.00,  0.00,  0.00,  0.00
MAYAGUEZ1 , D,  18.00,  19.00,  19.00,  19.00,  19.00,  19.00,  19.00,  19.00,  19.00,  19.00,  19.00,  19.00,  19.00,  19.00,  19.00,  19.00,  19.00,  19.00,  19.00,  19.00,  19.00,  19.00,  19.00,  19.00
COGENERADORMANUELITA2 , D,  7.00,  8.00,  9.00,  8.00,  8.00,  8.00,  8.00,  7.00,  8.00,  8.00,  8.00,  8.00,  7.00,  8.00,  8.00,  8.00,  8.00,  8.00,  8.00,  8.00,  8.00,  8.00,  8.00,  6.00
AUTOGARGOSCARTAGENA , D,  0.00,  0.00,  0.00,  0.00,  0.00,  0.00,  0.00,  0.00,  0.00,  0.00,  0.00,  0.00,  0.00,  0.00,  0.00,  3.00,  0.00,  0.00,  2.00,  9.00,  9.00,  7.00,  0.00,  0.00
AUTOGARGOSYUMBO , D,  0.00,  0.00,  0.00,  0.00,  0.00,  0.00,  0.00,  0.00,  0.00,  0.00,  0.00,  0.00,  0.00,  0.00,  0.00,  0.00,  0.00,  0.00,  0.00,  0.00,  0.00,  0.00,  0.00,  0.00
TEQUENDAMABIOGAS , D,  0.00,  0.00,  0.00,  0.00,  0.00,  0.00,  0.00,  0.00,  0.00,  0.00,  0.00,  0.00,  0.00,  0.00,  0.00,  0.00,  0.00,  0.00,  0.00,  0.00,  0.00,  0.00,  0.00,  0.00
AUTOGCELSIASOLARYUMBO , D,  0.00,  0.00,  0.00,  0.00,  0.00,  0.00,  0.00,  0.00,  0.00,  1.00,  0.00,  1.00,  1.00,  1.00,  0.00,  0.00,  0.00,  0.00,  0.00,  0.00,  0.00,  0.00,  0.00,  0.00
CELSIASOLARBOLIVAR , D,  0.00,  0.00,  0.00,  0.00,  0.00,  0.00,  0.00,  2.00,  4.00,  6.00,  6.00,  6.00,  7.00,  7.00,  5.00,  4.00,  2.00,  0.00,  0.00,  0.00,  0.00,  0.00,  0.00,  0.00


AGENTE: GEC S.A. E.S.P.
SANJOSE , D,  0.14,  0.14,  0.14,  0.14,  0.14,  0.14,  0.14,  0.15,  0.19,  0.23,  0.23,  0.22,  0.21,  0.20,  0.19,  0.17,  0.16,  0.16,  0.16,  0.16,  0.16,  0.16,  0.16,  0.16


AGENTE: GECELCA S.A. E.S.P
GUAJIRA1 , P,  328608
GUAJIRA1 , PAP1, 60554302
GUAJIRA1 , PAP2, 60554302
GUAJIRA1 , PAP3, 60554302
GUAJIRA1 , PAP4, 0
GUAJIRA1 , PAP5, 60554302
GUAJIRA1 , PAP6, 60554302
GUAJIRA1 , PAP7, 60554302
GUAJIRA1 , PAP8, 60554302
GUAJIRA1 , PAP9, 60554302
GUAJIRA1 , PAPUSD1, 18013
GUAJIRA1 , PAPUSD2, 18013
GUAJIRA1 , PAPUSD3, 18013
GUAJIRA1 , PAPUSD4, 0
GUAJIRA1 , PAPUSD5, 18013
GUAJIRA1 , PAPUSD6, 18013
GUAJIRA1 , PAPUSD7, 18013
GUAJIRA1 , PAPUSD8, 18013
GUAJIRA1 , PAPUSD9, 18013
GUAJIRA1 , D,  125,  125,  125,  125,  125,  125,  125,  125,  125,  125,  125,  125,  125,  125,  125,  125,  125,  125,  125,  125,  125,  125,  125,  125
GUAJIRA1 , CONF,  7
GUAJIRA1 , C,  MEZCLA GAS - CARBÓN
GUAJIRA2 , P,  336902
GUAJIRA2 , PAP1, 60554302
GUAJIRA2 , PAP2, 60554302
GUAJIRA2 , PAP3, 60554302
GUAJIRA2 , PAP4, 0
GUAJIRA2 , PAP5, 60554302
GUAJIRA2 , PAP6, 60554302
GUAJIRA2 , PAP7, 60554302
GUAJIRA2 , PAP8, 60554302
GUAJIRA2 , PAP9, 60554302
GUAJIRA2 , PAPUSD1, 18013
GUAJIRA2 , PAPUSD2, 18013
GUAJIRA2 , PAPUSD3, 18013
GUAJIRA2 , PAPUSD4, 0
GUAJIRA2 , PAPUSD5, 18013
GUAJIRA2 , PAPUSD6, 18013
GUAJIRA2 , PAPUSD7, 18013
GUAJIRA2 , PAPUSD8, 18013
GUAJIRA2 , PAPUSD9, 18013
GUAJIRA2 , D,  140,  140,  140,  140,  140,  140,  140,  140,  140,  140,  140,  140,  140,  140,  140,  140,  140,  140,  140,  140,  140,  140,  140,  140
GUAJIRA2 , CONF,  7
GUAJIRA2 , C,  MEZCLA GAS - CARBÓN
GECELCA3 , P,  216145
GECELCA3 , PAP1, 147360120
GECELCA3 , PAP2, 147360120
GECELCA3 , PAP3, 147360120
GECELCA3 , PAPUSD1, 43835
GECELCA3 , PAPUSD2, 43835
GECELCA3 , PAPUSD3, 43835
GECELCA3 , D,  164,  164,  164,  164,  164,  164,  164,  164,  164,  164,  164,  164,  164,  164,  164,  164,  164,  164,  164,  164,  164,  164,  164,  164
GECELCA3 , CONF,  1
GECELCA3 , C,  CARBON
GECELCA32 , P,  226204
GECELCA32 , PAP1, 145326291
GECELCA32 , PAP2, 145326291
GECELCA32 , PAPUSD1, 43230
GECELCA32 , PAPUSD2, 43230
GECELCA32 , D,  0,  0,  0,  0,  0,  0,  0,  0,  0,  0,  0,  0,  0,  0,  0,  0,  0,  0,  0,  0,  0,  0,  0,  0
GECELCA32 , CONF,  1
GECELCA32 , C,  CARBON


AGENTE: GENERADORA LUZMA
LUZMAI1 , D,  7.50,  7.50,  7.50,  7.50,  7.50,  7.50,  7.50,  7.50,  7.50,  7.50,  7.50,  7.50,  7.50,  7.50,  7.50,  7.50,  7.50,  7.50,  7.50,  7.50,  7.50,  7.50,  7.50,  7.50
LUZMAII1 , D,  7.50,  7.50,  7.50,  7.50,  7.50,  7.50,  7.50,  7.50,  7.50,  7.50,  7.50,  7.50,  7.50,  7.50,  7.50,  7.50,  7.50,  7.50,  7.50,  7.50,  7.50,  7.50,  7.50,  7.50
LUZMAII2 , D,  7.50,  7.50,  7.50,  7.50,  7.50,  7.50,  7.50,  7.50,  7.50,  7.50,  7.50,  7.50,  7.50,  7.50,  7.50,  7.50,  7.50,  7.50,  7.50,  7.50,  7.50,  7.50,  7.50,  7.50
LUZMAI2 , D,  7.50,  7.50,  7.50,  7.50,  7.50,  7.50,  7.50,  7.50,  7.50,  7.50,  7.50,  7.50,  7.50,  7.50,  7.50,  7.50,  7.50,  7.50,  7.50,  7.50,  7.50,  7.50,  7.50,  7.50


AGENTE: GENERAMOS ENERGIA
URRAO , D,  0.80,  0.80,  0.80,  0.80,  0.80,  0.80,  0.80,  0.80,  0.80,  0.80,  0.80,  0.80,  0.80,  0.80,  0.80,  0.80,  0.80,  0.80,  0.80,  0.80,  0.80,  0.80,  0.80,  0.80


AGENTE: GENERPUTUMAYO
SANFRANCISCO(PUTUMAYO) , D,  0.20,  0.20,  0.20,  0.20,  0.20,  0.20,  0.20,  0.20,  0.20,  0.20,  0.20,  0.20,  0.20,  0.20,  0.20,  0.20,  0.20,  0.20,  0.20,  0.20,  0.20,  0.46,  0.46,  0.46
LAFRISOLERA , D,  0.20,  0.20,  0.20,  0.20,  0.20,  0.20,  0.20,  0.20,  0.20,  0.20,  0.20,  0.20,  0.20,  0.20,  0.20,  0.20,  0.20,  0.20,  0.20,  0.20,  0.20,  0.20,  0.20,  0.20


AGENTE: GENERSA
TERMOBOLIVAR1 , D,  0.00,  0.00,  0.00,  0.00,  0.00,  0.00,  0.00,  0.00,  0.00,  0.00,  0.00,  0.00,  0.00,  0.00,  0.00,  0.00,  0.00,  0.00,  0.00,  0.00,  0.00,  0.00,  0.00,  0.00
TERMOCAPACHOS , D,  3.00,  3.00,  3.00,  3.00,  3.00,  3.00,  3.00,  3.00,  3.00,  3.00,  3.00,  3.00,  3.00,  3.00,  3.00,  3.00,  3.00,  3.00,  3.00,  3.00,  3.00,  3.00,  3.00,  3.00


AGENTE: GENMAS S.A. E.S.P.
SANJOSEDELAMONTAÑAII1 , D,  0.50,  0.50,  0.50,  0.50,  0.50,  0.50,  0.50,  0.50,  0.50,  0.50,  0.50,  0.50,  0.50,  0.50,  0.50,  0.50,  0.50,  0.50,  0.50,  0.50,  0.50,  0.50,  0.50,  0.50
JUANGARCIA1 , D,  0.80,  0.80,  0.80,  0.80,  0.80,  0.80,  0.80,  0.80,  0.80,  0.80,  0.80,  0.80,  0.80,  0.80,  0.80,  0.80,  0.80,  0.80,  0.80,  0.80,  0.80,  0.80,  0.80,  0.80
JUANGARCIA2 , D,  0.80,  0.80,  0.80,  0.80,  0.80,  0.80,  0.80,  0.80,  0.80,  0.80,  0.80,  0.80,  0.80,  0.80,  0.80,  0.80,  0.80,  0.80,  0.80,  0.80,  0.80,  0.80,  0.80,  0.80


AGENTE: GENSA
PAIPA1 , P,  152280
PAIPA1 , PAP1, 8468122
PAIPA1 , PAPUSD1, 2519
PAIPA1 , D,  36,  36,  36,  36,  36,  36,  36,  36,  36,  36,  36,  36,  36,  36,  36,  36,  36,  36,  36,  36,  36,  36,  36,  36
PAIPA1 , CONF,  1
PAIPA1 , C,  CARBON
PAIPA2 , P,  148704
PAIPA2 , PAP1, 13177864
PAIPA2 , PAPUSD1, 3920
PAIPA2 , D,  0,  0,  0,  0,  0,  0,  0,  0,  0,  0,  0,  0,  0,  0,  0,  0,  0,  0,  0,  0,  0,  0,  0,  0
PAIPA2 , CONF,  1
PAIPA2 , C,  CARBON
PAIPA3 , P,  145368
PAIPA3 , PAP1, 13177864
PAIPA3 , PAPUSD1, 3920
PAIPA3 , D,  70,  70,  70,  70,  70,  70,  70,  70,  70,  70,  70,  70,  70,  70,  70,  70,  70,  70,  70,  70,  70,  70,  70,  70
PAIPA3 , CONF,  1
PAIPA3 , C,  CARBON


AGENTE: HIDRALPOR SAS ESP
CARLOSLLERAS1 , D,  30,  30,  30,  30,  30,  30,  30,  30,  30,  30,  30,  30,  30,  30,  30,  30,  30,  30,  30,  30,  30,  30,  30,  30
CARLOSLLERAS2 , D,  25,  25,  25,  25,  25,  25,  25,  25,  25,  25,  25,  25,  25,  25,  25,  25,  25,  25,  25,  25,  25,  25,  25,  25
ESCUELADEMINAS1 , D,  0,  0,  0,  0,  0,  0,  0,  0,  0,  0,  0,  0,  0,  0,  0,  0,  0,  0,  0,  0,  0,  0,  0,  0
ESCUELADEMINAS2 , D,  0,  0,  0,  0,  0,  0,  0,  0,  0,  0,  0,  0,  0,  0,  0,  0,  0,  0,  0,  0,  0,  0,  0,  0
ESCUELADEMINAS3 , D,  18,  18,  18,  18,  18,  18,  18,  18,  18,  18,  18,  18,  18,  18,  18,  18,  18,  18,  18,  18,  18,  18,  18,  18
ESCUELADEMINAS1 , PRU,  100,  100,  100,  100,  100,  100,  100,  100,  100,  100,  100,  100,  100,  100,  100,  100,  100,  100,  100,  100,  100,  100,  100,  100
ESCUELADEMINAS2 , PRU,  100,  100,  100,  100,  100,  100,  100,  100,  100,  100,  100,  100,  100,  100,  100,  100,  100,  100,  100,  100,  100,  100,  100,  100
ESCUELADEMINAS3 , PRU,  100,  100,  100,  100,  100,  100,  100,  100,  100,  100,  100,  100,  100,  100,  100,  100,  100,  100,  100,  100,  100,  100,  100,  100


AGENTE: HZ ENERGY
REMEDIOS , D,  0.55,  0.55,  0.55,  0.55,  0.55,  0.55,  0.55,  0.55,  0.55,  0.55,  0.55,  0.55,  0.55,  0.55,  0.55,  0.55,  0.55,  0.55,  0.55,  0.55,  0.55,  0.55,  0.55,  0.55
AMALFI , D,  0.45,  0.45,  0.45,  0.45,  0.45,  0.45,  0.45,  0.45,  0.45,  0.45,  0.45,  0.45,  0.45,  0.45,  0.45,  0.45,  0.45,  0.45,  0.45,  0.45,  0.46,  0.45,  0.45,  0.45
LAREBUSCA , D,  0.70,  0.70,  0.70,  0.70,  0.70,  0.70,  0.70,  0.70,  0.70,  0.70,  0.70,  0.70,  0.70,  0.70,  0.70,  0.70,  0.70,  0.70,  0.70,  0.70,  0.70,  0.70,  0.70,  0.70
PROVIDENCIA , D,  4.50,  4.50,  4.50,  4.50,  4.50,  4.50,  4.50,  4.50,  4.50,  4.50,  4.50,  4.50,  4.50,  4.50,  4.50,  4.50,  4.50,  4.50,  4.50,  4.50,  4.50,  4.50,  4.50,  4.50


AGENTE: IAC ENERGY
LANAVETA , D,  4.00,  4.00,  4.00,  4.00,  4.00,  4.00,  4.00,  4.00,  4.00,  4.00,  4.00,  4.00,  4.00,  4.00,  4.00,  4.00,  4.00,  4.00,  4.00,  4.00,  4.00,  4.00,  4.00,  4.00


AGENTE: ISAGEN
JAGUAS , P,  193000
JAGUAS1 , D,  85,  85,  85,  85,  85,  85,  85,  85,  85,  85,  85,  85,  85,  85,  85,  85,  85,  85,  85,  85,  85,  85,  85,  85
JAGUAS2 , D,  85,  85,  85,  85,  85,  85,  85,  85,  85,  85,  85,  85,  85,  85,  85,  85,  85,  85,  85,  85,  85,  85,  85,  85
JAGUAS , AGCP,  140,  140,  140,  140,  140,  140,  140,  140,  140,  140,  140,  140,  140,  140,  140,  140,  140,  140,  140,  140,  140,  140,  140,  140
JAGUAS1 , AGCU,  70,  70,  70,  70,  70,  70,  70,  70,  70,  70,  70,  70,  70,  70,  70,  70,  70,  70,  70,  70,  70,  70,  70,  70
JAGUAS2 , AGCU,  70,  70,  70,  70,  70,  70,  70,  70,  70,  70,  70,  70,  70,  70,  70,  70,  70,  70,  70,  70,  70,  70,  70,  70
SANCARLOS , P,  153000
SANCARLOS1 , D,  155,  155,  155,  155,  155,  155,  155,  155,  155,  155,  155,  155,  155,  155,  155,  155,  155,  155,  155,  155,  155,  155,  155,  155
SANCARLOS2 , D,  155,  155,  155,  155,  155,  155,  155,  155,  155,  155,  155,  155,  155,  155,  155,  155,  155,  155,  155,  155,  155,  155,  155,  155
SANCARLOS3 , D,  155,  155,  155,  155,  155,  155,  155,  155,  155,  155,  155,  155,  155,  155,  155,  155,  155,  155,  155,  155,  155,  155,  155,  155
SANCARLOS4 , D,  155,  155,  155,  155,  155,  155,  155,  155,  155,  155,  155,  155,  155,  155,  155,  155,  155,  155,  155,  155,  155,  155,  155,  155
SANCARLOS5 , D,  155,  155,  155,  155,  155,  155,  155,  155,  155,  155,  155,  155,  155,  155,  155,  155,  155,  155,  155,  155,  155,  155,  155,  155
SANCARLOS6 , D,  155,  155,  155,  155,  155,  155,  155,  155,  155,  155,  155,  155,  155,  155,  155,  155,  155,  155,  155,  155,  155,  155,  155,  155
SANCARLOS7 , D,  155,  155,  155,  155,  155,  155,  155,  155,  155,  155,  155,  155,  155,  155,  155,  155,  155,  155,  155,  155,  155,  155,  155,  155
SANCARLOS8 , D,  155,  155,  155,  155,  155,  155,  155,  155,  155,  155,  155,  155,  155,  155,  155,  155,  155,  155,  155,  155,  155,  155,  155,  155
SANCARLOS , AGCP,  1040,  1040,  1040,  1040,  1040,  1040,  1040,  1040,  1040,  1040,  1040,  1040,  1040,  1040,  1040,  1040,  1040,  1040,  1040,  1040,  1040,  1040,  1040,  1040
SANCARLOS1 , AGCU,  130,  130,  130,  130,  130,  130,  130,  130,  130,  130,  130,  130,  130,  130,  130,  130,  130,  130,  130,  130,  130,  130,  130,  130
SANCARLOS2 , AGCU,  130,  130,  130,  130,  130,  130,  130,  130,  130,  130,  130,  130,  130,  130,  130,  130,  130,  130,  130,  130,  130,  130,  130,  130
SANCARLOS3 , AGCU,  130,  130,  130,  130,  130,  130,  130,  130,  130,  130,  130,  130,  130,  130,  130,  130,  130,  130,  130,  130,  130,  130,  130,  130
SANCARLOS4 , AGCU,  130,  130,  130,  130,  130,  130,  130,  130,  130,  130,  130,  130,  130,  130,  130,  130,  130,  130,  130,  130,  130,  130,  130,  130
SANCARLOS5 , AGCU,  130,  130,  130,  130,  130,  130,  130,  130,  130,  130,  130,  130,  130,  130,  130,  130,  130,  130,  130,  130,  130,  130,  130,  130
SANCARLOS6 , AGCU,  130,  130,  130,  130,  130,  130,  130,  130,  130,  130,  130,  130,  130,  130,  130,  130,  130,  130,  130,  130,  130,  130,  130,  130
SANCARLOS7 , AGCU,  130,  130,  130,  130,  130,  130,  130,  130,  130,  130,  130,  130,  130,  130,  130,  130,  130,  130,  130,  130,  130,  130,  130,  130
SANCARLOS8 , AGCU,  130,  130,  130,  130,  130,  130,  130,  130,  130,  130,  130,  130,  130,  130,  130,  130,  130,  130,  130,  130,  130,  130,  130,  130
MIELI , P,  237000
MIELI1 , D,  123,  123,  123,  123,  123,  123,  123,  123,  123,  123,  132,  132,  123,  123,  123,  123,  123,  123,  123,  123,  123,  123,  123,  123
MIELI2 , D,  123,  123,  123,  123,  123,  123,  123,  123,  123,  123,  132,  132,  123,  123,  123,  123,  123,  123,  123,  123,  123,  123,  123,  123
MIELI3 , D,  123,  123,  123,  123,  123,  123,  123,  123,  123,  123,  132,  132,  123,  123,  123,  123,  123,  123,  123,  123,  123,  123,  123,  123
MIELI , AGCP,  138,  138,  138,  138,  138,  138,  138,  138,  138,  138,  138,  138,  138,  138,  138,  138,  138,  138,  138,  138,  138,  138,  138,  138
MIELI2 , AGCU,  69,  69,  69,  69,  69,  69,  69,  69,  69,  69,  69,  69,  69,  69,  69,  69,  69,  69,  69,  69,  69,  69,  69,  69
MIELI3 , AGCU,  69,  69,  69,  69,  69,  69,  69,  69,  69,  69,  69,  69,  69,  69,  69,  69,  69,  69,  69,  69,  69,  69,  69,  69
MIELI , MO,  31,  31,  31,  31,  31,  31,  31,  31,  31,  31,  31,  31,  31,  31,  31,  31,  31,  31,  31,  31,  31,  31,  31,  31
AMOYALAESPERANZA1 , D,  19,  19,  19,  19,  19,  19,  19,  36,  36,  36,  36,  36,  36,  36,  36,  36,  36,  36,  36,  36,  36,  36,  36,  36
AMOYALAESPERANZA2 , D,  18,  18,  18,  18,  18,  18,  18,  0,  0,  0,  0,  0,  0,  0,  0,  0,  0,  0,  0,  0,  0,  0,  0,  0
SOGAMOSO , P,  72569
SOGAMOSO1 , D,  0,  0,  0,  0,  0,  0,  0,  0,  0,  0,  0,  0,  0,  0,  0,  0,  0,  0,  0,  0,  0,  0,  0,  0
SOGAMOSO2 , D,  270,  270,  270,  270,  270,  270,  270,  270,  270,  270,  270,  270,  270,  270,  270,  270,  270,  270,  270,  270,  270,  270,  270,  270
SOGAMOSO3 , D,  270,  270,  270,  270,  270,  270,  270,  270,  270,  270,  270,  270,  270,  270,  270,  270,  270,  270,  270,  270,  270,  270,  270,  270
SOGAMOSO , AGCP,  288,  288,  288,  288,  288,  288,  288,  288,  288,  288,  288,  288,  288,  288,  288,  288,  288,  288,  288,  288,  288,  288,  288,  288
SOGAMOSO1 , AGCU,  0,  0,  0,  0,  0,  0,  0,  0,  0,  0,  0,  0,  0,  0,  0,  0,  0,  0,  0,  0,  0,  0,  0,  0
SOGAMOSO2 , AGCU,  144,  144,  144,  144,  144,  144,  144,  144,  144,  144,  144,  144,  144,  144,  144,  144,  144,  144,  144,  144,  144,  144,  144,  144
SOGAMOSO3 , AGCU,  144,  144,  144,  144,  144,  144,  144,  144,  144,  144,  144,  144,  144,  144,  144,  144,  144,  144,  144,  144,  144,  144,  144,  144
SOGAMOSO , MO,  120,  120,  120,  120,  120,  120,  120,  120,  120,  120,  120,  120,  120,  120,  120,  120,  120,  120,  120,  120,  120,  120,  120,  120
TERMOCENTROCC , P,  590508
TERMOCENTROCC , PAP1, 195745068
TERMOCENTROCC , PAP2, 193045622
TERMOCENTROCC , PAP3, 190097412
TERMOCENTROCC , PAP4, 98151555
TERMOCENTROCC , PAP5, 95058791
TERMOCENTROCC , PAPUSD1, 58228
TERMOCENTROCC , PAPUSD2, 57425
TERMOCENTROCC , PAPUSD3, 56548
TERMOCENTROCC , PAPUSD4, 29197
TERMOCENTROCC , PAPUSD5, 28277
TERMOCENTROCC , D,  138,  138,  138,  138,  138,  138,  138,  138,  138,  138,  138,  138,  138,  138,  138,  138,  138,  138,  138,  138,  138,  138,  138,  138
TERMOCENTROCC , CONF,  4
TERMOCENTROCC , C,  GAS
CALDERAS1 , D,  3.00,  3.00,  3.00,  3.00,  3.00,  3.00,  3.00,  3.00,  3.00,  3.00,  3.00,  3.00,  3.00,  3.00,  3.00,  3.00,  3.00,  3.00,  3.00,  3.00,  3.00,  3.00,  3.00,  3.00
CALDERAS2 , D,  3.00,  3.00,  3.00,  3.00,  3.00,  3.00,  3.00,  3.00,  3.00,  3.00,  3.00,  3.00,  3.00,  3.00,  3.00,  3.00,  3.00,  3.00,  3.00,  3.00,  3.00,  3.00,  3.00,  3.00


AGENTE: MULCALARCA
BAYONA , D,  0.30,  0.30,  0.30,  0.30,  0.30,  0.30,  0.30,  0.30,  0.30,  0.30,  0.30,  0.30,  0.30,  0.30,  0.30,  0.30,  0.30,  0.30,  0.30,  0.30,  0.30,  0.30,  0.30,  0.30
CAMPESTRE(CALARCA) , D,  0.70,  0.70,  0.70,  0.70,  0.70,  0.70,  0.70,  0.70,  0.70,  0.70,  0.70,  0.70,  0.70,  0.70,  0.70,  0.70,  0.70,  0.70,  0.70,  0.70,  0.70,  0.70,  0.70,  0.70
UNION , D,  0.50,  0.50,  0.50,  0.50,  0.50,  0.50,  0.50,  0.50,  0.50,  0.50,  0.50,  0.50,  0.50,  0.50,  0.50,  0.50,  0.50,  0.50,  0.50,  0.50,  0.50,  0.50,  0.50,  0.50


AGENTE: NITRO ENERGY
INCAUCA1 , D,  8.60,  8.60,  8.60,  8.60,  8.60,  8.60,  8.60,  8.60,  8.60,  8.60,  8.60,  8.60,  8.60,  8.60,  8.60,  8.60,  8.60,  8.60,  8.60,  8.60,  8.60,  8.60,  8.60,  8.60
INGENIOPROVIDENCIA2 , D,  16.44,  16.44,  16.44,  16.44,  16.44,  16.44,  16.44,  16.44,  16.44,  16.44,  16.44,  16.44,  16.44,  16.44,  16.44,  16.44,  16.44,  16.44,  16.44,  16.44,  16.44,  16.44,  16.44,  16.44


AGENTE: PCH ALEJANDRÍA
ALEJANDRÍA , D,  5.00,  7.00,  6.00,  7.00,  7.00,  8.00,  7.00,  7.00,  6.00,  6.00,  5.00,  5.00,  5.00,  5.00,  5.00,  4.00,  3.00,  4.00,  4.00,  4.00,  4.00,  4.00,  4.00,  4.00


AGENTE: PROELECTRICA
PROELECTRICA , P,  381745
PROELECTRICA , PAP1, 32235341
PROELECTRICA , PAPUSD1, 9589
PROELECTRICA1 , D,  45,  45,  45,  45,  45,  45,  45,  45,  45,  45,  45,  45,  45,  45,  45,  45,  45,  45,  45,  45,  45,  45,  45,  45
PROELECTRICA2 , D,  45,  45,  45,  45,  45,  45,  45,  45,  45,  45,  45,  45,  45,  45,  45,  45,  45,  45,  45,  45,  45,  45,  45,  45
PROELECTRICA , CONF,  1
PROELECTRICA , C,  GAS


AGENTE: PROENCA 
COGENERADORPROENCA , D,  17.00,  17.00,  17.00,  17.00,  17.00,  17.00,  17.00,  17.00,  17.00,  17.00,  17.00,  17.00,  17.00,  17.00,  17.00,  17.00,  17.00,  17.00,  17.00,  17.00,  17.00,  17.00,  17.00,  17.00
PROENCAII , D,  0.00,  0.00,  0.00,  0.00,  0.00,  0.00,  0.00,  0.00,  0.00,  0.00,  0.00,  0.00,  0.00,  0.00,  0.00,  0.00,  0.00,  0.00,  0.00,  0.00,  0.00,  0.00,  0.00,  0.00


AGENTE: RIOEN SAS  E.S.P.
CENTRALCASTILLA1 , D,  3.00,  3.00,  3.00,  3.00,  3.00,  3.00,  3.00,  3.00,  3.00,  3.00,  3.00,  3.00,  3.00,  3.00,  3.00,  3.00,  3.00,  3.00,  3.00,  3.00,  3.00,  3.00,  3.00,  3.00
INGENIORIOPAILA1 , D,  16.00,  16.00,  16.00,  16.00,  16.00,  16.00,  16.00,  16.00,  16.00,  16.00,  16.00,  16.00,  16.00,  16.00,  16.00,  16.00,  16.00,  16.00,  16.00,  16.00,  16.00,  16.00,  16.00,  16.00


AGENTE: RISARALDA ENERGIA
MORROAZUL , D,  3.00,  3.00,  3.00,  3.00,  3.00,  3.00,  3.00,  3.00,  3.00,  3.00,  3.00,  3.00,  3.00,  3.00,  3.00,  3.00,  3.00,  3.00,  3.00,  3.00,  3.00,  3.00,  3.00,  3.00


AGENTE: TEBSA S.A. (E.S.P.)
TEBSAB , P,  455780
TEBSAB , PAP1, 213541907
TEBSAB , PAP2, 167416022
TEBSAB , PAP3, 126984856
TEBSAB , PAP4, 86557052
TEBSAB , PAP5, 0
TEBSAB , PAP6, 173114103
TEBSAB , PAP7, 126984856
TEBSAB , PAP8, 86557052
TEBSAB , PAP9, 40427804
TEBSAB , PAP10, 173114103
TEBSAB , PAP11, 126984856
TEBSAB , PAP12, 86557052
TEBSAB , PAP13, 40427804
TEBSAB , PAP14, 207843826
TEBSAB , PAP15, 161717940
TEBSAB , PAP16, 121286774
TEBSAB , PAP17, 80858970
TEBSAB , PAP18, 40427804
TEBSAB , PAP19, 167416022
TEBSAB , PAP20, 121286774
TEBSAB , PAP21, 80858970
TEBSAB , PAP22, 40427804
TEBSAB , PAP23, 167416022
TEBSAB , PAP24, 121286774
TEBSAB , PAP25, 80858970
TEBSAB , PAP26, 40427804
TEBSAB , PAP27, 202145744
TEBSAB , PAP28, 121286774
TEBSAB , PAP29, 80858970
TEBSAB , PAP30, 40427804
TEBSAB , PAP31, 126984856
TEBSAB , PAP32, 80858970
TEBSAB , PAP33, 40427804
TEBSAB , PAP34, 126984856
TEBSAB , PAP35, 80858970
TEBSAB , PAP36, 40427804
TEBSAB , PAP37, 126984856
TEBSAB , PAP38, 80858970
TEBSAB , PAP39, 40427804
TEBSAB , PAP40, 161717940
TEBSAB , PAP41, 80858970
TEBSAB , PAP42, 40427804
TEBSAB , PAP43, 161717940
TEBSAB , PAP44, 80858970
TEBSAB , PAP45, 40427804
TEBSAB , PAP46, 86557052
TEBSAB , PAP47, 40427804
TEBSAB , PAP48, 86557052
TEBSAB , PAP49, 40427804
TEBSAB , PAP50, 86557052
TEBSAB , PAP51, 40427804
TEBSAB , PAP52, 121286774
TEBSAB , PAP53, 40427804
TEBSAB , PAP54, 121286774
TEBSAB , PAP55, 40427804
TEBSAB , PAP56, 121286774
TEBSAB , PAP57, 40427804
TEBSAB , PAP58, 80858970
TEBSAB , PAP59, 80858970
TEBSAB , PAP60, 80858970
TEBSAB , PAP61, 46125886
TEBSAB , PAP62, 46125886
TEBSAB , PAPUSD1, 63522
TEBSAB , PAPUSD2, 49801
TEBSAB , PAPUSD3, 37774
TEBSAB , PAPUSD4, 25748
TEBSAB , PAPUSD5, 0
TEBSAB , PAPUSD6, 51496
TEBSAB , PAPUSD7, 37774
TEBSAB , PAPUSD8, 25748
TEBSAB , PAPUSD9, 12026
TEBSAB , PAPUSD10, 51496
TEBSAB , PAPUSD11, 37774
TEBSAB , PAPUSD12, 25748
TEBSAB , PAPUSD13, 12026
TEBSAB , PAPUSD14, 61827
TEBSAB , PAPUSD15, 48106
TEBSAB , PAPUSD16, 36079
TEBSAB , PAPUSD17, 24053
TEBSAB , PAPUSD18, 12026
TEBSAB , PAPUSD19, 49801
TEBSAB , PAPUSD20, 36079
TEBSAB , PAPUSD21, 24053
TEBSAB , PAPUSD22, 12026
TEBSAB , PAPUSD23, 49801
TEBSAB , PAPUSD24, 36079
TEBSAB , PAPUSD25, 24053
TEBSAB , PAPUSD26, 12026
TEBSAB , PAPUSD27, 60132
TEBSAB , PAPUSD28, 36079
TEBSAB , PAPUSD29, 24053
TEBSAB , PAPUSD30, 12026
TEBSAB , PAPUSD31, 37774
TEBSAB , PAPUSD32, 24053
TEBSAB , PAPUSD33, 12026
TEBSAB , PAPUSD34, 37774
TEBSAB , PAPUSD35, 24053
TEBSAB , PAPUSD36, 12026
TEBSAB , PAPUSD37, 37774
TEBSAB , PAPUSD38, 24053
TEBSAB , PAPUSD39, 12026
TEBSAB , PAPUSD40, 48106
TEBSAB , PAPUSD41, 24053
TEBSAB , PAPUSD42, 12026
TEBSAB , PAPUSD43, 48106
TEBSAB , PAPUSD44, 24053
TEBSAB , PAPUSD45, 12026
TEBSAB , PAPUSD46, 25748
TEBSAB , PAPUSD47, 12026
TEBSAB , PAPUSD48, 25748
TEBSAB , PAPUSD49, 12026
TEBSAB , PAPUSD50, 25748
TEBSAB , PAPUSD51, 12026
TEBSAB , PAPUSD52, 36079
TEBSAB , PAPUSD53, 12026
TEBSAB , PAPUSD54, 36079
TEBSAB , PAPUSD55, 12026
TEBSAB , PAPUSD56, 36079
TEBSAB , PAPUSD57, 12026
TEBSAB , PAPUSD58, 24053
TEBSAB , PAPUSD59, 24053
TEBSAB , PAPUSD60, 24053
TEBSAB , PAPUSD61, 13721
TEBSAB , PAPUSD62, 13721
TEBSAB , D,  642,  642,  642,  642,  642,  642,  642,  642,  642,  642,  642,  642,  642,  642,  642,  642,  642,  642,  642,  642,  642,  642,  642,  642
TEBSAB , CONF,  13
TEBSAB , C,  GAS
BARRANQUILLA3 , P,  566070
BARRANQUILLA3 , PAP1, 71415955
BARRANQUILLA3 , PAP2, 71415955
BARRANQUILLA3 , PAP3, 71415955
BARRANQUILLA3 , PAP4, 71415955
BARRANQUILLA3 , PAP5, 71415955
BARRANQUILLA3 , PAP6, 71415955
BARRANQUILLA3 , PAP7, 71415955
BARRANQUILLA3 , PAP8, 71415955
BARRANQUILLA3 , PAP9, 71415955
BARRANQUILLA3 , PAPUSD1, 21244
BARRANQUILLA3 , PAPUSD2, 21244
BARRANQUILLA3 , PAPUSD3, 21244
BARRANQUILLA3 , PAPUSD4, 21244
BARRANQUILLA3 , PAPUSD5, 21244
BARRANQUILLA3 , PAPUSD6, 21244
BARRANQUILLA3 , PAPUSD7, 21244
BARRANQUILLA3 , PAPUSD8, 21244
BARRANQUILLA3 , PAPUSD9, 21244
BARRANQUILLA3 , D,  60,  60,  60,  60,  60,  60,  60,  60,  60,  60,  60,  60,  60,  60,  60,  60,  60,  60,  60,  60,  60,  60,  60,  60
BARRANQUILLA3 , CONF,  1
BARRANQUILLA3 , C,  GAS
BARRANQUILLA4 , P,  566800
BARRANQUILLA4 , PAP1, 71415955
BARRANQUILLA4 , PAP2, 71415955
BARRANQUILLA4 , PAP3, 71415955
BARRANQUILLA4 , PAP4, 71415955
BARRANQUILLA4 , PAP5, 71415955
BARRANQUILLA4 , PAP6, 71415955
BARRANQUILLA4 , PAP7, 71415955
BARRANQUILLA4 , PAP8, 71415955
BARRANQUILLA4 , PAP9, 71415955
BARRANQUILLA4 , PAPUSD1, 21244
BARRANQUILLA4 , PAPUSD2, 21244
BARRANQUILLA4 , PAPUSD3, 21244
BARRANQUILLA4 , PAPUSD4, 21244
BARRANQUILLA4 , PAPUSD5, 21244
BARRANQUILLA4 , PAPUSD6, 21244
BARRANQUILLA4 , PAPUSD7, 21244
BARRANQUILLA4 , PAPUSD8, 21244
BARRANQUILLA4 , PAPUSD9, 21244
BARRANQUILLA4 , D,  0,  0,  0,  0,  0,  0,  0,  0,  0,  0,  0,  0,  0,  0,  0,  0,  0,  0,  0,  0,  0,  0,  0,  0
BARRANQUILLA4 , CONF,  1
BARRANQUILLA4 , C,  GAS


AGENTE: TERMO MECHERO
TERMOMECHERO4 , D,  19.30,  19.30,  19.30,  19.30,  19.30,  19.30,  19.30,  19.30,  19.30,  19.30,  19.30,  19.30,  19.30,  19.30,  19.30,  19.30,  19.30,  19.30,  19.30,  19.30,  19.30,  19.30,  19.30,  19.30
TERMOMECHERO5 , D,  19.30,  19.30,  19.30,  19.30,  19.30,  19.30,  19.30,  19.30,  19.30,  19.30,  19.30,  19.30,  19.30,  19.30,  19.30,  19.30,  19.30,  19.30,  19.30,  19.30,  19.30,  19.30,  19.30,  19.30
TERMOMECHERO6 , D,  19.30,  19.30,  19.30,  19.30,  19.30,  19.30,  19.30,  19.30,  19.30,  19.30,  19.30,  19.30,  19.30,  19.30,  19.30,  19.30,  19.30,  19.30,  19.30,  19.30,  19.30,  19.30,  19.30,  19.30


AGENTE: TERMOCANDELARIA
TERMOCANDELARIA1 , P,  544559
TERMOCANDELARIA1 , PAP1, 76798036
TERMOCANDELARIA1 , PAP2, 76798036
TERMOCANDELARIA1 , PAP3, 76798036
TERMOCANDELARIA1 , PAP4, 76798036
TERMOCANDELARIA1 , PAP5, 109799845
TERMOCANDELARIA1 , PAP6, 109799845
TERMOCANDELARIA1 , PAP7, 109799845
TERMOCANDELARIA1 , PAP8, 109799845
TERMOCANDELARIA1 , PAPUSD1, 22845
TERMOCANDELARIA1 , PAPUSD2, 22845
TERMOCANDELARIA1 , PAPUSD3, 22845
TERMOCANDELARIA1 , PAPUSD4, 22845
TERMOCANDELARIA1 , PAPUSD5, 32662
TERMOCANDELARIA1 , PAPUSD6, 32662
TERMOCANDELARIA1 , PAPUSD7, 32662
TERMOCANDELARIA1 , PAPUSD8, 32662
TERMOCANDELARIA1 , D,  157,  157,  157,  157,  157,  157,  157,  157,  157,  157,  157,  157,  157,  157,  157,  157,  157,  157,  157,  157,  157,  157,  157,  157
TERMOCANDELARIA1 , CONF,  1
TERMOCANDELARIA1 , C,  GAS
TERMOCANDELARIA2 , P,  550005
TERMOCANDELARIA2 , PAP1, 76798036
TERMOCANDELARIA2 , PAP2, 76798036
TERMOCANDELARIA2 , PAP3, 76798036
TERMOCANDELARIA2 , PAP4, 76798036
TERMOCANDELARIA2 , PAP5, 109799845
TERMOCANDELARIA2 , PAP6, 109799845
TERMOCANDELARIA2 , PAP7, 109799845
TERMOCANDELARIA2 , PAP8, 109799845
TERMOCANDELARIA2 , PAPUSD1, 22845
TERMOCANDELARIA2 , PAPUSD2, 22845
TERMOCANDELARIA2 , PAPUSD3, 22845
TERMOCANDELARIA2 , PAPUSD4, 22845
TERMOCANDELARIA2 , PAPUSD5, 32662
TERMOCANDELARIA2 , PAPUSD6, 32662
TERMOCANDELARIA2 , PAPUSD7, 32662
TERMOCANDELARIA2 , PAPUSD8, 32662
TERMOCANDELARIA2 , D,  0,  0,  0,  0,  0,  0,  0,  0,  0,  0,  0,  0,  0,  0,  0,  0,  0,  0,  0,  0,  0,  0,  0,  0
TERMOCANDELARIA2 , CONF,  1
TERMOCANDELARIA2 , C,  GAS


AGENTE: TERMOEMCALI
TERMOEMCALI1 , P,  750460
TERMOEMCALI1 , PAP1, 141003145
TERMOEMCALI1 , PAP2, 227667771
TERMOEMCALI1 , PAPUSD1, 41944
TERMOEMCALI1 , PAPUSD2, 67724
TERMOEMCALI1 , D,  0,  0,  0,  0,  0,  0,  0,  0,  0,  0,  0,  0,  0,  0,  0,  0,  0,  0,  0,  0,  0,  0,  0,  0
TERMOEMCALI1 , CONF,  2
TERMOEMCALI1 , C,  ACPM


AGENTE: TERMONORTE
TERMONORTE , P,  360000
TERMONORTE , PAP1, 124248432
TERMONORTE , PAP2, 76324037
TERMONORTE , PAP3, 37718274
TERMONORTE , PAP4, 114365034
TERMONORTE , PAP5, 70252807
TERMONORTE , PAP6, 34719638
TERMONORTE , PAP7, 101657808
TERMONORTE , PAP8, 62446939
TERMONORTE , PAP9, 30860406
TERMONORTE , PAP10, 88950582
TERMONORTE , PAP11, 54641072
TERMONORTE , PAP12, 27004536
TERMONORTE , PAP13, 76243356
TERMONORTE , PAP14, 46835204
TERMONORTE , PAP15, 23145304
TERMONORTE , PAP16, 63536130
TERMONORTE , PAP17, 39029337
TERMONORTE , PAP18, 19289435
TERMONORTE , PAP19, 50828904
TERMONORTE , PAP20, 31223470
TERMONORTE , PAP21, 15430203
TERMONORTE , PAP22, 38121678
TERMONORTE , PAP23, 23417602
TERMONORTE , PAP24, 11574333
TERMONORTE , PAPUSD1, 36960
TERMONORTE , PAPUSD2, 22704
TERMONORTE , PAPUSD3, 11220
TERMONORTE , PAPUSD4, 34020
TERMONORTE , PAPUSD5, 20898
TERMONORTE , PAPUSD6, 10328
TERMONORTE , PAPUSD7, 30240
TERMONORTE , PAPUSD8, 18576
TERMONORTE , PAPUSD9, 9180
TERMONORTE , PAPUSD10, 26460
TERMONORTE , PAPUSD11, 16254
TERMONORTE , PAPUSD12, 8033
TERMONORTE , PAPUSD13, 22680
TERMONORTE , PAPUSD14, 13932
TERMONORTE , PAPUSD15, 6885
TERMONORTE , PAPUSD16, 18900
TERMONORTE , PAPUSD17, 11610
TERMONORTE , PAPUSD18, 5738
TERMONORTE , PAPUSD19, 15120
TERMONORTE , PAPUSD20, 9288
TERMONORTE , PAPUSD21, 4590
TERMONORTE , PAPUSD22, 11340
TERMONORTE , PAPUSD23, 6966
TERMONORTE , PAPUSD24, 3443
TERMONORTE , D,  72,  72,  72,  72,  72,  72,  72,  72,  72,  72,  72,  72,  72,  72,  72,  72,  72,  72,  72,  72,  72,  72,  72,  72
TERMONORTE , CONF,  9
TERMONORTE , C,  GAS


AGENTE: TERMOPIEDRAS S.A.
TERMOPIEDRAS , D,  3.75,  3.75,  3.75,  3.75,  3.75,  3.75,  3.75,  3.75,  3.75,  3.75,  3.75,  3.75,  3.75,  3.75,  3.75,  3.75,  3.75,  3.75,  3.75,  3.75,  3.75,  3.75,  3.75,  3.75


AGENTE: TERMOTASAJERO
TASAJERO1 , P,  128980
TASAJERO1 , PAP1, 53087966
TASAJERO1 , PAP2, 53087966
TASAJERO1 , PAP3, 53087966
TASAJERO1 , PAPUSD1, 15792
TASAJERO1 , PAPUSD2, 15792
TASAJERO1 , PAPUSD3, 15792
TASAJERO1 , D,  0,  0,  0,  0,  0,  0,  0,  0,  0,  0,  0,  0,  0,  0,  0,  0,  0,  0,  0,  0,  0,  0,  0,  0
TASAJERO1 , CONF,  1
TASAJERO1 , C,  CARBON


AGENTE: TERMOTASAJERO DOS
TASAJERO2 , P,  120980
TASAJERO2 , PAP1, 56812730
TASAJERO2 , PAP2, 56812730
TASAJERO2 , PAPUSD1, 16900
TASAJERO2 , PAPUSD2, 16900
TASAJERO2 , D,  170,  170,  170,  170,  170,  170,  170,  170,  170,  170,  170,  170,  170,  170,  170,  170,  170,  170,  170,  170,  170,  170,  170,  170
TASAJERO2 , CONF,  1
TASAJERO2 , C,  CARBON


AGENTE: TERMOVALLE
TERMOVALLE1 , P,  742829
TERMOVALLE1 , PAP1, 80680800
TERMOVALLE1 , PAP2, 80680800
TERMOVALLE1 , PAP3, 80680800
TERMOVALLE1 , PAP4, 235319000
TERMOVALLE1 , PAP5, 235319000
TERMOVALLE1 , PAP6, 235319000
TERMOVALLE1 , PAP7, 80680800
TERMOVALLE1 , PAP8, 235319000
TERMOVALLE1 , PAPUSD1, 24000
TERMOVALLE1 , PAPUSD2, 24000
TERMOVALLE1 , PAPUSD3, 24000
TERMOVALLE1 , PAPUSD4, 70000
TERMOVALLE1 , PAPUSD5, 70000
TERMOVALLE1 , PAPUSD6, 70000
TERMOVALLE1 , PAPUSD7, 24000
TERMOVALLE1 , PAPUSD8, 70000
TERMOVALLE1 , D,  200,  200,  200,  200,  200,  200,  200,  200,  200,  200,  200,  200,  200,  200,  200,  200,  200,  200,  200,  200,  200,  200,  200,  200
TERMOVALLE1 , CONF,  4
TERMOVALLE1 , C,  ACPM


AGENTE: TERMOYOPAL
TERMOYOPAL2 , P,  68000
TERMOYOPAL2 , PAP1, 5714890
TERMOYOPAL2 , PAPUSD1, 1700
TERMOYOPAL2 , D,  30,  30,  30,  30,  30,  30,  30,  30,  30,  30,  30,  30,  30,  30,  30,  30,  30,  30,  30,  30,  30,  30,  30,  30
TERMOYOPAL2 , CONF,  1
TERMOYOPAL2 , C,  GAS
TERMOYOPAL1 , D,  19.90,  19.90,  19.90,  19.90,  19.90,  19.90,  19.90,  19.90,  19.90,  19.90,  19.00,  19.00,  19.00,  19.00,  19.00,  19.90,  19.90,  19.90,  19.90,  19.90,  19.90,  19.90,  19.90,  19.90


AGENTE: URRA
URRA , P,  500000
URRA1 , D,  0,  0,  0,  0,  0,  0,  0,  0,  0,  0,  0,  0,  0,  0,  0,  0,  0,  0,  0,  0,  0,  0,  0,  0
URRA2 , D,  78,  78,  78,  78,  78,  78,  78,  78,  78,  78,  78,  78,  78,  78,  78,  78,  78,  78,  78,  78,  78,  78,  78,  78
URRA3 , D,  78,  78,  78,  78,  78,  78,  78,  78,  78,  78,  78,  78,  78,  78,  78,  78,  78,  78,  78,  78,  78,  78,  78,  78
URRA4 , D,  78,  78,  78,  78,  78,  78,  78,  78,  78,  78,  78,  78,  78,  78,  78,  78,  78,  78,  78,  78,  78,  78,  78,  78
URRA , AGCP,  0,  0,  0,  0,  0,  0,  0,  0,  0,  0,  0,  0,  0,  0,  0,  0,  0,  0,  0,  0,  0,  0,  0,  0
URRA1 , AGCU,  0,  0,  0,  0,  0,  0,  0,  0,  0,  0,  0,  0,  0,  0,  0,  0,  0,  0,  0,  0,  0,  0,  0,  0
URRA2 , AGCU,  0,  0,  0,  0,  0,  0,  0,  0,  0,  0,  0,  0,  0,  0,  0,  0,  0,  0,  0,  0,  0,  0,  0,  0
URRA3 , AGCU,  0,  0,  0,  0,  0,  0,  0,  0,  0,  0,  0,  0,  0,  0,  0,  0,  0,  0,  0,  0,  0,  0,  0,  0
URRA4 , AGCU,  0,  0,  0,  0,  0,  0,  0,  0,  0,  0,  0,  0,  0,  0,  0,  0,  0,  0,  0,  0,  0,  0,  0,  0
URRA , MO,  156,  156,  156,  156,  156,  156,  234,  234,  234,  234,  234,  234,  234,  234,  234,  234,  234,  234,  234,  234,  234,  234,  234,  234


AGENTE: VATIA S.A.
FLORIDA21 , D,  6.50,  6.50,  6.50,  6.50,  6.50,  6.50,  6.50,  6.50,  6.50,  6.50,  6.50,  6.50,  0.00,  0.00,  0.00,  0.00,  9.50,  9.50,  9.50,  9.50,  9.50,  9.50,  0.00,  0.00
FLORIDA22 , D,  6.50,  6.50,  6.50,  6.50,  6.50,  6.50,  6.50,  6.50,  6.50,  6.50,  6.50,  6.50,  8.50,  8.50,  8.50,  8.50,  9.50,  9.50,  9.50,  9.50,  9.50,  9.50,  9.50,  9.00
LASPALMAS1 , D,  0.00,  0.00,  0.00,  0.00,  0.00,  0.00,  0.00,  0.00,  0.00,  0.00,  0.00,  0.00,  0.00,  0.00,  0.00,  0.00,  0.00,  0.00,  0.00,  0.00,  0.00,  0.00,  0.00,  0.00
LASPALMAS2 , D,  1.40,  1.40,  1.40,  1.40,  1.40,  1.40,  1.40,  1.40,  1.40,  1.40,  1.40,  1.40,  1.40,  1.40,  1.40,  1.40,  1.40,  1.40,  1.40,  1.40,  1.40,  1.40,  1.40,  1.40
OVEJAS , D,  0.00,  0.00,  0.00,  0.00,  0.00,  0.00,  0.00,  0.00,  0.00,  0.00,  0.00,  0.00,  0.00,  0.00,  0.00,  0.00,  0.00,  0.00,  0.00,  0.00,  0.00,  0.00,  0.00,  0.00
PASTALES , D,  0.42,  0.42,  0.42,  0.42,  0.42,  0.42,  0.42,  0.42,  0.42,  0.42,  0.42,  0.42,  0.42,  0.42,  0.42,  0.42,  0.42,  0.42,  0.42,  0.42,  0.42,  0.42,  0.42,  0.42
MONDOMO , D,  0.42,  0.42,  0.42,  0.42,  0.42,  0.42,  0.42,  0.42,  0.42,  0.42,  0.42,  0.42,  0.42,  0.42,  0.42,  0.42,  0.42,  0.42,  0.42,  0.42,  0.42,  0.42,  0.42,  0.42
ASNAZU , D,  0.32,  0.32,  0.32,  0.32,  0.32,  0.32,  0.32,  0.32,  0.32,  0.32,  0.32,  0.32,  0.32,  0.32,  0.32,  0.32,  0.32,  0.32,  0.32,  0.32,  0.32,  0.32,  0.32,  0.32
INZA , D,  0.50,  0.50,  0.50,  0.50,  0.50,  0.50,  0.50,  0.50,  0.50,  0.50,  0.50,  0.50,  0.50,  0.50,  0.50,  0.50,  0.50,  0.50,  0.50,  0.50,  0.50,  0.50,  0.50,  0.50
MIROLINDO , D,  1.41,  1.41,  1.41,  1.41,  1.41,  1.41,  1.41,  1.41,  1.41,  1.41,  1.41,  1.41,  1.41,  1.41,  1.41,  1.41,  1.41,  1.41,  1.41,  1.41,  1.41,  1.41,  1.41,  1.41
SAJANDI , D,  0.00,  0.00,  0.00,  0.00,  0.00,  0.00,  0.00,  0.00,  0.00,  0.00,  0.00,  0.00,  0.00,  0.00,  0.00,  0.00,  0.00,  0.00,  0.00,  0.00,  0.00,  0.00,  0.00,  0.00
SILVIA , D,  0.30,  0.30,  0.30,  0.30,  0.30,  0.30,  0.30,  0.30,  0.30,  0.30,  0.30,  0.30,  0.30,  0.30,  0.30,  0.30,  0.30,  0.30,  0.30,  0.30,  0.30,  0.30,  0.30,  0.30
RIORECIO , D,  0.00,  0.00,  0.00,  0.00,  0.00,  0.00,  0.00,  0.00,  0.00,  0.00,  0.00,  0.00,  0.00,  0.00,  0.00,  0.00,  0.00,  0.00,  0.00,  0.00,  0.00,  0.00,  0.00,  0.00
VENTANAA , D,  0.00,  0.00,  0.00,  0.00,  0.00,  0.00,  0.00,  0.00,  0.00,  0.00,  0.00,  0.00,  0.00,  0.00,  0.00,  0.00,  0.00,  0.00,  0.00,  0.00,  0.00,  0.00,  0.00,  0.00
VENTANAB , D,  2.41,  2.41,  2.41,  2.41,  2.41,  2.41,  2.41,  2.41,  2.41,  2.41,  2.41,  2.41,  2.41,  2.41,  2.41,  2.41,  2.41,  2.41,  2.41,  2.41,  2.41,  2.41,  2.41,  2.41
RIOPALO , D,  0.75,  0.75,  0.75,  0.75,  0.75,  0.75,  0.75,  0.75,  0.75,  0.75,  0.75,  0.75,  0.75,  0.75,  0.75,  0.75,  0.75,  0.75,  0.75,  0.75,  0.75,  0.75,  0.75,  0.75
SANTIAGO , D,  0.81,  0.81,  0.81,  0.81,  0.81,  0.81,  0.81,  0.81,  0.81,  0.81,  0.81,  0.81,  0.81,  0.81,  0.81,  0.81,  0.81,  0.81,  0.81,  0.81,  0.81,  0.81,  0.81,  0.81


AGENTE: ZF CELSIA
FLORES1 , P,  362157
FLORES1 , PAP1, 67748340
FLORES1 , PAP2, 67748340
FLORES1 , PAP3, 67748340
FLORES1 , PAPUSD1, 20153
FLORES1 , PAPUSD2, 20153
FLORES1 , PAPUSD3, 20153
FLORES1 , D,  160,  160,  160,  160,  160,  160,  160,  160,  160,  160,  160,  160,  160,  160,  160,  160,  160,  160,  160,  160,  160,  160,  160,  160
FLORES1 , CONF,  1
FLORES1 , C,  GAS
FLORES4B , P,  324372
FLORES4B , PAP1, 136932126
FLORES4B , PAP2, 136932126
FLORES4B , PAP3, 136932126
FLORES4B , PAP4, 151000841
FLORES4B , PAP5, 151000841
FLORES4B , PAP6, 151000841
FLORES4B , PAP8, 59350814
FLORES4B , PAP9, 77581313
FLORES4B , PAP10, 77581313
FLORES4B , PAP11, 77581313
FLORES4B , PAP14, 168515298
FLORES4B , PAPUSD1, 40733
FLORES4B , PAPUSD2, 40733
FLORES4B , PAPUSD3, 40733
FLORES4B , PAPUSD4, 44918
FLORES4B , PAPUSD5, 44918
FLORES4B , PAPUSD6, 44918
FLORES4B , PAPUSD8, 17655
FLORES4B , PAPUSD9, 23078
FLORES4B , PAPUSD10, 23078
FLORES4B , PAPUSD11, 23078
FLORES4B , PAPUSD14, 50128
FLORES4B , D,  450,  450,  450,  450,  450,  450,  450,  450,  450,  450,  450,  450,  450,  450,  450,  450,  450,  450,  450,  450,  450,  450,  450,  450
FLORES4B , CONF,  1
FLORES4B , C,  GAS


