Ofertas Iniciales para: 2021-08-17


AGENTE: AES CHIVOR
CHIVOR1 , D,  125,  125,  125,  125,  125,  125,  125,  125,  125,  125,  125,  125,  125,  125,  125,  125,  125,  125,  125,  125,  125,  125,  125,  125
CHIVOR2 , D,  125,  125,  125,  125,  125,  125,  125,  125,  125,  125,  125,  125,  125,  125,  125,  125,  125,  125,  125,  125,  125,  125,  125,  125
CHIVOR3 , D,  125,  125,  125,  125,  125,  125,  125,  125,  125,  125,  125,  125,  125,  125,  125,  125,  125,  125,  125,  125,  125,  125,  125,  125
CHIVOR4 , D,  125,  125,  125,  125,  125,  125,  125,  125,  125,  125,  125,  125,  125,  125,  125,  125,  125,  125,  125,  125,  125,  125,  125,  125
CHIVOR5 , D,  125,  125,  125,  125,  125,  125,  125,  125,  125,  125,  125,  125,  125,  125,  125,  125,  125,  125,  125,  125,  125,  125,  125,  125
CHIVOR6 , D,  125,  125,  125,  125,  125,  125,  125,  125,  125,  125,  125,  125,  125,  125,  125,  125,  125,  125,  125,  125,  125,  125,  125,  125
CHIVOR7 , D,  125,  125,  125,  125,  125,  125,  125,  125,  125,  125,  125,  125,  125,  125,  125,  125,  125,  125,  125,  125,  125,  125,  125,  125
CHIVOR8 , D,  125,  125,  125,  125,  125,  125,  125,  125,  125,  125,  125,  125,  125,  125,  125,  125,  125,  125,  125,  125,  125,  125,  125,  125
CHIVOR , AGCP,  735,  735,  735,  735,  735,  735,  735,  735,  735,  735,  735,  735,  735,  735,  735,  735,  735,  735,  735,  735,  735,  735,  735,  735
CHIVOR1 , AGCU,  105,  105,  105,  105,  105,  105,  105,  105,  105,  105,  105,  105,  105,  105,  105,  105,  105,  105,  105,  105,  105,  105,  105,  105
CHIVOR2 , AGCU,  105,  105,  105,  105,  105,  105,  105,  105,  105,  105,  105,  105,  105,  105,  105,  105,  105,  105,  105,  105,  105,  105,  105,  105
CHIVOR3 , AGCU,  105,  105,  105,  105,  105,  105,  105,  105,  105,  105,  105,  105,  105,  105,  105,  105,  105,  105,  105,  105,  105,  105,  105,  105
CHIVOR4 , AGCU,  105,  105,  105,  105,  105,  105,  105,  105,  105,  105,  105,  105,  105,  105,  105,  105,  105,  105,  105,  105,  105,  105,  105,  105
CHIVOR5 , AGCU,  105,  105,  105,  105,  105,  105,  105,  105,  105,  105,  105,  105,  105,  105,  105,  105,  105,  105,  105,  105,  105,  105,  105,  105
CHIVOR6 , AGCU,  0,  0,  0,  0,  0,  0,  0,  0,  0,  0,  0,  0,  0,  0,  0,  0,  0,  0,  0,  0,  0,  0,  0,  0
CHIVOR7 , AGCU,  105,  105,  105,  105,  105,  105,  105,  105,  105,  105,  105,  105,  105,  105,  105,  105,  105,  105,  105,  105,  105,  105,  105,  105
CHIVOR8 , AGCU,  105,  105,  105,  105,  105,  105,  105,  105,  105,  105,  105,  105,  105,  105,  105,  105,  105,  105,  105,  105,  105,  105,  105,  105
TUNJITA1 , D,  19.60,  19.60,  19.60,  19.60,  19.60,  19.60,  19.60,  19.60,  19.60,  19.60,  19.60,  19.60,  19.60,  19.60,  19.60,  19.60,  19.60,  19.60,  19.60,  19.60,  19.60,  19.60,  19.60,  19.60


AGENTE: AURES BAJO
AURESBAJO1 , D,  9.00,  9.00,  9.00,  9.00,  9.00,  9.00,  9.00,  8.00,  8.00,  8.00,  8.00,  8.00,  8.00,  8.00,  8.00,  8.00,  8.00,  8.00,  8.00,  8.00,  8.00,  8.00,  8.00,  8.00
AURESBAJO2 , D,  8.00,  8.00,  8.00,  8.00,  8.00,  8.00,  8.00,  8.00,  8.00,  8.00,  8.00,  8.00,  8.00,  8.00,  8.00,  8.00,  8.00,  8.00,  8.00,  8.00,  8.00,  8.00,  8.00,  8.00


AGENTE: BIOGAS COLOMBIA
DOÑAJUANA , D,  0.25,  0.25,  0.25,  0.25,  0.25,  0.25,  0.25,  0.25,  0.25,  0.25,  0.25,  0.25,  0.25,  0.25,  0.25,  0.25,  0.25,  0.25,  0.25,  0.25,  0.25,  0.25,  0.25,  0.25


AGENTE: CANTAYÚS
CANTAYUS1 , D,  1.50,  1.50,  1.50,  1.50,  1.50,  1.50,  1.50,  1.50,  1.50,  1.50,  1.50,  1.50,  1.50,  1.50,  1.50,  1.50,  1.50,  1.50,  1.50,  1.50,  1.50,  1.50,  1.50,  1.50
CANTAYUS2 , D,  1.50,  1.50,  1.50,  1.50,  1.50,  1.50,  1.50,  1.50,  1.50,  1.50,  1.50,  1.50,  1.50,  1.50,  1.50,  1.50,  1.50,  1.50,  1.50,  1.50,  1.50,  1.50,  1.50,  1.50


AGENTE: CASCADA
SANMIGUEL1 , D,  22,  22,  22,  22,  22,  22,  22,  22,  22,  22,  22,  22,  22,  22,  22,  22,  22,  22,  22,  22,  22,  22,  22,  22
SANMIGUEL2 , D,  22,  22,  22,  22,  22,  22,  22,  22,  22,  22,  22,  22,  22,  22,  22,  22,  22,  22,  22,  22,  22,  22,  22,  22
ELPOPAL1 , D,  9.95,  9.95,  9.95,  9.95,  9.95,  9.95,  9.95,  9.95,  9.95,  9.95,  9.95,  9.95,  9.95,  9.95,  9.95,  9.95,  9.95,  9.95,  9.95,  9.95,  9.95,  9.95,  9.95,  9.95
ELPOPAL2 , D,  9.95,  9.95,  9.95,  9.95,  9.95,  9.95,  9.95,  9.95,  9.95,  9.95,  9.95,  9.95,  9.95,  9.95,  9.95,  9.95,  9.95,  9.95,  9.95,  9.95,  9.95,  9.95,  9.95,  9.95
ELMOLINO1 , D,  9.72,  9.72,  9.72,  9.72,  9.72,  9.72,  9.72,  9.72,  9.72,  9.72,  9.72,  9.72,  9.72,  9.72,  9.72,  9.72,  9.72,  9.72,  9.72,  9.72,  9.72,  9.72,  9.72,  9.72
ELMOLINO2 , D,  9.72,  9.72,  9.72,  9.72,  9.72,  9.72,  9.72,  9.72,  9.72,  9.72,  9.72,  9.72,  9.72,  9.72,  9.72,  9.72,  9.72,  9.72,  9.72,  9.72,  9.72,  9.72,  9.72,  9.72
BARROSO1 , D,  9.73,  9.73,  9.73,  9.73,  9.73,  9.73,  9.73,  9.73,  9.73,  9.73,  9.73,  9.73,  9.73,  9.73,  9.73,  9.73,  9.73,  9.73,  9.73,  9.73,  9.73,  9.73,  9.73,  9.73
CARUQUIA1 , D,  9.37,  9.37,  9.37,  9.37,  9.37,  9.37,  9.37,  9.37,  9.37,  9.37,  9.37,  9.37,  9.37,  9.37,  9.37,  9.37,  9.37,  9.37,  9.37,  9.37,  9.37,  9.37,  9.37,  9.37
GUANAQUITAS1 , D,  9.50,  9.50,  9.50,  9.50,  9.50,  9.50,  9.50,  9.50,  9.50,  9.50,  9.50,  9.50,  9.50,  9.50,  9.50,  9.50,  9.50,  9.50,  9.50,  9.50,  9.50,  9.50,  9.50,  9.50
LACASCADA(ANTIOQUIA)1 , D,  2.07,  2.07,  2.07,  2.07,  2.07,  2.07,  2.07,  2.07,  2.07,  2.07,  2.07,  2.07,  2.07,  2.07,  2.07,  2.07,  2.07,  2.07,  2.07,  2.07,  2.07,  2.07,  2.07,  2.07
SANMATIAS1 , D,  9.73,  9.73,  9.73,  9.73,  9.73,  9.73,  9.73,  9.73,  9.73,  9.73,  9.73,  9.73,  9.73,  9.73,  9.73,  9.73,  9.73,  9.73,  9.73,  9.73,  9.73,  9.73,  9.73,  9.73
SANMATIAS2 , D,  9.73,  9.73,  9.73,  9.73,  9.73,  9.73,  9.73,  9.73,  9.73,  9.73,  9.73,  9.73,  9.73,  9.73,  9.73,  9.73,  9.73,  9.73,  9.73,  9.73,  9.73,  9.73,  9.73,  9.73
BARROSO2 , D,  9.73,  9.73,  9.73,  9.73,  9.73,  9.73,  9.73,  9.73,  9.73,  9.73,  9.73,  9.73,  9.73,  9.73,  9.73,  9.73,  9.73,  9.73,  9.73,  9.73,  9.73,  9.73,  9.73,  9.73


AGENTE: CCG ENERGY SAS ESP
PATICO-LACABRERA1 , D,  1.30,  1.30,  1.30,  1.30,  1.30,  1.30,  1.30,  1.30,  1.30,  1.30,  1.30,  1.30,  1.30,  1.30,  1.30,  1.30,  1.30,  1.30,  1.30,  1.30,  1.30,  1.30,  1.30,  1.30


AGENTE: CEDENAR
RIOMAYO1 , D,  6.96,  6.96,  6.96,  6.96,  6.96,  6.96,  6.96,  6.96,  6.96,  6.96,  6.96,  6.96,  6.96,  6.96,  6.96,  6.96,  6.96,  6.96,  6.96,  6.96,  6.96,  6.96,  6.96,  6.96
RIOMAYO2 , D,  0.00,  0.00,  0.00,  0.00,  0.00,  0.00,  0.00,  0.00,  0.00,  0.00,  0.00,  0.00,  0.00,  0.00,  0.00,  0.00,  0.00,  0.00,  0.00,  0.00,  0.00,  0.00,  0.00,  0.00
RIOMAYO3 , D,  0.00,  0.00,  0.00,  0.00,  6.95,  6.95,  6.95,  6.95,  6.95,  6.95,  6.95,  6.95,  6.95,  6.95,  6.95,  6.95,  6.95,  6.95,  6.95,  6.95,  6.95,  6.95,  6.95,  6.95
JULIOBRAVO1 , D,  0.00,  0.00,  0.00,  0.00,  0.00,  0.00,  0.00,  0.00,  0.00,  0.00,  0.00,  0.00,  0.00,  0.00,  0.00,  0.00,  0.00,  0.00,  0.00,  0.00,  0.00,  0.00,  0.00,  0.00
RIOBOBO1 , D,  3.20,  3.20,  3.30,  3.30,  3.30,  3.30,  3.30,  3.30,  3.30,  3.30,  3.20,  3.20,  3.20,  3.20,  3.20,  3.20,  3.20,  3.20,  3.20,  3.20,  3.20,  3.20,  3.20,  3.20
RIOSAPUYES1 , D,  1.50,  1.50,  1.50,  1.50,  1.50,  1.50,  1.50,  1.50,  1.50,  1.50,  1.50,  1.50,  1.50,  1.50,  1.50,  1.50,  1.50,  1.50,  1.50,  1.50,  1.50,  1.50,  1.50,  1.50


AGENTE: CELSIA COLOMBIA
CALIMA1 , D,  33,  33,  33,  33,  33,  33,  33,  33,  33,  33,  33,  33,  33,  33,  33,  33,  33,  33,  33,  33,  33,  33,  33,  33
CALIMA2 , D,  33,  33,  33,  33,  33,  33,  33,  33,  33,  33,  33,  33,  33,  33,  33,  33,  33,  33,  33,  33,  33,  33,  33,  33
CALIMA3 , D,  33,  33,  33,  33,  33,  33,  33,  33,  33,  33,  33,  33,  33,  33,  33,  33,  33,  33,  33,  33,  33,  33,  33,  33
CALIMA4 , D,  33,  33,  33,  33,  33,  33,  33,  33,  33,  33,  33,  33,  33,  33,  33,  33,  33,  33,  33,  33,  33,  33,  33,  33
CALIMA , AGCP,  68,  68,  68,  68,  68,  68,  68,  68,  68,  68,  68,  68,  68,  68,  68,  68,  68,  68,  68,  68,  68,  68,  68,  68
CALIMA1 , AGCU,  17,  17,  17,  17,  17,  17,  17,  17,  17,  17,  17,  17,  17,  17,  17,  17,  17,  17,  17,  17,  17,  17,  17,  17
CALIMA2 , AGCU,  17,  17,  17,  17,  17,  17,  17,  17,  17,  17,  17,  17,  17,  17,  17,  17,  17,  17,  17,  17,  17,  17,  17,  17
CALIMA3 , AGCU,  17,  17,  17,  17,  17,  17,  17,  17,  17,  17,  17,  17,  17,  17,  17,  17,  17,  17,  17,  17,  17,  17,  17,  17
CALIMA4 , AGCU,  17,  17,  17,  17,  17,  17,  17,  17,  17,  17,  17,  17,  17,  17,  17,  17,  17,  17,  17,  17,  17,  17,  17,  17
PRADO1 , D,  17,  17,  17,  17,  17,  17,  17,  17,  17,  17,  17,  17,  17,  17,  17,  17,  17,  17,  17,  17,  17,  17,  17,  17
PRADO2 , D,  17,  17,  17,  17,  17,  17,  17,  17,  17,  17,  17,  17,  17,  17,  17,  17,  17,  17,  17,  17,  17,  17,  17,  17
PRADO3 , D,  17,  17,  17,  17,  17,  17,  17,  17,  17,  17,  17,  17,  17,  17,  17,  17,  17,  17,  17,  17,  17,  17,  17,  17
PRADO , AGCP,  48,  48,  48,  48,  48,  48,  48,  48,  48,  48,  48,  48,  48,  48,  48,  48,  48,  48,  48,  48,  48,  48,  48,  48
PRADO1 , AGCU,  16,  16,  16,  16,  16,  16,  16,  16,  16,  16,  16,  16,  16,  16,  16,  16,  16,  16,  16,  16,  16,  16,  16,  16
PRADO2 , AGCU,  16,  16,  16,  16,  16,  16,  16,  16,  16,  16,  16,  16,  16,  16,  16,  16,  16,  16,  16,  16,  16,  16,  16,  16
PRADO3 , AGCU,  16,  16,  16,  16,  16,  16,  16,  16,  16,  16,  16,  16,  16,  16,  16,  16,  16,  16,  16,  16,  16,  16,  16,  16
SALVAJINA1 , D,  125,  125,  125,  125,  125,  125,  125,  125,  125,  125,  125,  125,  125,  125,  125,  125,  125,  125,  125,  125,  125,  125,  125,  125
SALVAJINA2 , D,  95,  95,  95,  95,  95,  95,  95,  95,  95,  95,  95,  95,  95,  95,  95,  95,  95,  95,  95,  95,  95,  95,  95,  95
SALVAJINA3 , D,  95,  95,  95,  95,  95,  95,  95,  95,  95,  95,  95,  95,  95,  95,  95,  95,  95,  95,  95,  95,  95,  95,  95,  95
SALVAJINA , AGCP,  0,  0,  0,  0,  0,  0,  0,  0,  0,  0,  0,  0,  0,  0,  0,  0,  0,  0,  0,  0,  0,  0,  0,  0
SALVAJINA2 , AGCU,  0,  0,  0,  0,  0,  0,  0,  0,  0,  0,  0,  0,  0,  0,  0,  0,  0,  0,  0,  0,  0,  0,  0,  0
SALVAJINA3 , AGCU,  0,  0,  0,  0,  0,  0,  0,  0,  0,  0,  0,  0,  0,  0,  0,  0,  0,  0,  0,  0,  0,  0,  0,  0
SALVAJINA , MO,  60,  60,  125,  125,  125,  125,  125,  125,  190,  190,  190,  190,  190,  190,  190,  190,  190,  190,  190,  190,  190,  95,  60,  60
ALTOANCHICAYA1 , D,  115,  115,  115,  115,  115,  115,  115,  115,  115,  115,  115,  115,  115,  115,  115,  115,  115,  115,  115,  115,  115,  115,  115,  115
ALTOANCHICAYA2 , D,  120,  120,  120,  120,  120,  120,  120,  120,  120,  120,  120,  120,  120,  120,  120,  120,  120,  120,  120,  120,  120,  120,  120,  120
ALTOANCHICAYA3 , D,  0,  0,  0,  0,  0,  0,  0,  0,  0,  0,  0,  0,  0,  0,  0,  0,  0,  0,  0,  0,  0,  0,  0,  0
BAJOANCHICAYA1 , D,  0,  0,  0,  0,  10,  10,  10,  10,  10,  10,  10,  10,  10,  10,  10,  10,  10,  10,  10,  10,  10,  10,  10,  10
BAJOANCHICAYA2 , D,  0,  0,  0,  0,  10,  10,  10,  10,  10,  10,  10,  10,  10,  10,  10,  10,  10,  10,  10,  10,  10,  10,  10,  10
BAJOANCHICAYA3 , D,  0,  0,  0,  0,  12,  12,  12,  12,  12,  12,  12,  12,  12,  12,  12,  12,  12,  12,  12,  12,  12,  12,  12,  12
BAJOANCHICAYA4 , D,  5,  5,  5,  5,  13,  13,  13,  13,  13,  13,  13,  13,  13,  13,  13,  13,  13,  13,  13,  13,  13,  13,  13,  13
ALBAN , AGCP,  174,  174,  174,  174,  174,  174,  174,  174,  174,  174,  174,  174,  174,  174,  174,  174,  174,  174,  0,  0,  0,  174,  174,  174
ALTOANCHICAYA1 , AGCU,  85,  85,  85,  85,  85,  85,  85,  85,  85,  85,  85,  85,  85,  85,  85,  85,  85,  85,  0,  0,  0,  85,  85,  85
ALTOANCHICAYA2 , AGCU,  90,  90,  90,  90,  90,  90,  90,  90,  90,  90,  90,  90,  90,  90,  90,  90,  90,  90,  0,  0,  0,  90,  90,  90
ALTOANCHICAYA3 , AGCU,  0,  0,  0,  0,  0,  0,  0,  0,  0,  0,  0,  0,  0,  0,  0,  0,  0,  0,  0,  0,  0,  0,  0,  0
BAJOANCHICAYA1 , AGCU,  0,  0,  0,  0,  0,  0,  0,  0,  0,  0,  0,  0,  0,  0,  0,  0,  0,  0,  0,  0,  0,  0,  0,  0
BAJOANCHICAYA3 , AGCU,  0,  0,  0,  0,  0,  0,  0,  0,  0,  0,  0,  0,  0,  0,  0,  0,  0,  0,  0,  0,  0,  0,  0,  0
ALBAN , MO,  5,  5,  5,  5,  5,  5,  5,  5,  5,  5,  5,  5,  5,  5,  5,  5,  5,  5,  5,  5,  5,  5,  5,  5
CUCUANA1 , D,  28,  28,  28,  28,  28,  28,  28,  28,  28,  28,  28,  28,  28,  28,  28,  28,  28,  28,  28,  28,  28,  28,  28,  28
CUCUANA2 , D,  28,  28,  28,  28,  28,  28,  28,  28,  28,  28,  28,  28,  28,  28,  28,  28,  28,  28,  28,  28,  28,  28,  28,  28
MERILECTRICA1 , D,  167,  167,  167,  167,  167,  167,  167,  167,  167,  167,  167,  167,  167,  167,  167,  167,  167,  167,  167,  167,  167,  167,  167,  167
MERILECTRICA1 , CONF,  1
MERILECTRICA1 , C,  GAS
CELSIASOLARESPINAL1 , D,  0.00,  0.00,  0.00,  0.00,  0.00,  0.00,  0.00,  0.00,  1.00,  2.00,  5.00,  4.00,  4.00,  5.00,  0.00,  2.00,  0.00,  0.00,  0.00,  0.00,  0.00,  0.00,  0.00,  0.00
CELSIASOLARESPINAL1 , INVD,  55.00,  55.00,  55.00,  55.00,  55.00,  55.00,  55.00,  55.00,  55.00,  55.00,  55.00,  55.00,  55.00,  55.00,  55.00,  55.00,  55.00,  55.00,  55.00,  55.00,  55.00,  55.00,  55.00,  55.00
CELSIASOLARCARMELO1 , D,  0.00,  0.00,  0.00,  0.00,  0.00,  0.00,  0.00,  0.00,  0.00,  0.00,  0.00,  0.00,  0.00,  0.00,  0.00,  0.00,  1.00,  0.00,  0.00,  0.00,  0.00,  0.00,  0.00,  0.00
CELSIASOLARCARMELO1 , INVD,  56.00,  56.00,  56.00,  56.00,  56.00,  56.00,  56.00,  56.00,  56.00,  56.00,  56.00,  56.00,  56.00,  56.00,  56.00,  56.00,  56.00,  56.00,  56.00,  56.00,  56.00,  56.00,  56.00,  56.00
CELSIASOLARLAPAILA1 , D,  0.00,  0.00,  0.00,  0.00,  0.00,  0.00,  0.00,  0.00,  0.00,  0.00,  0.00,  0.00,  0.00,  0.00,  0.00,  0.00,  0.00,  0.00,  0.00,  0.00,  0.00,  0.00,  0.00,  0.00
CELSIASOLARLAPAILA1 , INVD,  0.00,  0.00,  0.00,  0.00,  0.00,  0.00,  0.00,  0.00,  0.00,  0.00,  0.00,  0.00,  0.00,  0.00,  0.00,  0.00,  0.00,  0.00,  0.00,  0.00,  0.00,  0.00,  0.00,  0.00
PRADO4 , D,  3.00,  3.00,  3.00,  3.00,  3.00,  3.00,  3.00,  3.00,  3.00,  3.00,  3.00,  3.00,  3.00,  3.00,  3.00,  3.00,  3.00,  3.00,  3.00,  3.00,  4.00,  3.00,  3.00,  3.00
RIOCALI1 , D,  0.00,  0.00,  0.00,  0.00,  0.00,  0.00,  0.00,  0.00,  0.00,  0.00,  0.00,  0.00,  0.00,  0.00,  0.00,  0.00,  0.00,  0.00,  0.00,  0.00,  0.00,  0.00,  0.00,  0.00
RIOCALI2 , D,  0.00,  0.00,  0.00,  0.00,  0.00,  0.00,  0.00,  0.00,  0.00,  0.00,  0.00,  0.00,  0.00,  0.00,  0.00,  0.00,  0.00,  0.00,  0.00,  0.00,  0.00,  0.00,  0.00,  0.00
BAJOTULUA1 , D,  0.00,  0.00,  0.00,  0.00,  0.00,  0.00,  0.00,  0.00,  0.00,  0.00,  0.00,  0.00,  0.00,  0.00,  0.00,  0.00,  0.00,  0.00,  0.00,  0.00,  0.00,  0.00,  0.00,  0.00
BAJOTULUA2 , D,  0.00,  0.00,  0.00,  0.00,  0.00,  0.00,  0.00,  0.00,  0.00,  0.00,  0.00,  0.00,  0.00,  0.00,  0.00,  0.00,  0.00,  0.00,  0.00,  0.00,  0.00,  0.00,  0.00,  0.00
ALTOTULUA1 , D,  6.00,  6.00,  5.00,  5.00,  5.00,  5.00,  4.00,  4.00,  4.00,  4.00,  4.00,  4.00,  4.00,  4.00,  4.00,  4.00,  4.00,  4.00,  5.00,  7.00,  7.00,  7.00,  7.00,  9.00
ALTOTULUA2 , D,  6.00,  6.00,  5.00,  5.00,  5.00,  5.00,  4.00,  4.00,  4.00,  4.00,  4.00,  4.00,  4.00,  4.00,  4.00,  4.00,  4.00,  4.00,  5.00,  7.00,  7.00,  7.00,  7.00,  9.00
HIDROMONTAÑITAS1 , D,  9.00,  9.00,  9.00,  9.00,  9.00,  9.00,  9.00,  9.00,  9.00,  9.00,  9.00,  9.00,  9.00,  9.00,  9.00,  9.00,  9.00,  9.00,  9.00,  9.00,  9.00,  9.00,  9.00,  9.00
HIDROMONTAÑITAS2 , D,  9.00,  9.00,  9.00,  9.00,  9.00,  9.00,  9.00,  9.00,  9.00,  9.00,  9.00,  9.00,  9.00,  9.00,  9.00,  9.00,  9.00,  9.00,  9.00,  9.00,  9.00,  9.00,  9.00,  9.00
RIOPIEDRAS1 , D,  9.00,  9.00,  9.00,  9.00,  9.00,  9.00,  9.00,  9.00,  9.00,  9.00,  9.00,  8.00,  5.00,  9.00,  8.00,  9.00,  9.00,  8.00,  9.00,  9.00,  9.00,  9.00,  9.00,  9.00
RIOPIEDRAS2 , D,  9.00,  9.00,  9.00,  9.00,  9.00,  9.00,  9.00,  9.00,  9.00,  9.00,  9.00,  8.00,  5.00,  9.00,  8.00,  9.00,  9.00,  8.00,  9.00,  9.00,  9.00,  9.00,  9.00,  9.00
AMAIME1 , D,  11.00,  11.00,  11.00,  11.00,  11.00,  10.00,  10.00,  10.00,  10.00,  10.00,  10.00,  10.00,  10.00,  10.00,  10.00,  10.00,  10.00,  10.00,  7.00,  11.00,  11.00,  12.00,  14.00,  14.00
NIMA1 , D,  4.00,  4.00,  4.00,  4.00,  4.00,  4.00,  4.00,  4.00,  4.00,  4.00,  4.00,  4.00,  4.00,  4.00,  4.00,  4.00,  4.00,  4.00,  4.00,  4.00,  5.00,  5.00,  5.00,  5.00
SANANDRESDECUERQUIA1 , D,  9.00,  9.00,  9.00,  9.00,  9.00,  9.00,  9.00,  9.00,  9.00,  9.00,  9.00,  9.00,  9.00,  9.00,  9.00,  9.00,  9.00,  9.00,  9.00,  9.00,  9.00,  9.00,  9.00,  7.00
SANANDRESDECUERQUIA2 , D,  9.00,  9.00,  9.00,  9.00,  9.00,  9.00,  9.00,  9.00,  9.00,  9.00,  9.00,  9.00,  9.00,  9.00,  9.00,  9.00,  9.00,  9.00,  9.00,  9.00,  9.00,  9.00,  9.00,  7.00
MAYAGUEZ1 , D,  19.00,  19.00,  19.00,  19.00,  19.00,  19.00,  19.00,  19.00,  19.00,  19.00,  19.00,  19.00,  19.00,  19.00,  19.00,  19.00,  19.00,  19.00,  19.00,  19.00,  19.00,  19.00,  19.00,  19.00
INGENIOSANCARLOS1 , D,  1.00,  0.00,  1.00,  1.00,  1.00,  0.00,  1.00,  0.00,  0.00,  0.00,  0.00,  1.00,  1.00,  1.00,  1.00,  1.00,  1.00,  0.00,  0.00,  0.00,  0.00,  0.00,  0.00,  0.00
COGENERADORMANUELITA2 , D,  7.00,  8.00,  9.00,  8.00,  8.00,  9.00,  8.00,  7.00,  8.00,  8.00,  8.00,  8.00,  8.00,  8.00,  8.00,  8.00,  8.00,  8.00,  7.00,  8.00,  8.00,  7.00,  7.00,  8.00
AUTOGARGOSCARTAGENA , D,  0.00,  0.00,  0.00,  0.00,  0.00,  0.00,  0.00,  0.00,  0.00,  0.00,  0.00,  0.00,  0.00,  0.00,  0.00,  0.00,  0.00,  0.00,  0.00,  0.00,  0.00,  0.00,  0.00,  0.00
AUTOGARGOSYUMBO , D,  0.00,  0.00,  0.00,  0.00,  0.00,  0.00,  0.00,  0.00,  0.00,  0.00,  0.00,  0.00,  0.00,  0.00,  0.00,  0.00,  0.00,  0.00,  0.00,  0.00,  0.00,  0.00,  0.00,  0.00
TEQUENDAMABIOGAS , D,  0.00,  0.00,  0.00,  0.00,  0.00,  0.00,  0.00,  0.00,  0.00,  0.00,  0.00,  0.00,  0.00,  0.00,  0.00,  0.00,  0.00,  0.00,  0.00,  0.00,  0.00,  0.00,  0.00,  0.00
AUTOGCELSIASOLARYUMBO , D,  0.00,  0.00,  0.00,  0.00,  0.00,  0.00,  0.00,  0.00,  0.00,  0.00,  0.00,  2.00,  0.00,  0.00,  0.00,  0.00,  0.00,  0.00,  0.00,  0.00,  0.00,  0.00,  0.00,  0.00
AUTOGCELSIASOLARYUMBO , INVD,  9.00,  9.00,  9.00,  9.00,  9.00,  9.00,  9.00,  9.00,  9.00,  9.00,  9.00,  9.00,  9.00,  9.00,  9.00,  9.00,  9.00,  9.00,  9.00,  9.00,  9.00,  9.00,  9.00,  9.00
CELSIASOLARBOLIVAR , D,  0.00,  0.00,  0.00,  0.00,  0.00,  0.00,  0.00,  1.00,  3.00,  2.00,  4.00,  4.00,  6.00,  3.00,  3.00,  0.00,  1.00,  0.00,  0.00,  0.00,  0.00,  0.00,  0.00,  0.00
CELSIASOLARBOLIVAR , INVD,  4.00,  4.00,  4.00,  4.00,  4.00,  4.00,  4.00,  4.00,  4.00,  4.00,  4.00,  4.00,  4.00,  4.00,  4.00,  4.00,  4.00,  4.00,  4.00,  4.00,  4.00,  4.00,  4.00,  4.00
ELCOCUYO , D,  0.00,  0.00,  0.00,  0.00,  0.00,  0.00,  0.00,  0.00,  0.00,  0.00,  0.00,  0.00,  0.00,  0.00,  0.00,  0.00,  0.00,  0.00,  0.00,  0.00,  0.00,  0.00,  0.00,  0.00


AGENTE: CEMEX ENERGY
SUEVA21 , D,  6.00,  6.00,  6.00,  6.00,  6.00,  6.00,  6.00,  6.00,  6.00,  6.00,  6.00,  6.00,  6.00,  6.00,  6.00,  6.00,  6.00,  6.00,  6.00,  6.00,  6.00,  6.00,  6.00,  6.00
AUTOGFERTICOL , D,  16.00,  16.00,  16.00,  16.00,  16.00,  16.00,  16.00,  16.00,  16.00,  16.00,  16.00,  16.00,  16.00,  16.00,  16.00,  16.00,  16.00,  16.00,  16.00,  16.00,  16.00,  16.00,  16.00,  16.00


AGENTE: CES
PAIPA4 , D,  160,  160,  160,  160,  160,  160,  160,  160,  160,  160,  160,  160,  160,  160,  160,  160,  160,  160,  160,  160,  160,  160,  160,  160
PAIPA4 , CONF,  1
PAIPA4 , C,  CARBON


AGENTE: CETSA(TULUA)
RIOFRIOII1 , D,  2.00,  2.00,  2.00,  2.00,  2.00,  2.00,  2.00,  3.00,  3.00,  3.00,  3.00,  2.00,  2.00,  2.00,  2.00,  2.00,  2.00,  3.00,  3.00,  3.00,  3.00,  3.00,  3.00,  3.00
RIOFRIOII2 , D,  2.00,  2.00,  2.00,  2.00,  2.00,  2.00,  2.00,  3.00,  3.00,  3.00,  3.00,  2.00,  2.00,  2.00,  2.00,  2.00,  2.00,  3.00,  3.00,  3.00,  3.00,  3.00,  3.00,  3.00
RUMOR1 , D,  2.00,  2.00,  2.00,  2.00,  2.00,  2.00,  2.00,  2.00,  2.00,  2.00,  2.00,  2.00,  2.00,  2.00,  2.00,  2.00,  2.00,  2.00,  2.00,  2.00,  2.00,  2.00,  2.00,  2.00
RIOFRIOI1 , D,  1.00,  1.00,  1.00,  1.00,  1.00,  1.00,  1.00,  1.00,  1.00,  1.00,  1.00,  1.00,  1.00,  1.00,  1.00,  1.00,  1.00,  1.00,  1.00,  1.00,  1.00,  1.00,  1.00,  1.00


AGENTE: CH EL EDEN
ELEDEN1 , D,  2.50,  2.50,  2.50,  2.50,  2.50,  2.50,  2.50,  2.50,  2.50,  2.50,  2.50,  2.50,  2.50,  2.50,  2.50,  2.50,  2.50,  2.50,  2.50,  2.50,  2.50,  2.50,  2.50,  2.50
ELEDEN2 , D,  0.00,  0.00,  0.00,  0.00,  0.00,  0.00,  0.00,  0.00,  0.00,  0.00,  0.00,  0.00,  0.00,  0.00,  0.00,  0.00,  0.00,  2.50,  2.50,  2.50,  2.50,  0.00,  0.00,  0.00


AGENTE: CHC S.A.S. E.S.P.
MAGALLO1 , D,  4.10,  4.10,  4.10,  4.10,  4.10,  4.10,  4.10,  4.10,  4.10,  4.10,  4.10,  4.10,  4.10,  4.10,  4.10,  4.10,  4.10,  4.10,  4.10,  4.10,  4.10,  4.10,  4.10,  4.10


AGENTE: DEPI ENERGY
URRAO1 , D,  0.70,  0.70,  0.70,  0.70,  0.70,  0.70,  0.70,  0.70,  0.70,  0.70,  0.70,  0.70,  0.70,  0.70,  0.70,  0.70,  0.70,  0.70,  0.70,  0.70,  0.70,  0.70,  0.70,  0.70
CAUYA1 , D,  0.40,  0.40,  0.40,  0.40,  0.40,  0.40,  0.40,  0.40,  0.40,  0.40,  0.40,  0.40,  0.40,  0.40,  0.40,  0.40,  0.40,  0.40,  0.40,  0.40,  0.40,  0.40,  0.40,  0.40
CAUYA2 , D,  0.40,  0.40,  0.40,  0.40,  0.40,  0.40,  0.40,  0.40,  0.40,  0.40,  0.40,  0.40,  0.40,  0.40,  0.40,  0.40,  0.40,  0.40,  0.40,  0.40,  0.40,  0.40,  0.40,  0.40
AUTOGCOCA-COLAFEMSA , D,  0.40,  0.40,  0.40,  0.40,  0.40,  0.40,  0.40,  0.40,  0.40,  0.40,  0.40,  0.40,  0.40,  0.40,  0.40,  0.40,  0.40,  0.40,  0.40,  0.40,  0.40,  0.40,  0.40,  0.40
AUTOGINGENIOMARIALUISA , D,  0.20,  0.20,  0.20,  0.20,  0.20,  0.20,  0.20,  0.20,  0.20,  0.20,  0.20,  0.20,  0.20,  0.20,  0.20,  0.20,  0.20,  0.20,  0.20,  0.20,  0.20,  0.20,  0.20,  0.20


AGENTE: EEP(PEREIRA)
GRANJASOLARBELMONTE1 , D,  0.00,  0.00,  0.00,  0.00,  0.00,  0.00,  0.39,  1.09,  1.76,  2.67,  2.97,  2.87,  3.60,  2.77,  2.70,  2.04,  0.96,  0.11,  0.00,  0.00,  0.00,  0.00,  0.00,  0.00
GRANJASOLARBELMONTE1 , INVD,  44.00,  44.00,  44.00,  44.00,  44.00,  44.00,  44.00,  44.00,  44.00,  44.00,  44.00,  44.00,  44.00,  44.00,  44.00,  44.00,  44.00,  44.00,  44.00,  44.00,  44.00,  44.00,  44.00,  44.00
BELMONTE1 , D,  1.00,  1.00,  1.00,  1.00,  1.00,  1.00,  1.00,  1.00,  1.00,  1.00,  1.00,  1.00,  1.00,  1.00,  1.00,  1.00,  1.00,  1.00,  1.00,  1.00,  1.00,  1.00,  1.00,  1.00
NUEVOLIBARE1 , D,  2.00,  2.00,  2.00,  2.00,  2.00,  2.00,  2.00,  2.00,  2.00,  2.00,  2.00,  2.00,  2.00,  2.00,  2.00,  2.00,  2.00,  2.00,  2.00,  2.00,  2.00,  2.00,  2.00,  2.00
INGENIORISARALDA1 , D,  15.00,  15.00,  15.00,  15.00,  15.00,  15.00,  15.00,  15.00,  15.00,  15.00,  15.00,  15.00,  15.00,  15.00,  15.00,  15.00,  15.00,  15.00,  15.00,  15.00,  15.00,  15.00,  15.00,  15.00
BIOENERGY , D,  0.00,  0.00,  0.00,  0.00,  0.00,  0.00,  0.00,  0.00,  0.00,  0.00,  0.00,  0.00,  0.00,  0.00,  0.00,  0.00,  0.00,  0.00,  0.00,  0.00,  0.00,  0.00,  0.00,  0.00


AGENTE: EEPPM
ESMERALDA1 , D,  13,  13,  13,  13,  13,  13,  13,  13,  13,  13,  13,  13,  13,  13,  13,  13,  13,  13,  13,  13,  13,  13,  13,  13
ESMERALDA2 , D,  13,  13,  13,  13,  13,  13,  13,  13,  13,  13,  13,  13,  13,  13,  13,  13,  13,  13,  13,  13,  13,  13,  13,  13
GUATAPE1 , D,  70,  70,  70,  70,  70,  70,  70,  70,  70,  70,  70,  70,  70,  70,  70,  70,  70,  70,  70,  70,  70,  70,  70,  70
GUATAPE2 , D,  70,  70,  70,  70,  70,  70,  70,  70,  70,  70,  70,  70,  70,  70,  70,  70,  70,  70,  70,  70,  70,  70,  70,  70
GUATAPE3 , D,  70,  70,  70,  70,  70,  70,  70,  70,  70,  70,  70,  70,  70,  70,  70,  70,  70,  70,  70,  70,  70,  70,  70,  70
GUATAPE4 , D,  70,  70,  70,  70,  70,  70,  70,  70,  70,  70,  70,  70,  70,  70,  70,  70,  70,  70,  70,  70,  70,  70,  70,  70
GUATAPE5 , D,  70,  70,  70,  70,  70,  70,  70,  70,  70,  70,  70,  70,  70,  70,  70,  70,  70,  70,  70,  70,  70,  70,  70,  70
GUATAPE6 , D,  70,  70,  70,  70,  70,  70,  70,  70,  70,  70,  70,  70,  70,  70,  70,  70,  70,  70,  70,  70,  70,  70,  70,  70
GUATAPE7 , D,  70,  70,  70,  70,  70,  70,  70,  70,  70,  70,  70,  70,  70,  70,  70,  70,  70,  70,  70,  70,  70,  70,  70,  70
GUATAPE8 , D,  70,  70,  70,  70,  70,  70,  70,  70,  70,  70,  70,  70,  70,  70,  70,  70,  70,  70,  70,  70,  70,  70,  70,  70
GUATAPE , AGCP,  560,  560,  560,  560,  560,  560,  560,  560,  560,  560,  560,  560,  560,  560,  560,  560,  560,  560,  560,  560,  560,  560,  560,  560
GUATAPE1 , AGCU,  70,  70,  70,  70,  70,  70,  70,  70,  70,  70,  70,  70,  70,  70,  70,  70,  70,  70,  70,  70,  70,  70,  70,  70
GUATAPE2 , AGCU,  70,  70,  70,  70,  70,  70,  70,  70,  70,  70,  70,  70,  70,  70,  70,  70,  70,  70,  70,  70,  70,  70,  70,  70
GUATAPE3 , AGCU,  70,  70,  70,  70,  70,  70,  70,  70,  70,  70,  70,  70,  70,  70,  70,  70,  70,  70,  70,  70,  70,  70,  70,  70
GUATAPE4 , AGCU,  70,  70,  70,  70,  70,  70,  70,  70,  70,  70,  70,  70,  70,  70,  70,  70,  70,  70,  70,  70,  70,  70,  70,  70
GUATAPE5 , AGCU,  70,  70,  70,  70,  70,  70,  70,  70,  70,  70,  70,  70,  70,  70,  70,  70,  70,  70,  70,  70,  70,  70,  70,  70
GUATAPE6 , AGCU,  70,  70,  70,  70,  70,  70,  70,  70,  70,  70,  70,  70,  70,  70,  70,  70,  70,  70,  70,  70,  70,  70,  70,  70
GUATAPE7 , AGCU,  70,  70,  70,  70,  70,  70,  70,  70,  70,  70,  70,  70,  70,  70,  70,  70,  70,  70,  70,  70,  70,  70,  70,  70
GUATAPE8 , AGCU,  70,  70,  70,  70,  70,  70,  70,  70,  70,  70,  70,  70,  70,  70,  70,  70,  70,  70,  70,  70,  70,  70,  70,  70
LATASAJERA1 , D,  102,  102,  102,  102,  102,  102,  102,  102,  102,  102,  102,  102,  102,  102,  102,  102,  102,  102,  102,  102,  102,  102,  102,  102
LATASAJERA2 , D,  102,  102,  102,  102,  102,  102,  102,  102,  102,  102,  102,  102,  102,  102,  102,  102,  102,  102,  102,  102,  102,  102,  102,  102
LATASAJERA3 , D,  102,  102,  102,  102,  102,  102,  102,  102,  102,  102,  102,  102,  102,  102,  102,  102,  102,  102,  102,  102,  102,  102,  102,  102
LATASAJERA , AGCP,  306,  306,  306,  306,  306,  306,  306,  306,  306,  306,  306,  306,  306,  306,  306,  306,  306,  306,  306,  306,  306,  306,  306,  306
LATASAJERA1 , AGCU,  102,  102,  102,  102,  102,  102,  102,  102,  102,  102,  102,  102,  102,  102,  102,  102,  102,  102,  102,  102,  102,  102,  102,  102
LATASAJERA2 , AGCU,  102,  102,  102,  102,  102,  102,  102,  102,  102,  102,  102,  102,  102,  102,  102,  102,  102,  102,  102,  102,  102,  102,  102,  102
LATASAJERA3 , AGCU,  102,  102,  102,  102,  102,  102,  102,  102,  102,  102,  102,  102,  102,  102,  102,  102,  102,  102,  102,  102,  102,  102,  102,  102
PLAYAS1 , D,  69,  69,  69,  69,  69,  69,  69,  69,  69,  69,  69,  69,  69,  69,  69,  69,  69,  69,  69,  69,  69,  69,  69,  69
PLAYAS2 , D,  69,  69,  69,  69,  69,  69,  69,  69,  69,  69,  69,  69,  69,  69,  69,  69,  69,  69,  69,  69,  69,  69,  69,  69
PLAYAS3 , D,  69,  69,  69,  69,  69,  69,  69,  69,  69,  69,  69,  69,  69,  69,  69,  69,  69,  69,  69,  69,  69,  69,  69,  69
SANFRANCISCO1 , D,  0,  0,  0,  0,  0,  0,  0,  0,  0,  0,  0,  0,  0,  0,  0,  0,  0,  0,  0,  0,  0,  0,  0,  0
SANFRANCISCO2 , D,  0,  0,  0,  0,  0,  0,  0,  45,  45,  45,  45,  45,  0,  0,  0,  0,  0,  45,  45,  45,  45,  0,  0,  0
SANFRANCISCO3 , D,  0,  0,  0,  0,  0,  0,  0,  45,  45,  45,  45,  45,  0,  0,  0,  0,  0,  45,  45,  45,  45,  0,  0,  0
GUADALUPE31 , D,  45,  45,  45,  45,  45,  45,  45,  45,  45,  45,  45,  45,  45,  45,  45,  45,  45,  45,  45,  45,  45,  45,  45,  45
GUADALUPE32 , D,  45,  45,  45,  45,  45,  45,  45,  45,  45,  45,  45,  45,  45,  45,  45,  45,  45,  45,  45,  45,  45,  45,  45,  45
GUADALUPE33 , D,  45,  45,  45,  45,  45,  45,  45,  45,  45,  45,  45,  45,  45,  45,  45,  45,  45,  45,  45,  45,  45,  45,  45,  45
GUADALUPE34 , D,  45,  45,  45,  45,  45,  45,  45,  45,  45,  45,  45,  45,  45,  45,  45,  45,  45,  45,  45,  45,  45,  45,  45,  45
GUADALUPE35 , D,  45,  45,  45,  45,  45,  45,  45,  45,  45,  45,  45,  45,  45,  45,  45,  45,  45,  45,  45,  45,  45,  45,  45,  45
GUADALUPE36 , D,  45,  45,  45,  45,  45,  45,  45,  45,  45,  45,  45,  45,  45,  45,  45,  45,  45,  45,  45,  45,  45,  45,  45,  45
GUADALUPE41 , D,  75,  75,  75,  75,  75,  75,  75,  75,  75,  75,  75,  75,  75,  75,  75,  75,  75,  75,  75,  75,  75,  75,  75,  75
GUADALUPE42 , D,  0,  0,  0,  0,  0,  0,  0,  0,  0,  0,  0,  0,  0,  0,  0,  0,  0,  0,  0,  0,  0,  0,  0,  0
GUADALUPE43 , D,  75,  75,  75,  75,  75,  75,  75,  75,  75,  75,  75,  75,  75,  75,  75,  75,  75,  75,  75,  75,  75,  75,  75,  75
TRONERAS1 , D,  20,  20,  20,  20,  20,  20,  20,  20,  20,  20,  20,  20,  20,  20,  20,  20,  20,  20,  20,  20,  20,  20,  20,  20
TRONERAS2 , D,  20,  20,  20,  20,  20,  20,  20,  20,  20,  20,  20,  20,  20,  20,  20,  20,  20,  20,  20,  20,  20,  20,  20,  20
PORCEII1 , D,  135,  135,  135,  135,  135,  135,  135,  135,  135,  135,  135,  135,  135,  135,  135,  135,  135,  135,  135,  135,  135,  135,  135,  135
PORCEII2 , D,  135,  135,  135,  135,  135,  135,  135,  135,  135,  135,  135,  135,  135,  135,  135,  135,  135,  135,  135,  135,  135,  135,  135,  135
PORCEII3 , D,  135,  135,  135,  135,  135,  135,  135,  135,  135,  135,  135,  135,  135,  135,  135,  135,  135,  135,  135,  135,  135,  135,  135,  135
PORCEII1 , PRU,  0,  0,  0,  0,  0,  0,  0,  0,  0,  6,  6,  6,  6,  6,  6,  6,  6,  6,  0,  0,  0,  0,  0,  0
PORCEII2 , PRU,  0,  0,  0,  0,  0,  0,  0,  0,  0,  6,  6,  6,  6,  6,  6,  6,  6,  6,  0,  0,  0,  0,  0,  0
PORCEII3 , PRU,  0,  0,  0,  0,  0,  0,  0,  0,  0,  6,  6,  6,  6,  6,  6,  6,  6,  6,  0,  0,  0,  0,  0,  0
PORCEIII4 , D,  175,  175,  175,  175,  175,  175,  175,  175,  175,  175,  175,  175,  175,  175,  175,  175,  175,  175,  175,  175,  175,  175,  175,  175
PORCEIII3 , D,  175,  175,  175,  175,  175,  175,  175,  175,  175,  175,  175,  175,  175,  175,  175,  175,  175,  175,  175,  175,  175,  175,  175,  175
PORCEIII2 , D,  175,  175,  175,  175,  175,  175,  175,  175,  175,  175,  175,  175,  175,  175,  175,  175,  175,  175,  175,  175,  175,  175,  175,  175
PORCEIII1 , D,  175,  175,  175,  175,  175,  175,  175,  175,  175,  175,  175,  175,  175,  175,  175,  175,  175,  175,  175,  175,  175,  175,  175,  175
PORCEIII , AGCP,  200,  200,  200,  200,  200,  200,  200,  200,  200,  200,  200,  200,  200,  200,  200,  200,  200,  200,  200,  200,  200,  200,  200,  200
PORCEIII4 , AGCU,  50,  50,  50,  50,  50,  50,  50,  50,  50,  50,  50,  50,  50,  50,  50,  50,  50,  50,  50,  50,  50,  50,  50,  50
PORCEIII3 , AGCU,  50,  50,  50,  50,  50,  50,  50,  50,  50,  50,  50,  50,  50,  50,  50,  50,  50,  50,  50,  50,  50,  50,  50,  50
PORCEIII2 , AGCU,  50,  50,  50,  50,  50,  50,  50,  50,  50,  50,  50,  50,  50,  50,  50,  50,  50,  50,  50,  50,  50,  50,  50,  50
PORCEIII1 , AGCU,  50,  50,  50,  50,  50,  50,  50,  50,  50,  50,  50,  50,  50,  50,  50,  50,  50,  50,  50,  50,  50,  50,  50,  50
TERMOSIERRA1 , D,  136,  136,  136,  136,  136,  136,  136,  136,  136,  136,  136,  136,  134,  134,  134,  134,  134,  136,  136,  136,  136,  136,  136,  136
TERMOSIERRA2 , D,  0,  0,  0,  0,  0,  0,  0,  0,  0,  0,  0,  0,  0,  0,  0,  0,  0,  0,  0,  0,  0,  0,  0,  0
TERMOSIERRA3 , D,  0,  0,  0,  0,  0,  0,  0,  0,  0,  0,  0,  0,  0,  0,  0,  0,  0,  0,  0,  0,  0,  0,  0,  0
TERMOSIERRACC , CONF,  1
TERMOSIERRACC , C,  GAS
TERMODORADA1 , D,  45,  45,  45,  45,  45,  45,  45,  45,  45,  45,  45,  45,  45,  45,  45,  45,  45,  45,  45,  45,  45,  45,  45,  45
TERMODORADA1 , CONF,  3
TERMODORADA1 , C,  ACPM
INSULA1 , D,  3.00,  3.00,  3.00,  3.00,  3.00,  3.00,  3.00,  3.00,  3.00,  3.00,  3.00,  3.00,  3.00,  3.00,  3.00,  3.00,  3.00,  3.00,  3.00,  3.00,  3.00,  3.00,  3.00,  3.00
INSULA2 , D,  3.00,  3.00,  3.00,  3.00,  3.00,  3.00,  3.00,  3.00,  3.00,  3.00,  3.00,  3.00,  3.00,  3.00,  3.00,  3.00,  3.00,  3.00,  3.00,  3.00,  3.00,  3.00,  3.00,  3.00
INSULA3 , D,  6.00,  6.00,  6.00,  6.00,  6.00,  6.00,  6.00,  6.00,  6.00,  6.00,  6.00,  6.00,  6.00,  6.00,  6.00,  6.00,  6.00,  6.00,  6.00,  6.00,  6.00,  6.00,  6.00,  6.00
LAHERRADURA1 , D,  9.20,  9.20,  9.20,  9.20,  9.20,  9.20,  9.20,  9.20,  9.20,  9.20,  9.20,  9.20,  9.20,  9.20,  9.20,  9.20,  9.20,  9.20,  9.20,  9.20,  9.20,  9.20,  9.20,  9.20
LAHERRADURA2 , D,  9.20,  9.20,  9.20,  9.20,  9.20,  9.20,  9.20,  9.20,  9.20,  9.20,  9.20,  9.20,  9.20,  9.20,  9.20,  9.20,  9.20,  9.20,  9.20,  9.20,  9.20,  9.20,  9.20,  9.20
PAJARITO1 , D,  3.50,  3.50,  3.50,  3.50,  3.50,  3.50,  3.50,  3.50,  3.50,  3.50,  3.50,  3.50,  3.50,  3.50,  3.50,  3.50,  3.50,  3.50,  3.50,  3.50,  3.50,  3.50,  3.50,  3.50
PAJARITO2 , D,  7.50,  7.50,  7.50,  7.50,  7.50,  7.50,  7.50,  7.50,  7.50,  7.50,  7.50,  7.50,  7.50,  7.50,  7.50,  7.50,  7.50,  7.50,  7.50,  7.50,  7.50,  7.50,  7.50,  7.50
AUTOGPTARBELLO1 , D,  0.00,  0.00,  0.00,  0.00,  0.00,  0.00,  0.00,  0.00,  0.00,  0.00,  0.00,  0.00,  0.00,  0.00,  0.00,  0.00,  0.00,  0.00,  0.00,  0.00,  0.00,  0.00,  0.00,  0.00
AUTOGPTARBELLO2 , D,  0.00,  0.00,  0.00,  0.00,  0.00,  0.00,  0.00,  0.00,  0.00,  0.00,  0.00,  0.00,  0.00,  0.00,  0.00,  0.00,  0.00,  0.00,  0.00,  0.00,  0.00,  0.00,  0.00,  0.00
AUTOGPTARBELLO3 , D,  0.00,  0.00,  0.00,  0.00,  0.00,  0.00,  0.00,  0.00,  0.00,  0.00,  0.00,  0.00,  0.00,  0.00,  0.00,  0.00,  0.00,  0.00,  0.00,  0.00,  0.00,  0.00,  0.00,  0.00
AUTOGPTARBELLO4 , D,  0.00,  0.00,  0.00,  0.00,  0.00,  0.00,  0.00,  0.00,  0.00,  0.00,  0.00,  0.00,  0.00,  0.00,  0.00,  0.00,  0.00,  0.00,  0.00,  0.00,  0.00,  0.00,  0.00,  0.00
AUTOGPTARBELLO5 , D,  0.00,  0.00,  0.00,  0.00,  0.00,  0.00,  0.00,  0.00,  0.00,  0.00,  0.00,  0.00,  0.00,  0.00,  0.00,  0.00,  0.00,  0.00,  0.00,  0.00,  0.00,  0.00,  0.00,  0.00
AUTOGPTARBELLO6 , D,  0.00,  0.00,  0.00,  0.00,  0.00,  0.00,  0.00,  0.00,  0.00,  0.00,  0.00,  0.00,  0.00,  0.00,  0.00,  0.00,  0.00,  0.00,  0.00,  0.00,  0.00,  0.00,  0.00,  0.00
AUTOGPTARBELLO7 , D,  0.00,  0.00,  0.00,  0.00,  0.00,  0.00,  0.00,  0.00,  0.00,  0.00,  0.00,  0.00,  0.00,  0.00,  0.00,  0.00,  0.00,  0.00,  0.00,  0.00,  0.00,  0.00,  0.00,  0.00
JEPIRACHI1-15 , D,  2.40,  1.90,  1.20,  1.20,  0.00,  1.00,  1.00,  1.10,  1.00,  1.60,  5.50,  6.90,  3.60,  1.00,  1.00,  1.00,  1.70,  1.00,  2.40,  3.70,  2.70,  1.30,  0.00,  0.00
JEPIRACHI1-15 , INVD,  15.00,  15.00,  15.00,  15.00,  15.00,  7.00,  7.00,  15.00,  15.00,  15.00,  15.00,  15.00,  15.00,  15.00,  15.00,  15.00,  15.00,  15.00,  15.00,  15.00,  15.00,  15.00,  15.00,  15.00
AUTOGARGOSSOGAMOSO , D,  0.50,  0.50,  0.50,  0.50,  0.50,  0.50,  0.50,  0.50,  0.50,  0.50,  0.50,  0.50,  0.50,  0.50,  0.50,  0.50,  0.50,  0.50,  0.50,  0.50,  0.50,  0.50,  0.50,  0.50
AMERICA , D,  0.00,  0.00,  0.00,  0.00,  0.00,  0.00,  0.00,  0.00,  0.00,  0.00,  0.00,  0.00,  0.00,  0.00,  0.00,  0.00,  0.00,  0.00,  0.00,  0.00,  0.00,  0.00,  0.00,  0.00
AUTOGAYURA , D,  11.50,  11.50,  11.50,  11.50,  11.50,  12.80,  12.80,  12.80,  12.80,  12.80,  12.80,  12.80,  12.80,  12.80,  12.80,  12.80,  12.80,  12.80,  12.80,  12.80,  12.80,  11.50,  11.50,  11.50
BELLO , D,  0.26,  0.26,  0.26,  0.26,  0.26,  0.26,  0.26,  0.26,  0.26,  0.26,  0.26,  0.26,  0.26,  0.26,  0.26,  0.26,  0.26,  0.26,  0.26,  0.26,  0.26,  0.26,  0.26,  0.26
CAMPESTRE(EPM) , D,  0.00,  0.00,  0.00,  0.00,  0.00,  0.00,  0.00,  0.00,  0.00,  0.00,  0.00,  0.00,  0.00,  0.00,  0.00,  0.00,  0.00,  0.00,  0.00,  0.00,  0.00,  0.00,  0.00,  0.00
MANANTIALES , D,  0.00,  0.00,  0.00,  0.00,  0.00,  0.00,  0.00,  0.00,  0.00,  0.00,  0.00,  0.00,  0.00,  0.00,  0.00,  0.00,  0.00,  0.00,  0.00,  0.00,  0.00,  0.00,  0.00,  0.00
AUTGCEMENTOSDELNARE , D,  6.40,  6.40,  6.40,  6.40,  6.40,  6.40,  6.20,  4.60,  4.60,  4.60,  4.60,  4.60,  4.60,  4.60,  4.80,  5.10,  5.10,  5.10,  5.10,  5.10,  5.10,  5.10,  5.10,  6.40
LAVUELTA , D,  11.30,  11.30,  11.30,  11.30,  11.30,  11.30,  11.30,  11.30,  11.30,  11.30,  11.30,  11.30,  11.30,  11.30,  11.30,  11.30,  11.30,  11.30,  11.30,  11.30,  11.30,  11.30,  11.30,  11.30
CARACOLI , D,  0.00,  0.00,  0.00,  0.00,  0.00,  0.00,  0.00,  0.00,  0.00,  0.00,  0.00,  0.00,  0.00,  0.00,  0.00,  0.00,  0.00,  0.00,  0.00,  0.00,  0.00,  0.00,  0.00,  0.00
RIOGRANDEI , D,  0.00,  0.00,  0.00,  0.00,  0.00,  0.00,  0.00,  0.00,  0.00,  0.00,  0.00,  0.00,  0.00,  0.00,  0.00,  0.00,  0.00,  0.00,  0.00,  0.00,  0.00,  0.00,  0.00,  0.00
SONSON , D,  18.00,  18.00,  18.00,  18.00,  18.00,  18.00,  18.00,  18.00,  18.00,  18.00,  18.00,  18.00,  18.00,  18.00,  18.00,  18.00,  18.00,  18.00,  18.00,  18.00,  18.00,  18.00,  18.00,  18.00
RIOFRIO(TAMESIS) , D,  0.00,  0.00,  0.00,  0.00,  0.00,  0.00,  0.00,  0.00,  0.00,  0.00,  0.00,  0.00,  0.00,  0.00,  0.00,  0.00,  0.00,  0.00,  0.00,  0.00,  0.00,  0.00,  0.00,  0.00
GUACAICA , D,  0.00,  0.00,  0.00,  0.00,  0.00,  0.00,  0.00,  0.00,  0.00,  0.00,  0.00,  0.00,  0.00,  0.00,  0.00,  0.00,  0.00,  0.00,  0.00,  0.00,  0.00,  0.00,  0.00,  0.00
INTERMEDIA , D,  0.00,  0.00,  0.00,  0.00,  0.00,  0.00,  0.00,  0.00,  0.00,  0.00,  0.00,  0.00,  0.00,  0.00,  0.00,  0.00,  0.00,  0.00,  0.00,  0.00,  0.00,  0.00,  0.00,  0.00
SANCANCIO , D,  1.00,  1.00,  1.00,  1.00,  1.00,  1.00,  1.00,  1.00,  1.00,  1.00,  1.00,  1.00,  1.00,  1.00,  1.00,  1.00,  1.00,  1.00,  1.00,  1.00,  1.00,  1.00,  1.00,  1.00
NIQUIA , D,  13.00,  13.00,  13.00,  13.00,  13.00,  13.00,  13.00,  13.00,  13.50,  13.50,  13.50,  13.50,  13.50,  13.50,  13.50,  13.50,  13.50,  13.50,  13.50,  13.50,  13.50,  13.50,  13.00,  13.00
NUTIBARA , D,  0.00,  0.00,  0.00,  0.00,  0.00,  0.00,  0.00,  0.00,  0.00,  0.00,  0.00,  0.00,  0.00,  0.00,  0.00,  0.00,  0.00,  0.00,  0.00,  0.00,  0.00,  0.00,  0.00,  0.00
CASCADA , D,  1.20,  1.20,  1.20,  1.20,  1.20,  1.20,  1.20,  1.20,  1.20,  1.20,  1.20,  1.20,  1.20,  1.20,  1.20,  1.20,  1.20,  1.20,  1.20,  1.20,  1.20,  1.20,  1.20,  1.20
PALMASSANGIL , D,  9.00,  9.00,  9.00,  9.00,  9.00,  9.00,  9.00,  9.00,  9.00,  9.00,  9.00,  9.00,  9.00,  9.00,  9.00,  9.00,  9.00,  9.00,  9.00,  9.00,  9.00,  9.00,  9.00,  9.00
RIOGRANDE , D,  0.30,  0.30,  0.30,  0.30,  0.30,  0.30,  0.30,  0.30,  0.30,  0.30,  0.30,  0.30,  0.30,  0.30,  0.30,  0.30,  0.30,  0.30,  0.30,  0.30,  0.30,  0.30,  0.30,  0.30
MUNICIPAL , D,  0.70,  0.70,  0.70,  0.70,  0.70,  0.70,  0.70,  0.70,  0.70,  0.70,  0.70,  0.70,  0.70,  0.70,  0.70,  0.70,  0.70,  0.70,  0.70,  0.70,  0.70,  0.70,  0.70,  0.70
AUTOGARGOSELCAIRO , D,  6.50,  6.50,  6.50,  6.50,  6.50,  6.50,  6.50,  6.50,  6.50,  6.50,  6.50,  6.50,  6.50,  6.50,  6.50,  6.50,  6.50,  6.50,  6.50,  6.50,  6.50,  6.50,  6.50,  6.50
PORCEIIIMENOR , D,  1.00,  1.00,  1.00,  1.00,  1.00,  1.00,  1.00,  1.00,  1.00,  1.00,  1.00,  1.00,  1.00,  1.00,  1.00,  1.00,  1.00,  1.00,  1.00,  1.00,  1.00,  1.00,  1.00,  1.00


AGENTE: EGECOL S.A. E.S.P.
PCHLALIBERTAD1 , D,  0.21,  0.21,  0.21,  0.21,  0.21,  0.21,  0.21,  0.21,  0.21,  0.21,  0.21,  0.21,  0.21,  0.21,  0.21,  0.21,  0.21,  0.21,  0.21,  0.21,  0.21,  0.21,  0.21,  0.21


AGENTE: ELECTROHUILA
IQUIRAI1 , D,  2.00,  2.00,  2.00,  2.00,  2.00,  2.00,  2.00,  2.00,  2.00,  2.00,  2.00,  2.00,  2.00,  2.00,  2.00,  2.00,  2.00,  2.00,  2.00,  2.00,  2.00,  2.00,  2.00,  2.00
IQUIRAII1 , D,  0.00,  0.00,  0.00,  0.00,  0.00,  0.00,  0.00,  0.00,  0.00,  0.00,  0.00,  0.00,  0.00,  0.00,  0.00,  0.00,  0.00,  0.00,  0.00,  0.00,  0.00,  0.00,  0.00,  0.00
LAPITA1 , D,  0.00,  0.00,  0.00,  0.00,  0.00,  0.00,  0.00,  0.00,  0.00,  0.00,  0.00,  0.00,  0.00,  0.00,  0.00,  0.00,  0.00,  0.00,  0.00,  0.00,  0.00,  0.00,  0.00,  0.00


AGENTE: EMEE(POPAYAN)
COCONUCO1 , D,  2.80,  2.80,  2.80,  2.80,  2.80,  2.80,  2.60,  2.60,  2.60,  2.60,  2.70,  2.70,  2.70,  2.70,  2.40,  2.40,  2.40,  2.40,  2.70,  2.80,  2.70,  2.70,  2.70,  2.70


AGENTE: EMGESA S.A.
BETANIA1 , D,  163,  163,  163,  163,  163,  163,  163,  0,  0,  0,  0,  0,  0,  0,  0,  0,  0,  0,  0,  0,  0,  0,  0,  0
BETANIA2 , D,  163,  163,  163,  163,  163,  163,  163,  163,  163,  163,  163,  163,  163,  163,  163,  163,  163,  163,  163,  163,  163,  163,  163,  163
BETANIA3 , D,  163,  163,  163,  163,  163,  163,  163,  163,  163,  163,  163,  163,  163,  163,  163,  163,  163,  163,  163,  163,  163,  163,  163,  163
BETANIA , MO,  60,  60,  60,  60,  60,  60,  60,  60,  60,  60,  60,  60,  60,  60,  60,  60,  60,  60,  60,  60,  60,  60,  60,  60
GUAVIO1 , D,  249,  249,  249,  249,  249,  249,  249,  249,  249,  249,  249,  249,  249,  249,  249,  249,  249,  249,  249,  249,  249,  249,  249,  249
GUAVIO2 , D,  249,  249,  249,  249,  249,  249,  249,  249,  249,  249,  249,  249,  249,  249,  249,  249,  249,  249,  249,  249,  249,  249,  249,  249
GUAVIO3 , D,  249,  249,  249,  249,  249,  249,  249,  249,  249,  249,  249,  249,  249,  249,  249,  249,  249,  249,  249,  249,  249,  249,  249,  249
GUAVIO4 , D,  249,  249,  249,  249,  249,  249,  249,  249,  249,  249,  249,  249,  249,  249,  249,  249,  249,  249,  249,  249,  249,  0,  0,  0
GUAVIO5 , D,  249,  249,  249,  249,  249,  249,  249,  249,  249,  249,  249,  249,  249,  249,  249,  249,  249,  249,  249,  249,  249,  249,  249,  249
GUAVIO , AGCP,  0,  0,  0,  0,  0,  0,  0,  0,  0,  0,  0,  0,  0,  0,  0,  0,  0,  0,  0,  0,  0,  0,  0,  0
GUAVIO1 , AGCU,  189,  189,  189,  189,  189,  189,  189,  189,  189,  189,  189,  189,  189,  189,  189,  189,  189,  189,  189,  189,  189,  189,  189,  189
GUAVIO2 , AGCU,  189,  189,  189,  189,  189,  189,  189,  189,  189,  189,  189,  189,  189,  189,  189,  189,  189,  189,  189,  189,  189,  189,  189,  189
GUAVIO3 , AGCU,  189,  189,  189,  189,  189,  189,  189,  189,  189,  189,  189,  189,  189,  189,  189,  189,  189,  189,  189,  189,  189,  189,  189,  189
GUAVIO4 , AGCU,  189,  189,  189,  189,  189,  189,  189,  189,  189,  189,  189,  189,  189,  189,  189,  189,  189,  189,  189,  189,  189,  0,  0,  0
GUAVIO5 , AGCU,  189,  189,  189,  189,  189,  189,  189,  189,  189,  189,  189,  189,  189,  189,  189,  189,  189,  189,  189,  189,  189,  189,  189,  189
LAGUACA1 , D,  108,  108,  108,  108,  108,  108,  108,  108,  108,  108,  108,  108,  108,  108,  108,  108,  108,  108,  108,  108,  108,  108,  108,  108
LAGUACA2 , D,  108,  108,  108,  108,  108,  108,  108,  108,  108,  108,  108,  108,  108,  108,  108,  108,  108,  108,  108,  108,  108,  108,  108,  108
LAGUACA3 , D,  0,  0,  0,  0,  0,  0,  0,  0,  0,  0,  0,  0,  0,  0,  0,  0,  0,  0,  0,  0,  0,  0,  0,  0
PARAISO1 , D,  92,  92,  92,  92,  92,  92,  92,  92,  92,  92,  92,  92,  92,  92,  92,  92,  92,  92,  92,  92,  92,  92,  92,  92
PARAISO2 , D,  0,  0,  0,  0,  0,  0,  0,  0,  0,  0,  0,  0,  0,  0,  0,  0,  0,  0,  0,  0,  0,  0,  0,  0
PARAISO3 , D,  92,  92,  92,  92,  92,  92,  92,  92,  92,  92,  92,  92,  92,  92,  92,  92,  92,  92,  92,  92,  92,  92,  92,  92
PAGUA , AGCP,  0,  0,  0,  0,  0,  0,  0,  0,  0,  0,  0,  0,  0,  0,  0,  0,  0,  0,  0,  0,  0,  0,  0,  0
LAGUACA1 , AGCU,  68,  68,  68,  68,  68,  68,  68,  68,  68,  68,  68,  68,  68,  68,  68,  68,  68,  68,  68,  68,  68,  68,  68,  68
LAGUACA2 , AGCU,  68,  68,  68,  68,  68,  68,  68,  68,  68,  68,  68,  68,  68,  68,  68,  68,  68,  68,  68,  68,  68,  68,  68,  68
LAGUACA3 , AGCU,  0,  0,  0,  0,  0,  0,  0,  0,  0,  0,  0,  0,  0,  0,  0,  0,  0,  0,  0,  0,  0,  0,  0,  0
PARAISO1 , AGCU,  58,  58,  58,  58,  58,  58,  58,  58,  58,  58,  58,  58,  58,  58,  58,  58,  58,  58,  58,  58,  58,  58,  58,  58
PARAISO2 , AGCU,  0,  0,  0,  0,  0,  0,  0,  0,  0,  0,  0,  0,  0,  0,  0,  0,  0,  0,  0,  0,  0,  0,  0,  0
PARAISO3 , AGCU,  58,  58,  58,  58,  58,  58,  58,  58,  58,  58,  58,  58,  58,  58,  58,  58,  58,  58,  58,  58,  58,  58,  58,  58
ELQUIMBO1 , D,  200,  200,  200,  200,  200,  200,  200,  200,  200,  200,  200,  200,  200,  200,  200,  200,  200,  200,  200,  200,  200,  200,  200,  200
ELQUIMBO2 , D,  200,  200,  200,  200,  200,  200,  200,  200,  200,  200,  200,  200,  200,  200,  200,  200,  200,  200,  200,  200,  200,  200,  200,  200
ELQUIMBO , AGCP,  0,  0,  0,  0,  0,  0,  0,  0,  0,  0,  0,  0,  0,  0,  0,  0,  0,  0,  0,  0,  0,  0,  0,  0
ELQUIMBO1 , AGCU,  100,  100,  100,  100,  100,  100,  100,  100,  100,  100,  100,  100,  100,  100,  100,  100,  100,  100,  100,  100,  100,  100,  100,  100
ELQUIMBO2 , AGCU,  100,  100,  100,  100,  100,  100,  100,  100,  100,  100,  100,  100,  100,  100,  100,  100,  100,  100,  100,  100,  100,  100,  100,  100
ELQUIMBO , MO,  100,  100,  100,  100,  100,  100,  100,  100,  100,  100,  100,  100,  100,  100,  100,  100,  100,  100,  100,  100,  100,  100,  100,  100
DARIOVALENCIASAMPER1 , D,  0,  0,  0,  50,  50,  50,  50,  50,  50,  50,  50,  50,  50,  50,  50,  50,  50,  50,  50,  50,  50,  50,  50,  50
DARIOVALENCIASAMPER2 , D,  0,  0,  0,  50,  50,  50,  50,  50,  50,  50,  50,  50,  50,  50,  50,  50,  50,  50,  50,  50,  50,  50,  50,  50
DARIOVALENCIASAMPER5 , D,  0,  0,  0,  50,  50,  50,  50,  50,  50,  50,  50,  50,  50,  50,  50,  50,  50,  50,  50,  50,  50,  50,  50,  50
SALTOII2 , D,  0,  0,  0,  35,  35,  35,  35,  35,  35,  35,  35,  35,  35,  35,  35,  35,  35,  35,  35,  35,  35,  35,  35,  35
ELPASOPANELES , D,  0,  0,  0,  0,  0,  0,  4,  15,  22,  25,  19,  34,  44,  44,  38,  29,  16,  5,  0,  0,  0,  0,  0,  0
ELPASOPANELES , PRU,  100,  100,  100,  100,  100,  100,  100,  100,  100,  100,  100,  100,  100,  100,  100,  100,  100,  100,  100,  100,  100,  100,  100,  100
ELPASOPANELES , INVD,  42,  42,  42,  42,  42,  42,  42,  42,  42,  42,  42,  42,  42,  42,  42,  42,  42,  42,  42,  42,  42,  42,  42,  42
CARTAGENA1 , D,  52,  52,  52,  52,  52,  52,  52,  52,  52,  52,  52,  52,  52,  52,  52,  52,  52,  52,  52,  52,  52,  52,  52,  52
CARTAGENA1 , CONF,  1
CARTAGENA1 , C,  COMBUSTOLEO
CARTAGENA2 , D,  62,  62,  62,  62,  62,  62,  62,  62,  62,  62,  62,  62,  62,  62,  62,  62,  62,  62,  62,  62,  62,  62,  62,  62
CARTAGENA2 , CONF,  1
CARTAGENA2 , C,  COMBUSTOLEO
CARTAGENA3 , D,  0,  0,  0,  0,  0,  0,  0,  0,  0,  0,  0,  0,  0,  0,  0,  0,  0,  0,  0,  0,  0,  0,  0,  0
CARTAGENA3 , CONF,  1
CARTAGENA3 , C,  COMBUSTOLEO
ZIPAEMG2 , D,  36,  36,  36,  36,  36,  36,  36,  36,  36,  36,  36,  36,  36,  36,  36,  36,  36,  36,  36,  36,  36,  36,  36,  36
ZIPAEMG2 , CONF,  1
ZIPAEMG2 , C,  CARBON
ZIPAEMG3 , D,  63,  63,  63,  63,  63,  63,  63,  63,  63,  63,  63,  63,  63,  63,  63,  63,  63,  63,  63,  63,  63,  63,  63,  63
ZIPAEMG3 , CONF,  1
ZIPAEMG3 , C,  CARBON
ZIPAEMG4 , D,  64,  64,  64,  64,  64,  64,  64,  64,  64,  64,  64,  64,  64,  64,  64,  64,  64,  64,  64,  64,  64,  64,  64,  64
ZIPAEMG4 , CONF,  1
ZIPAEMG4 , C,  CARBON
ZIPAEMG5 , D,  63,  63,  63,  63,  63,  63,  63,  63,  63,  63,  63,  63,  63,  63,  63,  63,  63,  63,  63,  63,  63,  63,  63,  63
ZIPAEMG5 , CONF,  1
ZIPAEMG5 , C,  CARBON
CHARQUITO , D,  0.00,  0.00,  0.00,  19.00,  19.00,  19.00,  19.00,  19.00,  19.00,  19.00,  19.00,  19.00,  19.00,  19.00,  19.00,  19.00,  19.00,  19.00,  19.00,  19.00,  19.00,  19.00,  19.00,  19.00
ELLIMONAR , D,  0.00,  0.00,  0.00,  18.00,  18.00,  18.00,  18.00,  18.00,  18.00,  18.00,  18.00,  18.00,  18.00,  18.00,  18.00,  18.00,  18.00,  18.00,  18.00,  18.00,  18.00,  18.00,  18.00,  18.00
RIONEGRO , D,  0.00,  0.00,  0.00,  0.00,  0.00,  0.00,  0.00,  0.00,  0.00,  0.00,  0.00,  0.00,  0.00,  0.00,  0.00,  0.00,  0.00,  0.00,  0.00,  0.00,  0.00,  0.00,  0.00,  0.00
SANTAANA , D,  0.00,  0.00,  0.00,  0.00,  0.00,  0.00,  0.00,  0.00,  0.00,  0.00,  0.00,  0.00,  0.00,  0.00,  0.00,  0.00,  0.00,  0.00,  0.00,  0.00,  0.00,  0.00,  0.00,  0.00
SUBA , D,  1.90,  1.90,  1.90,  1.90,  1.90,  1.90,  1.90,  1.90,  1.90,  1.90,  1.90,  1.90,  1.90,  1.90,  1.90,  1.90,  1.90,  1.90,  1.90,  1.90,  1.90,  1.90,  1.90,  1.90
USAQUEN , D,  1.00,  1.00,  1.00,  1.00,  1.00,  1.00,  1.00,  1.00,  1.00,  1.00,  1.00,  1.00,  1.00,  1.00,  1.00,  1.00,  1.00,  1.00,  1.00,  1.00,  1.00,  1.00,  1.00,  1.00
LAGUNETA , D,  0.00,  0.00,  0.00,  18.00,  18.00,  18.00,  18.00,  0.00,  0.00,  0.00,  0.00,  0.00,  0.00,  0.00,  0.00,  0.00,  0.00,  18.00,  18.00,  18.00,  18.00,  18.00,  18.00,  18.00
GUAVIOMENOR , D,  0.00,  0.00,  0.00,  0.00,  0.00,  0.00,  0.00,  0.00,  0.00,  0.00,  0.00,  0.00,  0.00,  0.00,  0.00,  0.00,  0.00,  0.00,  0.00,  0.00,  0.00,  0.00,  0.00,  0.00
TEQUENDAMA1 , D,  0.00,  0.00,  0.00,  14.00,  14.00,  14.00,  14.00,  14.00,  14.00,  14.00,  14.00,  14.00,  14.00,  14.00,  14.00,  14.00,  14.00,  14.00,  14.00,  14.00,  14.00,  14.00,  14.00,  14.00
TEQUENDAMA2 , D,  0.00,  0.00,  0.00,  14.00,  14.00,  14.00,  14.00,  14.00,  14.00,  14.00,  14.00,  14.00,  14.00,  14.00,  14.00,  14.00,  14.00,  14.00,  14.00,  14.00,  14.00,  14.00,  14.00,  14.00
TEQUENDAMA3 , D,  0.00,  0.00,  0.00,  14.00,  14.00,  14.00,  14.00,  14.00,  14.00,  14.00,  14.00,  14.00,  14.00,  14.00,  14.00,  14.00,  14.00,  14.00,  14.00,  14.00,  14.00,  14.00,  14.00,  14.00
TEQUENDAMA4 , D,  0.00,  0.00,  0.00,  14.00,  14.00,  14.00,  14.00,  14.00,  14.00,  14.00,  14.00,  14.00,  14.00,  14.00,  14.00,  14.00,  14.00,  14.00,  14.00,  14.00,  14.00,  14.00,  14.00,  14.00


AGENTE: EMSA(META)
AUTOGYAGUARITO , D,  0.44,  0.57,  0.65,  0.63,  0.46,  0.50,  0.46,  0.50,  0.50,  0.53,  0.50,  0.53,  0.49,  0.50,  0.47,  0.53,  0.53,  0.55,  0.63,  0.59,  0.56,  0.59,  0.50,  0.44


AGENTE: ENERCO 
PUENTEGUILLERMO1 , D,  1.00,  1.00,  1.00,  1.00,  1.00,  1.00,  1.00,  1.00,  1.00,  1.00,  1.00,  1.00,  1.00,  1.00,  1.00,  1.00,  1.00,  1.00,  1.00,  1.00,  1.00,  1.00,  1.00,  1.00
PUENTEGUILLERMO3 , D,  0.00,  0.00,  0.00,  0.00,  0.00,  0.00,  0.00,  0.00,  0.00,  0.00,  0.00,  0.00,  0.00,  0.00,  0.00,  0.00,  0.00,  0.00,  0.00,  0.00,  0.00,  0.00,  0.00,  0.00
AUTOGECOPETROLORITO , D,  1.00,  1.00,  1.00,  1.00,  1.00,  1.00,  1.00,  1.00,  1.00,  1.00,  1.00,  1.00,  1.00,  1.00,  1.00,  1.00,  1.00,  1.00,  1.00,  1.00,  1.00,  1.00,  1.00,  1.00
CURRUCUCUES , D,  0.60,  0.60,  0.60,  0.60,  0.60,  0.60,  0.60,  0.60,  0.60,  0.60,  0.60,  0.60,  0.60,  0.60,  0.60,  0.60,  0.60,  0.60,  0.60,  0.60,  0.60,  0.60,  0.60,  0.60


AGENTE: ENERGETICA
COELLO1 , D,  1.10,  1.10,  1.10,  1.10,  1.10,  1.10,  1.10,  1.10,  1.10,  1.10,  1.10,  1.10,  1.10,  1.10,  1.10,  1.10,  1.10,  1.10,  1.10,  1.10,  1.10,  1.10,  1.10,  1.10


AGENTE: ENERGIA DEL SUROESTE
MULATOSII1 , D,  5.00,  5.00,  5.00,  5.00,  5.00,  5.00,  5.00,  5.00,  5.00,  5.00,  5.00,  5.00,  5.00,  5.00,  5.00,  5.00,  5.00,  5.00,  5.00,  5.00,  5.00,  5.00,  5.00,  5.00


AGENTE: ENERGIA RIO PIEDRAS
AGUAFRESCA1 , D,  7.29,  7.29,  7.29,  7.29,  7.29,  7.29,  7.29,  7.29,  7.29,  7.29,  7.29,  7.29,  7.29,  7.29,  7.29,  7.29,  7.29,  7.29,  7.29,  7.29,  7.29,  7.29,  7.29,  7.29


AGENTE: ENREVSA E.S.P.
ELBOSQUE1 , D,  1.90,  1.90,  1.90,  1.90,  1.90,  1.90,  1.90,  1.90,  1.90,  1.90,  1.90,  1.90,  1.90,  1.90,  1.90,  1.90,  1.90,  1.90,  1.90,  1.90,  1.90,  1.90,  1.90,  1.90


AGENTE: ESPROD SAS ESP
PLANTASOLARBAYUNCAI1 , D,  0.00,  0.00,  0.00,  0.00,  0.00,  0.36,  1.27,  1.80,  1.98,  2.13,  1.93,  2.07,  1.89,  1.66,  1.42,  0.86,  0.14,  0.00,  0.00,  0.00,  0.00,  0.00,  0.00,  0.00
PLANTASOLARBAYUNCAI1 , INVD,  0.00,  0.00,  0.00,  0.00,  0.00,  1.00,  1.00,  2.00,  2.00,  2.00,  2.00,  2.00,  2.00,  2.00,  1.00,  1.00,  1.00,  0.00,  0.00,  0.00,  0.00,  0.00,  0.00,  0.00


AGENTE: GEC  
SANJOSE1 , D,  0.23,  0.05,  0.02,  0.01,  0.00,  0.00,  0.00,  0.10,  0.00,  0.00,  0.00,  0.00,  0.00,  0.00,  0.00,  0.00,  0.00,  0.00,  0.00,  0.00,  0.00,  0.00,  0.00,  0.00


AGENTE: GECELCA S.A. E.S.P
GUAJIRA1 , D,  0,  0,  0,  0,  0,  0,  0,  0,  0,  0,  0,  0,  0,  0,  0,  0,  0,  0,  0,  0,  0,  0,  0,  0
GUAJIRA1 , CONF,  7
GUAJIRA1 , C,  MEZCLA GAS - CARBÓN
GUAJIRA2 , D,  145,  145,  145,  145,  145,  145,  145,  145,  145,  145,  145,  145,  145,  145,  145,  145,  145,  145,  145,  145,  145,  145,  145,  145
GUAJIRA2 , CONF,  7
GUAJIRA2 , C,  MEZCLA GAS - CARBÓN
GECELCA3 , D,  164,  164,  164,  164,  164,  164,  164,  164,  164,  164,  164,  164,  164,  164,  164,  164,  164,  164,  164,  164,  164,  164,  164,  164
GECELCA3 , CONF,  1
GECELCA3 , C,  CARBON
GECELCA32 , D,  273,  273,  273,  273,  273,  273,  273,  273,  273,  273,  273,  273,  273,  273,  273,  273,  273,  273,  273,  273,  273,  273,  273,  273
GECELCA32 , CONF,  1
GECELCA32 , C,  CARBON


AGENTE: GENERPUTUMAYO
LAFRISOLERA1 , D,  0.33,  0.33,  0.33,  0.33,  0.33,  0.33,  0.33,  0.33,  0.33,  0.33,  0.33,  0.33,  0.33,  0.33,  0.33,  0.33,  0.33,  0.33,  0.33,  0.33,  0.33,  0.33,  0.33,  0.33
SANFRANCISCO(PUTUMAYO)1 , D,  0.21,  0.21,  0.21,  0.21,  0.21,  0.21,  0.21,  0.21,  0.21,  0.21,  0.21,  0.21,  0.21,  0.21,  0.21,  0.21,  0.21,  0.21,  0.21,  0.21,  0.21,  0.21,  0.21,  0.21


AGENTE: GENERSA
TERMOBOLIVAR1 , D,  0.00,  0.00,  0.00,  0.00,  0.00,  0.00,  0.00,  0.00,  0.00,  0.00,  0.00,  0.00,  0.00,  0.00,  0.00,  0.00,  0.00,  0.00,  0.00,  0.00,  0.00,  0.00,  0.00,  0.00
TERMOCAPACHOS , D,  9.90,  9.90,  9.90,  9.90,  9.90,  9.90,  9.90,  9.90,  9.90,  9.90,  9.90,  9.90,  9.90,  9.90,  9.90,  9.90,  9.90,  9.90,  9.90,  9.90,  9.90,  9.90,  9.90,  9.90


AGENTE: GENMAS S.A. E.S.P.
LACASCADA(ABEJORRAL)1 , D,  0.00,  0.00,  0.00,  0.00,  0.00,  0.00,  0.00,  0.00,  0.00,  0.00,  0.00,  0.00,  0.00,  0.00,  0.00,  0.00,  0.00,  0.00,  0.00,  0.00,  0.00,  0.00,  0.00,  0.00
SANJOSEDELAMONTAÑA1 , D,  0.00,  0.00,  0.00,  0.00,  0.00,  0.00,  0.00,  0.00,  0.00,  0.00,  0.00,  0.00,  0.00,  0.00,  0.00,  0.00,  0.00,  0.00,  0.00,  0.00,  0.00,  0.00,  0.00,  0.00
SANTARITA1 , D,  0.60,  0.60,  0.60,  0.60,  0.60,  0.60,  0.60,  0.60,  0.60,  0.60,  0.60,  0.60,  0.60,  0.60,  0.60,  0.60,  0.60,  0.60,  0.60,  0.60,  0.60,  0.60,  0.60,  0.60
SANJOSEDELAMONTAÑAII1 , D,  0.00,  0.00,  0.00,  0.00,  0.00,  0.00,  0.00,  0.00,  0.00,  0.00,  0.00,  0.00,  0.00,  0.00,  0.00,  0.00,  0.00,  0.00,  0.00,  0.00,  0.00,  0.00,  0.00,  0.00
JUANGARCIA1 , D,  1.50,  1.50,  1.50,  1.50,  1.50,  1.50,  1.50,  1.50,  1.50,  1.50,  1.50,  1.50,  1.50,  1.50,  1.50,  1.50,  1.50,  1.50,  1.50,  1.50,  1.50,  1.50,  1.50,  1.30
JUANGARCIA2 , D,  1.50,  1.50,  1.50,  1.50,  1.50,  1.50,  1.50,  1.50,  1.50,  1.50,  1.50,  1.50,  1.50,  1.50,  1.50,  1.50,  1.50,  1.50,  1.50,  1.50,  1.50,  1.50,  1.50,  1.30


AGENTE: GENSA
PAIPA1 , D,  36,  36,  36,  36,  36,  36,  36,  36,  36,  36,  36,  36,  36,  36,  36,  36,  36,  36,  36,  36,  36,  36,  36,  36
PAIPA1 , CONF,  1
PAIPA1 , C,  CARBON
PAIPA2 , D,  72,  72,  72,  72,  72,  72,  72,  72,  72,  72,  72,  72,  72,  72,  72,  72,  72,  72,  72,  72,  72,  72,  72,  72
PAIPA2 , CONF,  1
PAIPA2 , C,  CARBON
PAIPA3 , D,  70,  70,  70,  70,  70,  70,  70,  70,  70,  70,  70,  70,  70,  70,  70,  70,  70,  70,  70,  70,  70,  70,  70,  70
PAIPA3 , CONF,  1
PAIPA3 , C,  CARBON


AGENTE: HIDRALPOR SAS ESP
CARLOSLLERAS1 , D,  35,  35,  35,  35,  35,  35,  35,  35,  35,  35,  35,  35,  35,  35,  35,  35,  35,  35,  35,  35,  35,  35,  35,  35
CARLOSLLERAS2 , D,  35,  35,  35,  35,  35,  35,  35,  35,  35,  35,  35,  35,  35,  35,  35,  35,  35,  35,  35,  35,  35,  35,  35,  35
ESCUELADEMINAS1 , D,  19,  19,  19,  19,  19,  19,  19,  19,  19,  19,  19,  19,  19,  19,  19,  19,  19,  19,  19,  19,  19,  19,  19,  19
ESCUELADEMINAS2 , D,  18,  18,  18,  18,  18,  18,  18,  18,  18,  18,  18,  18,  18,  18,  18,  18,  18,  18,  18,  18,  18,  18,  18,  18
ESCUELADEMINAS3 , D,  18,  18,  18,  18,  18,  18,  18,  18,  18,  18,  18,  18,  18,  18,  18,  18,  18,  18,  18,  18,  18,  18,  18,  18


AGENTE: HIDROBARRANCAS
HIDROBARRANCAS1 , D,  3.10,  3.10,  3.10,  3.10,  3.10,  3.10,  3.10,  3.10,  3.10,  3.10,  3.10,  3.10,  3.10,  3.10,  3.10,  3.10,  3.10,  3.10,  3.10,  3.10,  3.10,  3.10,  3.10,  3.10


AGENTE: HIDROTOLIMA
SANTIAGO1 , D,  1.74,  1.74,  1.74,  1.74,  1.74,  1.74,  1.74,  1.74,  1.74,  1.74,  1.74,  1.74,  1.74,  1.74,  1.74,  1.74,  1.74,  1.74,  1.74,  1.74,  1.74,  1.74,  1.74,  1.74
MIROLINDO1 , D,  2.12,  2.12,  2.12,  2.12,  2.12,  2.12,  2.12,  2.12,  2.12,  2.12,  2.12,  2.12,  2.12,  2.12,  2.12,  2.12,  2.12,  2.12,  2.12,  2.12,  2.12,  2.12,  2.12,  2.12
PASTALES1 , D,  0.65,  0.65,  0.65,  0.65,  0.65,  0.65,  0.65,  0.65,  0.65,  0.65,  0.65,  0.65,  0.65,  0.65,  0.65,  0.65,  0.65,  0.65,  0.65,  0.65,  0.65,  0.65,  0.65,  0.65
RIORECIO1 , D,  0.42,  0.42,  0.42,  0.42,  0.42,  0.42,  0.42,  0.42,  0.42,  0.42,  0.42,  0.42,  0.42,  0.42,  0.42,  0.42,  0.42,  0.42,  0.42,  0.42,  0.42,  0.42,  0.42,  0.42
VENTANAA1 , D,  1.27,  1.27,  1.27,  1.27,  1.27,  1.27,  1.27,  1.27,  1.27,  1.27,  1.27,  1.27,  1.27,  1.27,  1.27,  1.27,  1.27,  1.27,  1.27,  1.27,  1.27,  1.27,  1.27,  1.27
VENTANAB1 , D,  1.65,  1.65,  1.65,  1.65,  1.65,  1.65,  1.65,  1.65,  1.65,  1.65,  1.65,  1.65,  1.65,  1.65,  1.65,  1.65,  1.65,  1.65,  1.65,  1.65,  1.65,  1.65,  1.65,  1.65


AGENTE: HZ ENERGY
AMALFI1 , D,  0.50,  0.50,  0.50,  0.50,  0.50,  0.50,  0.50,  0.50,  0.50,  0.50,  0.50,  0.50,  0.50,  0.50,  0.50,  0.50,  0.50,  0.50,  0.50,  0.50,  0.50,  0.50,  0.50,  0.50
LAREBUSCA1 , D,  0.65,  0.65,  0.65,  0.65,  0.65,  0.65,  0.65,  0.65,  0.65,  0.65,  0.65,  0.65,  0.65,  0.65,  0.65,  0.65,  0.65,  0.65,  0.65,  0.65,  0.65,  0.65,  0.65,  0.65
PROVIDENCIA1 , D,  4.90,  4.90,  4.90,  4.90,  4.90,  4.90,  4.90,  4.26,  4.26,  4.90,  4.90,  4.90,  4.86,  4.86,  4.86,  4.86,  4.86,  4.90,  4.90,  4.90,  4.90,  4.90,  4.90,  4.90
REMEDIOS1 , D,  0.55,  0.55,  0.55,  0.55,  0.55,  0.55,  0.55,  0.55,  0.55,  0.55,  0.55,  0.55,  0.55,  0.55,  0.55,  0.55,  0.55,  0.55,  0.55,  0.55,  0.55,  0.55,  0.55,  0.55


AGENTE: IAC ENERGY
LANAVETA1 , D,  3.00,  3.00,  3.00,  3.00,  3.00,  3.00,  3.00,  3.00,  3.00,  3.00,  3.00,  3.00,  3.00,  3.00,  3.00,  3.00,  3.00,  3.00,  3.00,  3.00,  3.00,  3.00,  3.00,  3.00


AGENTE: ISAGEN
JAGUAS1 , D,  85,  85,  85,  85,  85,  85,  85,  85,  85,  85,  85,  85,  85,  85,  85,  85,  85,  85,  85,  85,  85,  85,  85,  85
JAGUAS2 , D,  85,  85,  85,  85,  85,  85,  85,  85,  85,  85,  85,  85,  85,  85,  85,  85,  85,  85,  85,  85,  85,  85,  85,  85
JAGUAS , AGCP,  140,  140,  140,  140,  140,  140,  140,  140,  140,  140,  140,  140,  140,  140,  140,  140,  140,  140,  140,  140,  140,  140,  140,  140
JAGUAS1 , AGCU,  70,  70,  70,  70,  70,  70,  70,  70,  70,  70,  70,  70,  70,  70,  70,  70,  70,  70,  70,  70,  70,  70,  70,  70
JAGUAS2 , AGCU,  70,  70,  70,  70,  70,  70,  70,  70,  70,  70,  70,  70,  70,  70,  70,  70,  70,  70,  70,  70,  70,  70,  70,  70
SANCARLOS1 , D,  155,  155,  155,  155,  155,  155,  155,  155,  155,  155,  155,  155,  155,  155,  155,  155,  155,  155,  155,  155,  155,  155,  155,  155
SANCARLOS2 , D,  155,  155,  155,  155,  155,  155,  155,  155,  155,  155,  155,  155,  155,  155,  155,  155,  155,  155,  155,  155,  155,  155,  155,  155
SANCARLOS3 , D,  155,  155,  155,  155,  155,  155,  155,  155,  155,  155,  155,  155,  155,  155,  155,  155,  155,  155,  155,  155,  155,  155,  155,  155
SANCARLOS4 , D,  155,  155,  155,  155,  155,  155,  155,  155,  155,  155,  155,  155,  155,  155,  155,  155,  155,  155,  155,  155,  155,  155,  155,  155
SANCARLOS5 , D,  155,  155,  155,  155,  155,  155,  155,  155,  155,  155,  155,  155,  155,  155,  155,  155,  155,  155,  155,  155,  155,  155,  155,  155
SANCARLOS6 , D,  0,  0,  0,  0,  0,  0,  0,  0,  0,  0,  0,  0,  0,  0,  0,  0,  0,  0,  0,  0,  0,  0,  0,  0
SANCARLOS7 , D,  155,  155,  155,  155,  155,  155,  155,  155,  155,  155,  155,  155,  155,  155,  155,  155,  155,  155,  155,  155,  155,  155,  155,  155
SANCARLOS8 , D,  155,  155,  155,  155,  155,  155,  155,  155,  155,  155,  155,  155,  155,  155,  155,  155,  155,  155,  155,  155,  155,  155,  155,  155
SANCARLOS , AGCP,  910,  910,  910,  910,  910,  910,  910,  910,  910,  910,  910,  910,  910,  910,  910,  910,  910,  910,  910,  910,  910,  910,  910,  910
SANCARLOS1 , AGCU,  130,  130,  130,  130,  130,  130,  130,  130,  130,  130,  130,  130,  130,  130,  130,  130,  130,  130,  130,  130,  130,  130,  130,  130
SANCARLOS2 , AGCU,  130,  130,  130,  130,  130,  130,  130,  130,  130,  130,  130,  130,  130,  130,  130,  130,  130,  130,  130,  130,  130,  130,  130,  130
SANCARLOS3 , AGCU,  130,  130,  130,  130,  130,  130,  130,  130,  130,  130,  130,  130,  130,  130,  130,  130,  130,  130,  130,  130,  130,  130,  130,  130
SANCARLOS4 , AGCU,  130,  130,  130,  130,  130,  130,  130,  130,  130,  130,  130,  130,  130,  130,  130,  130,  130,  130,  130,  130,  130,  130,  130,  130
SANCARLOS5 , AGCU,  130,  130,  130,  130,  130,  130,  130,  130,  130,  130,  130,  130,  130,  130,  130,  130,  130,  130,  130,  130,  130,  130,  130,  130
SANCARLOS6 , AGCU,  0,  0,  0,  0,  0,  0,  0,  0,  0,  0,  0,  0,  0,  0,  0,  0,  0,  0,  0,  0,  0,  0,  0,  0
SANCARLOS7 , AGCU,  130,  130,  130,  130,  130,  130,  130,  130,  130,  130,  130,  130,  130,  130,  130,  130,  130,  130,  130,  130,  130,  130,  130,  130
SANCARLOS8 , AGCU,  130,  130,  130,  130,  130,  130,  130,  130,  130,  130,  130,  130,  130,  130,  130,  130,  130,  130,  130,  130,  130,  130,  130,  130
MIELI1 , D,  132,  132,  132,  132,  132,  132,  132,  132,  132,  132,  132,  132,  132,  132,  132,  132,  132,  132,  132,  132,  132,  132,  132,  132
MIELI2 , D,  132,  132,  132,  132,  132,  132,  132,  132,  132,  132,  132,  132,  132,  132,  132,  132,  132,  132,  132,  132,  132,  132,  132,  132
MIELI3 , D,  132,  132,  132,  132,  132,  132,  132,  132,  132,  132,  132,  132,  132,  132,  132,  132,  132,  132,  132,  132,  132,  132,  132,  132
MIELI , AGCP,  234,  234,  234,  234,  234,  234,  234,  234,  234,  234,  234,  234,  234,  234,  234,  234,  234,  234,  234,  234,  234,  234,  234,  234
MIELI1 , AGCU,  78,  78,  78,  78,  78,  78,  78,  78,  78,  78,  78,  78,  78,  78,  78,  78,  78,  78,  78,  78,  78,  78,  78,  78
MIELI2 , AGCU,  78,  78,  78,  78,  78,  78,  78,  78,  78,  78,  78,  78,  78,  78,  78,  78,  78,  78,  78,  78,  78,  78,  78,  78
MIELI3 , AGCU,  78,  78,  78,  78,  78,  78,  78,  78,  78,  78,  78,  78,  78,  78,  78,  78,  78,  78,  78,  78,  78,  78,  78,  78
MIELI , MO,  33,  33,  33,  33,  33,  33,  33,  33,  33,  33,  33,  33,  33,  33,  33,  33,  33,  33,  33,  33,  33,  33,  33,  33
AMOYALAESPERANZA1 , D,  38,  38,  38,  38,  38,  38,  38,  38,  38,  38,  38,  38,  38,  38,  38,  38,  38,  38,  38,  38,  38,  38,  38,  38
AMOYALAESPERANZA2 , D,  37,  37,  37,  37,  37,  37,  37,  37,  37,  37,  37,  37,  37,  37,  37,  37,  37,  37,  37,  37,  37,  37,  37,  37
SOGAMOSO1 , D,  273,  273,  273,  273,  273,  273,  273,  273,  273,  273,  273,  273,  273,  273,  273,  273,  273,  273,  273,  273,  273,  273,  273,  273
SOGAMOSO2 , D,  273,  273,  273,  273,  273,  273,  273,  273,  273,  273,  273,  273,  273,  273,  273,  273,  273,  273,  273,  273,  273,  273,  273,  273
SOGAMOSO3 , D,  273,  273,  273,  273,  273,  273,  273,  273,  273,  273,  273,  273,  273,  273,  273,  273,  273,  273,  273,  273,  273,  273,  273,  273
SOGAMOSO , AGCP,  459,  459,  459,  459,  459,  459,  459,  459,  459,  459,  459,  459,  459,  459,  459,  459,  459,  459,  459,  459,  459,  459,  459,  459
SOGAMOSO1 , AGCU,  153,  153,  153,  153,  153,  153,  153,  153,  153,  153,  153,  153,  153,  153,  153,  153,  153,  153,  153,  153,  153,  153,  153,  153
SOGAMOSO2 , AGCU,  153,  153,  153,  153,  153,  153,  153,  153,  153,  153,  153,  153,  153,  153,  153,  153,  153,  153,  153,  153,  153,  153,  153,  153
SOGAMOSO3 , AGCU,  153,  153,  153,  153,  153,  153,  153,  153,  153,  153,  153,  153,  153,  153,  153,  153,  153,  153,  153,  153,  153,  153,  153,  153
SOGAMOSO , MO,  120,  120,  120,  120,  120,  120,  120,  120,  120,  120,  120,  120,  120,  120,  120,  120,  120,  120,  120,  120,  120,  120,  120,  120
TERMOCENTRO1 , D,  90,  90,  90,  90,  90,  90,  90,  90,  90,  90,  90,  90,  90,  90,  90,  90,  90,  90,  90,  90,  90,  90,  90,  90
TERMOCENTRO3 , D,  44,  44,  44,  44,  44,  44,  44,  44,  44,  44,  44,  44,  44,  44,  44,  44,  44,  44,  44,  44,  44,  44,  44,  44
TERMOCENTROCC , CONF,  4
TERMOCENTROCC , C,  GAS
CALDERAS1 , D,  3.00,  3.00,  3.00,  3.00,  3.00,  3.00,  3.00,  3.00,  3.00,  3.00,  3.00,  3.00,  3.00,  3.00,  3.00,  3.00,  3.00,  3.00,  3.00,  3.00,  3.00,  3.00,  3.00,  3.00
CALDERAS2 , D,  3.00,  3.00,  3.00,  3.00,  3.00,  3.00,  3.00,  3.00,  3.00,  3.00,  3.00,  3.00,  3.00,  3.00,  3.00,  3.00,  3.00,  3.00,  3.00,  3.00,  3.00,  3.00,  3.00,  3.00
LUZMAI1 , D,  9.00,  9.00,  9.00,  9.00,  9.00,  9.00,  9.00,  9.00,  9.00,  9.00,  9.00,  9.00,  9.00,  9.00,  9.00,  9.00,  9.00,  9.00,  9.00,  9.00,  9.00,  9.00,  9.00,  9.00
LUZMAII1 , D,  9.00,  9.00,  9.00,  9.00,  9.00,  9.00,  9.00,  9.00,  9.00,  9.00,  9.00,  9.00,  9.00,  9.00,  9.00,  9.00,  9.00,  9.00,  9.00,  9.00,  9.00,  9.00,  9.00,  9.00
LUZMAII2 , D,  9.00,  9.00,  9.00,  9.00,  9.00,  9.00,  9.00,  9.00,  9.00,  9.00,  9.00,  9.00,  9.00,  9.00,  9.00,  9.00,  9.00,  9.00,  9.00,  9.00,  9.00,  9.00,  9.00,  9.00
LUZMAI2 , D,  9.00,  9.00,  9.00,  9.00,  9.00,  9.00,  9.00,  9.00,  9.00,  9.00,  9.00,  9.00,  9.00,  9.00,  9.00,  9.00,  9.00,  9.00,  9.00,  9.00,  9.00,  9.00,  9.00,  9.00


AGENTE: MULCALARCA
BAYONA1 , D,  0.60,  0.60,  0.60,  0.60,  0.60,  0.60,  0.60,  0.60,  0.60,  0.60,  0.60,  0.60,  0.60,  0.60,  0.60,  0.60,  0.60,  0.60,  0.60,  0.60,  0.60,  0.60,  0.60,  0.60
CAMPESTRE(CALARCA)1 , D,  0.70,  0.70,  0.70,  0.70,  0.70,  0.70,  0.70,  0.70,  0.70,  0.70,  0.70,  0.70,  0.70,  0.70,  0.70,  0.70,  0.70,  0.70,  0.70,  0.70,  0.70,  0.70,  0.70,  0.70
UNION1 , D,  0.70,  0.70,  0.70,  0.70,  0.70,  0.70,  0.70,  0.70,  0.70,  0.70,  0.70,  0.70,  0.70,  0.70,  0.70,  0.70,  0.70,  0.70,  0.70,  0.70,  0.70,  0.70,  0.70,  0.70


AGENTE: NITRO ENERGY
INCAUCA1 , D,  6.80,  6.80,  6.80,  6.80,  6.80,  6.80,  6.80,  6.80,  6.80,  6.80,  6.80,  6.80,  6.80,  6.80,  6.80,  6.80,  6.80,  6.80,  6.80,  6.80,  6.80,  6.80,  6.80,  6.80
INGENIOPROVIDENCIA2 , D,  16.36,  16.36,  16.36,  16.36,  16.36,  16.36,  16.36,  16.36,  16.36,  16.36,  16.36,  16.36,  16.36,  16.36,  16.36,  16.36,  16.36,  16.36,  16.36,  16.36,  16.36,  16.36,  16.36,  16.36


AGENTE: PCH ALEJANDRÍA
ALEJANDRIA1 , D,  5.50,  5.50,  5.50,  5.50,  5.50,  5.50,  5.50,  5.50,  5.50,  5.50,  5.50,  5.50,  5.50,  5.50,  5.50,  5.50,  5.50,  5.50,  5.50,  5.50,  5.50,  5.50,  5.50,  5.50
ALEJANDRIA2 , D,  5.50,  5.50,  5.50,  5.50,  5.50,  5.50,  5.50,  5.50,  5.50,  5.50,  5.50,  5.50,  5.50,  5.50,  5.50,  5.50,  5.50,  5.50,  5.50,  5.50,  5.50,  5.50,  5.50,  5.50


AGENTE: PROELECTRICA
PROELECTRICA1 , D,  45,  45,  45,  45,  45,  45,  45,  0,  0,  0,  0,  0,  0,  0,  0,  0,  0,  0,  0,  0,  0,  0,  0,  0
PROELECTRICA2 , D,  45,  45,  45,  45,  20,  30,  45,  45,  45,  30,  45,  45,  45,  45,  45,  45,  45,  45,  45,  45,  45,  45,  45,  45
PROELECTRICA , CONF,  1
PROELECTRICA , C,  GAS
PROELECTRICA2 , PRU,  0,  0,  0,  0,  9,  9,  9,  9,  9,  9,  0,  0,  0,  0,  0,  0,  0,  0,  0,  0,  0,  0,  0,  0
AUTOGREFICAR , D,  7.50,  7.50,  7.50,  7.50,  7.50,  7.50,  7.50,  7.50,  7.50,  7.50,  7.50,  7.50,  7.50,  7.50,  7.50,  7.50,  7.50,  7.50,  7.50,  7.50,  7.50,  7.50,  7.50,  7.50


AGENTE: PROENCA 
COGENERADORPROENCA , D,  15.00,  15.00,  15.00,  15.00,  15.00,  15.00,  15.00,  15.00,  15.00,  15.00,  15.00,  15.00,  15.00,  15.00,  15.00,  15.00,  15.00,  15.00,  15.00,  15.00,  15.00,  15.00,  15.00,  15.00
PROENCAII , D,  0.00,  0.00,  0.00,  0.00,  0.00,  0.00,  0.00,  0.00,  0.00,  0.00,  0.00,  0.00,  0.00,  0.00,  0.00,  0.00,  0.00,  0.00,  0.00,  0.00,  0.00,  0.00,  0.00,  0.00


AGENTE: RENOVATIO
POCUNE1 , D,  1.00,  1.00,  1.00,  1.00,  1.00,  1.00,  1.00,  1.00,  1.00,  1.00,  1.00,  1.00,  1.00,  1.00,  1.00,  1.00,  1.00,  1.00,  1.00,  1.00,  1.00,  1.00,  1.00,  1.00


AGENTE: RIOEN SAS  E.S.P.
CENTRALCASTILLA1 , D,  3.00,  3.00,  3.00,  3.00,  3.00,  3.00,  3.00,  3.00,  3.00,  3.00,  3.00,  3.00,  3.00,  3.00,  3.00,  3.00,  3.00,  3.00,  3.00,  3.00,  3.00,  3.00,  3.00,  3.00
INGENIORIOPAILA1 , D,  16.00,  16.00,  16.00,  16.00,  16.00,  16.00,  16.00,  16.00,  16.00,  16.00,  16.00,  16.00,  16.00,  16.00,  16.00,  16.00,  16.00,  16.00,  16.00,  16.00,  16.00,  16.00,  16.00,  16.00


AGENTE: RISARALDA
MORROAZUL1 , D,  17.00,  17.00,  17.00,  17.00,  17.00,  17.00,  17.00,  17.00,  17.00,  17.00,  17.00,  17.00,  17.00,  17.00,  17.00,  17.00,  17.00,  17.00,  17.00,  17.00,  17.00,  17.00,  17.00,  17.00


AGENTE: TEBSA S.A. (E.S.P.)
TEBSA11 , D,  92,  92,  92,  92,  92,  92,  92,  92,  92,  92,  92,  92,  92,  92,  92,  92,  92,  92,  92,  92,  92,  92,  92,  92
TEBSA12 , D,  92,  92,  92,  92,  92,  92,  92,  92,  92,  92,  92,  92,  92,  92,  92,  92,  92,  92,  92,  92,  92,  92,  92,  92
TEBSA13 , D,  92,  92,  92,  92,  92,  92,  92,  92,  92,  92,  92,  92,  92,  92,  92,  92,  92,  92,  92,  92,  92,  92,  92,  92
TEBSA14 , D,  166,  166,  166,  166,  166,  166,  166,  166,  166,  166,  166,  166,  166,  166,  166,  166,  166,  166,  166,  166,  166,  166,  166,  166
TEBSA21 , D,  92,  92,  92,  92,  92,  92,  92,  92,  92,  92,  92,  92,  92,  92,  92,  92,  92,  92,  92,  92,  92,  92,  92,  92
TEBSA22 , D,  92,  92,  92,  92,  92,  92,  92,  92,  92,  92,  92,  92,  92,  92,  92,  92,  92,  92,  92,  92,  92,  92,  92,  92
TEBSA24 , D,  165,  165,  165,  165,  165,  165,  165,  165,  165,  165,  165,  165,  165,  165,  165,  165,  165,  165,  165,  165,  165,  165,  165,  165
TEBSABCC , CONF,  4
TEBSABCC , C,  GAS
BARRANQUILLA3 , D,  0,  0,  0,  0,  0,  0,  0,  0,  0,  0,  0,  0,  0,  0,  0,  0,  0,  0,  0,  0,  0,  0,  0,  0
BARRANQUILLA3 , CONF,  1
BARRANQUILLA3 , C,  GAS
BARRANQUILLA4 , D,  60,  60,  60,  60,  60,  60,  60,  60,  60,  60,  60,  60,  60,  60,  60,  60,  60,  60,  60,  60,  60,  60,  60,  60
BARRANQUILLA4 , CONF,  1
BARRANQUILLA4 , C,  GAS


AGENTE: TERMO MECHERO
TERMOMECHERO4 , D,  19.30,  19.30,  19.30,  19.30,  19.30,  19.30,  19.30,  19.30,  19.30,  19.30,  19.30,  19.30,  19.30,  19.30,  19.30,  19.30,  19.30,  19.30,  19.30,  19.30,  19.30,  19.30,  19.30,  19.30
TERMOMECHERO5 , D,  19.30,  19.30,  19.30,  19.30,  19.30,  19.30,  19.30,  19.30,  19.30,  19.30,  19.30,  19.30,  19.30,  19.30,  19.30,  19.30,  19.30,  19.30,  19.30,  19.30,  19.30,  19.30,  19.30,  19.30
TERMOMECHERO6 , D,  19.30,  19.30,  19.30,  19.30,  19.30,  19.30,  19.30,  19.30,  19.30,  19.30,  19.30,  19.30,  19.30,  19.30,  19.30,  19.30,  19.30,  19.30,  19.30,  19.30,  19.30,  19.30,  19.30,  19.30


AGENTE: TERMOCANDELARIA
TERMOCANDELARIA1 , D,  157,  157,  157,  157,  157,  157,  157,  157,  157,  157,  157,  157,  157,  157,  157,  157,  157,  157,  157,  157,  157,  157,  157,  157
TERMOCANDELARIA1 , CONF,  1
TERMOCANDELARIA1 , C,  GAS
TERMOCANDELARIA2 , D,  157,  157,  157,  157,  157,  157,  157,  157,  157,  157,  157,  157,  157,  157,  157,  157,  157,  157,  157,  157,  157,  157,  157,  157
TERMOCANDELARIA2 , CONF,  1
TERMOCANDELARIA2 , C,  GAS


AGENTE: TERMOEMCALI
TERMOEMCALI1GAS , D,  138,  138,  138,  138,  138,  138,  138,  138,  138,  138,  138,  138,  138,  138,  138,  138,  138,  138,  138,  138,  138,  138,  138,  138
TERMOEMCALI1VAPOR , D,  75,  75,  75,  75,  75,  75,  75,  75,  75,  75,  75,  75,  75,  75,  75,  75,  75,  75,  75,  75,  75,  75,  75,  75
TERMOEMCALICC , CONF,  2
TERMOEMCALICC , C,  ACPM


AGENTE: TERMOFLORES
FLORES1GAS , D,  116,  116,  116,  116,  116,  116,  116,  116,  116,  116,  116,  116,  116,  116,  116,  116,  116,  116,  116,  116,  116,  116,  116,  116
FLORES1VAPOR , D,  44,  44,  44,  44,  44,  44,  44,  44,  44,  44,  44,  44,  44,  44,  44,  44,  44,  44,  44,  44,  44,  44,  44,  44
FLORESICC , CONF,  1
FLORESICC , C,  GAS
FLORES2 , D,  120,  120,  120,  120,  120,  120,  120,  120,  120,  120,  120,  120,  120,  120,  120,  120,  120,  120,  120,  120,  120,  120,  120,  120
FLORES3 , D,  169,  169,  169,  169,  169,  169,  169,  169,  169,  169,  169,  169,  169,  169,  169,  169,  169,  169,  169,  169,  169,  169,  169,  169
FLORES4 , D,  161,  161,  161,  161,  161,  161,  161,  161,  161,  161,  161,  161,  161,  161,  161,  161,  161,  161,  161,  161,  161,  161,  161,  161
FLORES4CC , CONF,  1
FLORES4CC , C,  GAS


AGENTE: TERMONORTE
TERMONORTE1 , D,  8,  8,  8,  8,  8,  8,  8,  8,  8,  8,  8,  8,  8,  8,  8,  8,  8,  8,  8,  8,  8,  8,  8,  8
TERMONORTE2 , D,  8,  8,  8,  8,  8,  8,  8,  8,  8,  8,  8,  8,  8,  8,  8,  8,  8,  8,  8,  8,  8,  8,  8,  8
TERMONORTE3 , D,  8,  8,  8,  8,  8,  8,  8,  8,  8,  8,  8,  8,  8,  8,  8,  8,  8,  8,  8,  8,  8,  8,  8,  8
TERMONORTE4 , D,  8,  8,  8,  8,  8,  8,  8,  8,  8,  8,  8,  8,  8,  8,  8,  8,  8,  8,  8,  8,  8,  8,  8,  8
TERMONORTE5 , D,  8,  8,  8,  8,  8,  8,  8,  8,  8,  8,  8,  8,  8,  8,  8,  8,  8,  8,  8,  8,  8,  8,  8,  8
TERMONORTE6 , D,  8,  8,  8,  8,  8,  8,  8,  8,  8,  8,  8,  8,  8,  8,  8,  8,  8,  8,  8,  8,  8,  8,  8,  8
TERMONORTE7 , D,  8,  8,  8,  8,  8,  8,  8,  8,  8,  8,  8,  8,  8,  8,  8,  8,  8,  8,  8,  8,  8,  8,  8,  8
TERMONORTE8 , D,  8,  8,  8,  8,  8,  8,  8,  8,  8,  8,  8,  8,  8,  8,  8,  8,  8,  8,  8,  8,  8,  8,  8,  8
TERMONORTE9 , D,  8,  8,  8,  8,  8,  8,  8,  8,  8,  8,  8,  8,  8,  8,  8,  8,  8,  8,  8,  8,  8,  8,  8,  8
TERMONORTE10 , D,  8,  8,  8,  8,  8,  8,  8,  8,  8,  8,  8,  8,  8,  8,  8,  8,  8,  8,  8,  8,  8,  8,  8,  8
TERMONORTE , CONF,  1
TERMONORTE , C,  ACPM
TERMONORTE10 , PRU,  0,  0,  0,  0,  0,  0,  7,  7,  7,  7,  7,  7,  7,  7,  7,  7,  7,  7,  0,  0,  0,  0,  0,  0


AGENTE: TERMOPIEDRAS S.A.
TERMOPIEDRAS , D,  3.75,  3.75,  3.75,  3.75,  3.75,  3.75,  3.75,  3.75,  3.75,  3.75,  3.75,  3.75,  3.75,  3.75,  3.75,  3.75,  3.75,  3.75,  3.75,  3.75,  3.75,  3.75,  3.75,  3.75
AUTOGTURGAS , D,  3.50,  3.50,  3.50,  3.50,  3.50,  3.50,  3.50,  3.50,  3.50,  3.50,  3.50,  3.50,  3.50,  3.50,  3.50,  3.50,  3.50,  3.50,  3.50,  3.50,  3.50,  3.50,  3.50,  3.50


AGENTE: TERMOTASAJERO
TASAJERO1 , D,  165,  165,  165,  165,  165,  165,  165,  165,  165,  165,  165,  165,  165,  165,  165,  165,  165,  165,  165,  165,  165,  165,  165,  165
TASAJERO1 , CONF,  1
TASAJERO1 , C,  CARBON


AGENTE: TERMOTASAJERO DOS
TASAJERO2 , D,  170,  170,  170,  170,  170,  170,  170,  170,  170,  170,  170,  170,  170,  170,  170,  170,  170,  170,  170,  170,  170,  170,  170,  170
TASAJERO2 , CONF,  1
TASAJERO2 , C,  CARBON


AGENTE: TERMOVALLE
TERMOVALLE1GAS , D,  165,  165,  165,  165,  165,  165,  165,  165,  165,  165,  165,  165,  165,  165,  165,  165,  165,  165,  165,  165,  165,  165,  165,  165
TERMOVALLE1VAPOR , D,  76,  76,  76,  76,  76,  76,  76,  76,  76,  76,  76,  76,  76,  76,  76,  76,  76,  76,  76,  76,  76,  76,  76,  76
TERMOVALLECC , CONF,  4
TERMOVALLECC , C,  ACPM


AGENTE: TERMOYOPAL
TERMOYOPAL2 , D,  28,  28,  28,  28,  28,  28,  28,  28,  28,  28,  28,  28,  28,  28,  28,  28,  28,  28,  28,  28,  28,  28,  28,  28
TERMOYOPAL2 , CONF,  1
TERMOYOPAL2 , C,  GAS
TERMOYOPAL1 , D,  8,  8,  8,  8,  8,  8,  8,  8,  8,  8,  8,  8,  8,  8,  8,  8,  8,  8,  8,  8,  8,  8,  8,  8
TERMOYOPAL1 , CONF,  1
TERMOYOPAL1 , C,  GAS
TERMOYOPALG3 , D,  50,  50,  50,  50,  50,  50,  50,  50,  50,  49,  49,  49,  49,  49,  49,  49,  49,  50,  50,  50,  50,  50,  50,  50
TERMOYOPALG3 , CONF,  1
TERMOYOPALG3 , C,  GAS
TERMOYOPALG4 , D,  50,  50,  50,  50,  50,  50,  50,  50,  50,  50,  50,  50,  50,  50,  50,  50,  50,  50,  50,  50,  50,  50,  50,  50
TERMOYOPALG4 , CONF,  1
TERMOYOPALG4 , C,  GAS
TERMOYOPALG5 , D,  50,  50,  50,  50,  50,  50,  50,  50,  50,  50,  50,  50,  50,  50,  50,  50,  50,  50,  50,  50,  50,  50,  50,  50
TERMOYOPALG5 , CONF,  1
TERMOYOPALG5 , C,  GAS


AGENTE: URRA
URRA1 , D,  0,  0,  0,  0,  0,  0,  0,  0,  0,  0,  0,  73,  73,  73,  73,  73,  73,  73,  73,  73,  73,  73,  0,  0
URRA2 , D,  77,  77,  77,  77,  77,  77,  76,  76,  76,  76,  76,  75,  75,  75,  75,  75,  75,  75,  75,  75,  75,  75,  75,  75
URRA3 , D,  76,  76,  76,  76,  76,  76,  75,  75,  75,  75,  75,  74,  74,  74,  74,  74,  74,  74,  74,  74,  74,  74,  75,  75
URRA4 , D,  0,  0,  0,  0,  0,  0,  75,  75,  75,  75,  75,  74,  74,  74,  74,  74,  74,  74,  74,  74,  74,  74,  75,  75
URRA , AGCP,  0,  0,  0,  0,  0,  0,  0,  0,  0,  0,  0,  0,  0,  0,  0,  0,  0,  0,  0,  0,  0,  0,  0,  0
URRA1 , AGCU,  0,  0,  0,  0,  0,  0,  0,  0,  0,  0,  0,  0,  0,  0,  0,  0,  0,  0,  0,  0,  0,  0,  0,  0
URRA2 , AGCU,  0,  0,  0,  0,  0,  0,  0,  0,  0,  0,  0,  0,  0,  0,  0,  0,  0,  0,  0,  0,  0,  0,  0,  0
URRA3 , AGCU,  0,  0,  0,  0,  0,  0,  0,  0,  0,  0,  0,  0,  0,  0,  0,  0,  0,  0,  0,  0,  0,  0,  0,  0
URRA4 , AGCU,  0,  0,  0,  0,  0,  0,  0,  0,  0,  0,  0,  0,  0,  0,  0,  0,  0,  0,  0,  0,  0,  0,  0,  0
URRA , MO,  153,  153,  153,  153,  153,  153,  226,  226,  226,  226,  226,  296,  296,  296,  296,  296,  296,  296,  296,  296,  296,  296,  225,  225


AGENTE: VATIA S.A.
TRINA-VATIABSLI1 , D,  0.18,  0.18,  0.18,  0.18,  0.18,  0.18,  0.18,  0.18,  0.18,  0.18,  0.18,  0.18,  0.18,  0.18,  0.18,  0.18,  0.18,  0.18,  0.18,  0.18,  0.18,  0.18,  0.18,  0.18
TRINA-VATIABSLI1 , INVD,  126.00,  126.00,  126.00,  126.00,  126.00,  126.00,  126.00,  126.00,  126.00,  126.00,  126.00,  126.00,  126.00,  126.00,  126.00,  126.00,  126.00,  126.00,  126.00,  126.00,  126.00,  126.00,  126.00,  126.00
TRINA-VATIABSLII1 , D,  0.18,  0.18,  0.18,  0.18,  0.18,  0.18,  0.18,  0.18,  0.18,  0.18,  0.18,  0.18,  0.18,  0.18,  0.18,  0.18,  0.18,  0.18,  0.18,  0.18,  0.18,  0.18,  0.18,  0.18
TRINA-VATIABSLII1 , INVD,  126.00,  126.00,  126.00,  126.00,  126.00,  126.00,  126.00,  126.00,  126.00,  126.00,  126.00,  126.00,  126.00,  126.00,  126.00,  126.00,  126.00,  126.00,  126.00,  126.00,  126.00,  126.00,  126.00,  126.00
TRINA-VATIABSLIII1 , D,  0.00,  0.00,  0.00,  0.00,  0.00,  0.00,  0.00,  0.00,  0.00,  0.00,  0.00,  0.00,  0.00,  0.00,  0.00,  0.00,  0.00,  0.00,  0.00,  0.00,  0.00,  0.00,  0.00,  0.00
TRINA-VATIABSLIII1 , INVD,  0.00,  0.00,  0.00,  0.00,  0.00,  0.00,  0.00,  0.00,  0.00,  0.00,  0.00,  0.00,  0.00,  0.00,  0.00,  0.00,  0.00,  0.00,  0.00,  0.00,  0.00,  0.00,  0.00,  0.00
FLORIDA21 , D,  0.00,  0.00,  0.00,  0.00,  0.00,  0.00,  0.00,  0.00,  0.00,  0.00,  0.00,  0.00,  0.00,  0.00,  0.00,  0.00,  0.00,  0.00,  0.00,  0.00,  0.00,  0.00,  0.00,  0.00
FLORIDA22 , D,  9.95,  9.95,  9.95,  9.95,  9.95,  9.95,  9.95,  9.95,  9.95,  9.95,  9.95,  9.95,  9.95,  9.95,  9.95,  9.95,  9.95,  9.95,  9.95,  9.95,  9.95,  9.95,  9.95,  9.95
ASNAZU1 , D,  0.00,  0.00,  0.00,  0.00,  0.00,  0.00,  0.00,  0.00,  0.00,  0.00,  0.00,  0.00,  0.00,  0.00,  0.00,  0.00,  0.00,  0.00,  0.00,  0.00,  0.00,  0.00,  0.00,  0.00
INZA1 , D,  0.45,  0.45,  0.45,  0.45,  0.45,  0.45,  0.45,  0.45,  0.45,  0.45,  0.45,  0.45,  0.45,  0.45,  0.45,  0.45,  0.45,  0.45,  0.45,  0.45,  0.45,  0.45,  0.45,  0.45
MONDOMO1 , D,  0.39,  0.39,  0.39,  0.39,  0.39,  0.39,  0.39,  0.39,  0.39,  0.39,  0.39,  0.39,  0.39,  0.39,  0.39,  0.39,  0.39,  0.39,  0.39,  0.39,  0.39,  0.39,  0.39,  0.39
OVEJAS1 , D,  0.80,  0.80,  0.80,  0.80,  0.80,  0.80,  0.80,  0.80,  0.80,  0.80,  0.80,  0.80,  0.80,  0.80,  0.80,  0.80,  0.80,  0.80,  0.80,  0.80,  0.80,  0.80,  0.80,  0.80
RIOPALO1 , D,  0.68,  0.68,  0.68,  0.68,  0.68,  0.68,  0.68,  0.68,  0.68,  0.68,  0.68,  0.68,  0.68,  0.68,  0.68,  0.68,  0.68,  0.68,  0.68,  0.68,  0.68,  0.68,  0.68,  0.68
SAJANDI1 , D,  1.70,  1.70,  1.70,  1.70,  1.70,  1.70,  1.70,  1.70,  1.70,  1.70,  1.70,  1.70,  1.70,  1.70,  1.70,  1.70,  1.70,  1.70,  1.70,  1.70,  1.70,  1.70,  1.70,  1.70
SILVIA1 , D,  0.35,  0.35,  0.35,  0.35,  0.35,  0.35,  0.35,  0.35,  0.35,  0.35,  0.35,  0.35,  0.35,  0.35,  0.35,  0.35,  0.35,  0.35,  0.35,  0.35,  0.35,  0.35,  0.35,  0.35
LASPALMAS1 , D,  0.00,  0.00,  0.00,  0.00,  0.00,  0.00,  0.00,  0.00,  0.00,  0.00,  0.00,  0.00,  0.00,  0.00,  0.00,  0.00,  0.00,  0.00,  0.00,  0.00,  0.00,  0.00,  0.00,  0.00
LASPALMAS2 , D,  1.40,  1.40,  1.40,  1.40,  1.40,  1.40,  1.40,  1.40,  1.40,  1.40,  1.40,  1.40,  1.40,  1.40,  1.40,  1.40,  1.40,  1.40,  1.40,  1.40,  1.40,  1.40,  1.40,  1.40


