Ofertas Iniciales para: 2020-08-29


AGENTE: AES CHIVOR
CHIVOR , P,  156200
CHIVOR1 , D,  125,  125,  125,  125,  125,  125,  125,  125,  125,  125,  125,  125,  125,  125,  125,  125,  125,  125,  125,  125,  125,  125,  125,  125
CHIVOR2 , D,  125,  125,  125,  125,  125,  125,  125,  125,  125,  125,  125,  125,  125,  125,  125,  125,  125,  125,  125,  125,  125,  125,  125,  125
CHIVOR3 , D,  125,  125,  125,  125,  125,  125,  125,  125,  125,  125,  125,  125,  125,  125,  125,  125,  125,  125,  125,  125,  125,  125,  125,  125
CHIVOR4 , D,  125,  125,  125,  125,  125,  125,  125,  125,  125,  125,  125,  125,  125,  125,  125,  125,  125,  125,  125,  125,  125,  125,  125,  125
CHIVOR5 , D,  125,  125,  125,  125,  125,  125,  125,  125,  125,  125,  125,  125,  125,  125,  125,  125,  125,  125,  125,  125,  125,  125,  125,  125
CHIVOR6 , D,  125,  125,  125,  125,  125,  125,  125,  125,  125,  125,  125,  125,  125,  125,  125,  125,  125,  125,  125,  125,  125,  125,  125,  125
CHIVOR7 , D,  125,  125,  125,  125,  125,  125,  125,  125,  125,  125,  125,  125,  125,  125,  125,  125,  125,  125,  125,  125,  125,  125,  125,  125
CHIVOR8 , D,  125,  125,  125,  125,  125,  125,  125,  125,  125,  125,  125,  125,  125,  125,  125,  125,  125,  125,  125,  125,  125,  125,  125,  125
CHIVOR , AGCP,  840,  840,  840,  840,  840,  840,  840,  840,  840,  840,  840,  840,  840,  840,  840,  840,  840,  840,  840,  840,  840,  840,  840,  840
CHIVOR1 , AGCU,  105,  105,  105,  105,  105,  105,  105,  105,  105,  105,  105,  105,  105,  105,  105,  105,  105,  105,  105,  105,  105,  105,  105,  105
CHIVOR2 , AGCU,  105,  105,  105,  105,  105,  105,  105,  105,  105,  105,  105,  105,  105,  105,  105,  105,  105,  105,  105,  105,  105,  105,  105,  105
CHIVOR3 , AGCU,  105,  105,  105,  105,  105,  105,  105,  105,  105,  105,  105,  105,  105,  105,  105,  105,  105,  105,  105,  105,  105,  105,  105,  105
CHIVOR4 , AGCU,  105,  105,  105,  105,  105,  105,  105,  105,  105,  105,  105,  105,  105,  105,  105,  105,  105,  105,  105,  105,  105,  105,  105,  105
CHIVOR5 , AGCU,  105,  105,  105,  105,  105,  105,  105,  105,  105,  105,  105,  105,  105,  105,  105,  105,  105,  105,  105,  105,  105,  105,  105,  105
CHIVOR6 , AGCU,  105,  105,  105,  105,  105,  105,  105,  105,  105,  105,  105,  105,  105,  105,  105,  105,  105,  105,  105,  105,  105,  105,  105,  105
CHIVOR7 , AGCU,  105,  105,  105,  105,  105,  105,  105,  105,  105,  105,  105,  105,  105,  105,  105,  105,  105,  105,  105,  105,  105,  105,  105,  105
CHIVOR8 , AGCU,  105,  105,  105,  105,  105,  105,  105,  105,  105,  105,  105,  105,  105,  105,  105,  105,  105,  105,  105,  105,  105,  105,  105,  105
TUNJITA , D,  19.60,  19.60,  19.60,  19.60,  19.60,  19.60,  19.60,  19.60,  19.60,  19.60,  19.60,  19.60,  19.60,  19.60,  19.60,  19.60,  19.60,  19.60,  19.60,  19.60,  19.60,  19.60,  19.60,  19.60


AGENTE: AURES BAJO
AURESBAJO1 , D,  8.00,  8.00,  8.00,  8.00,  8.00,  8.00,  8.00,  8.00,  5.00,  6.00,  6.00,  6.00,  6.00,  6.00,  6.00,  6.00,  6.00,  6.00,  6.00,  6.00,  6.00,  6.00,  6.00,  6.00
AURESBAJO2 , D,  5.00,  5.00,  5.00,  5.00,  5.00,  5.00,  5.00,  5.00,  5.00,  5.00,  5.00,  5.00,  5.00,  5.00,  5.00,  5.00,  5.00,  5.00,  5.00,  5.00,  5.00,  5.00,  5.00,  5.00


AGENTE: AXIA ENERGIA
AUTOGUNIBOL , D,  1.00,  1.00,  1.00,  1.00,  1.00,  1.00,  1.00,  1.00,  1.00,  1.00,  1.00,  1.00,  1.00,  1.00,  1.00,  1.00,  1.00,  1.00,  1.00,  1.00,  1.00,  1.00,  1.00,  1.00
AUTOGFAMILIA , D,  1.00,  1.00,  1.00,  1.00,  1.00,  1.00,  1.00,  1.00,  1.00,  1.00,  1.00,  1.00,  1.00,  1.00,  1.00,  1.00,  1.00,  1.00,  1.00,  1.00,  1.00,  1.00,  1.00,  1.00


AGENTE: BIOGAS DOÑA JUANA
DOÑAJUANA , D,  0.25,  0.25,  0.25,  0.25,  0.25,  0.25,  0.25,  0.25,  0.25,  0.25,  0.25,  0.25,  0.25,  0.25,  0.25,  0.25,  0.25,  0.25,  0.25,  0.25,  0.25,  0.25,  0.25,  0.25


AGENTE: CANTAYÚS
CANTAYUS1 , D,  2.00,  2.00,  2.00,  2.00,  2.00,  2.00,  2.00,  2.00,  2.00,  2.00,  2.00,  2.00,  2.00,  2.00,  2.00,  2.00,  2.00,  2.00,  2.00,  2.00,  2.00,  2.00,  2.00,  2.00
CANTAYUS2 , D,  1.00,  1.00,  1.00,  1.00,  1.00,  1.00,  1.00,  1.00,  1.00,  1.00,  1.00,  1.00,  1.00,  1.00,  1.00,  1.00,  1.00,  1.00,  1.00,  1.00,  1.00,  1.00,  1.00,  1.00


AGENTE: CASCADA
SANMIGUEL , P,  66000
SANMIGUEL1 , D,  22,  22,  22,  22,  22,  22,  22,  22,  22,  22,  22,  22,  22,  22,  22,  22,  22,  22,  22,  22,  22,  22,  22,  22
SANMIGUEL2 , D,  22,  22,  22,  22,  22,  22,  22,  22,  22,  22,  22,  22,  22,  22,  22,  22,  22,  22,  22,  22,  22,  22,  22,  22
ELPOPAL1 , D,  9.95,  9.95,  9.95,  9.95,  9.95,  9.95,  9.95,  9.95,  9.95,  9.95,  9.95,  9.95,  9.95,  9.95,  9.95,  9.95,  9.95,  9.95,  9.95,  9.95,  9.95,  9.95,  9.95,  9.95
ELPOPAL2 , D,  9.95,  9.95,  9.95,  9.95,  9.95,  9.95,  9.95,  9.95,  9.95,  9.95,  9.95,  9.95,  9.95,  9.95,  9.95,  9.95,  9.95,  9.95,  9.95,  9.95,  9.95,  9.95,  9.95,  9.95
ELMOLINO1 , D,  9.34,  9.34,  9.34,  9.34,  9.34,  9.34,  9.34,  9.34,  9.34,  9.34,  9.34,  9.34,  9.34,  9.34,  9.34,  9.34,  9.34,  9.34,  9.34,  9.34,  9.34,  9.34,  9.34,  9.34
ELMOLINO2 , D,  9.34,  9.34,  9.34,  9.34,  9.34,  9.34,  9.34,  9.34,  9.34,  9.34,  9.34,  9.34,  9.34,  9.34,  9.34,  9.34,  9.34,  9.34,  9.34,  9.34,  9.34,  9.34,  9.34,  9.34
SANMATIAS1 , D,  9.41,  9.41,  9.41,  9.41,  9.41,  9.41,  9.41,  9.41,  9.41,  9.41,  9.41,  9.41,  9.41,  9.41,  9.41,  9.41,  9.41,  9.41,  9.41,  9.41,  9.41,  9.41,  9.41,  9.41
SANMATIAS2 , D,  9.41,  9.41,  9.41,  9.41,  9.41,  9.41,  9.41,  9.41,  9.41,  9.41,  9.41,  9.41,  9.41,  9.41,  9.41,  9.41,  9.41,  9.41,  9.41,  9.41,  9.41,  9.41,  9.41,  9.41
LACASCADA(ANTIOQUIA) , D,  1.93,  1.93,  1.93,  1.93,  1.93,  1.93,  1.93,  1.93,  1.93,  1.93,  1.93,  1.93,  1.93,  1.93,  1.93,  1.93,  1.93,  1.93,  1.93,  1.93,  1.93,  1.93,  1.93,  1.93
CARUQUIA , D,  8.64,  8.64,  8.64,  8.64,  8.64,  8.64,  0.00,  0.00,  0.00,  0.00,  0.00,  0.00,  0.00,  0.00,  0.00,  0.00,  0.00,  0.00,  0.00,  8.64,  8.64,  8.64,  8.64,  8.64
GUANAQUITAS , D,  0.00,  0.00,  0.00,  0.00,  0.00,  0.00,  0.00,  0.00,  0.00,  0.00,  0.00,  0.00,  0.00,  0.00,  0.00,  0.00,  0.00,  0.00,  0.00,  0.00,  0.00,  0.00,  0.00,  0.00
BARROSO , D,  19.12,  19.12,  19.12,  19.12,  19.12,  19.12,  19.12,  19.12,  19.12,  19.12,  19.12,  19.12,  19.12,  19.12,  19.12,  19.12,  19.12,  19.12,  19.12,  19.12,  19.12,  19.12,  19.12,  19.12


AGENTE: CCG ENERGY SAS ESP
PATICO-LACABRERA , D,  1.30,  1.30,  1.30,  1.30,  1.30,  1.30,  1.30,  1.30,  1.30,  1.30,  1.30,  1.30,  1.30,  1.30,  1.30,  1.30,  1.30,  1.30,  1.30,  1.30,  1.30,  1.30,  1.30,  1.30


AGENTE: CEDENAR
RIOMAYO1 , D,  0.00,  0.00,  0.00,  0.00,  0.00,  0.00,  0.00,  6.40,  6.40,  6.40,  6.40,  6.40,  0.00,  0.00,  0.00,  0.00,  0.00,  0.00,  0.00,  0.00,  6.40,  6.40,  6.40,  6.40
RIOMAYO2 , D,  0.00,  0.00,  0.00,  0.00,  0.00,  0.00,  0.00,  6.60,  6.60,  6.60,  6.60,  6.60,  0.00,  0.00,  0.00,  0.00,  0.00,  0.00,  0.00,  0.00,  6.60,  6.60,  6.60,  6.60
RIOMAYO3 , D,  0.00,  0.00,  0.00,  0.00,  0.00,  0.00,  0.00,  6.60,  6.60,  6.60,  6.60,  6.60,  0.00,  0.00,  0.00,  0.00,  0.00,  0.00,  0.00,  6.60,  6.60,  6.60,  6.60,  6.60
RIOSAPUYES , D,  1.39,  1.39,  1.39,  1.39,  1.39,  1.39,  1.39,  1.39,  1.39,  1.39,  1.39,  1.39,  1.39,  1.39,  1.39,  1.39,  1.39,  1.39,  1.39,  1.39,  1.39,  1.39,  1.39,  1.39
JULIOBRAVO , D,  0.00,  0.00,  0.00,  0.00,  0.00,  0.00,  0.00,  0.00,  0.00,  0.00,  0.00,  0.00,  0.00,  0.00,  0.00,  0.00,  0.00,  0.00,  0.00,  0.00,  0.00,  0.00,  0.00,  0.00
RIOBOBO , D,  2.50,  2.50,  2.50,  2.50,  2.50,  2.50,  2.50,  2.50,  2.50,  2.50,  2.50,  2.50,  2.50,  2.50,  2.50,  2.50,  2.50,  2.50,  2.50,  2.50,  2.50,  2.50,  2.50,  2.50


AGENTE: CELSIA COLOMBIA
CALIMA , P,  199000
CALIMA1 , D,  33,  33,  33,  33,  33,  33,  33,  33,  33,  33,  33,  33,  33,  33,  33,  33,  33,  33,  33,  33,  33,  33,  33,  33
CALIMA2 , D,  33,  33,  33,  33,  33,  33,  33,  33,  33,  33,  33,  33,  33,  33,  33,  33,  33,  33,  33,  33,  33,  33,  33,  33
CALIMA3 , D,  33,  33,  33,  33,  33,  33,  33,  33,  33,  33,  33,  33,  33,  33,  33,  33,  33,  33,  33,  33,  33,  33,  33,  33
CALIMA4 , D,  33,  33,  33,  33,  33,  33,  33,  33,  33,  33,  33,  33,  33,  33,  33,  33,  33,  33,  33,  33,  33,  33,  33,  33
CALIMA , AGCP,  68,  68,  68,  68,  68,  68,  68,  68,  68,  68,  68,  68,  68,  68,  68,  68,  68,  68,  68,  68,  68,  68,  68,  68
CALIMA1 , AGCU,  17,  17,  17,  17,  17,  17,  17,  17,  17,  17,  17,  17,  17,  17,  17,  17,  17,  17,  17,  17,  17,  17,  17,  17
CALIMA2 , AGCU,  17,  17,  17,  17,  17,  17,  17,  17,  17,  17,  17,  17,  17,  17,  17,  17,  17,  17,  17,  17,  17,  17,  17,  17
CALIMA3 , AGCU,  17,  17,  17,  17,  17,  17,  17,  17,  17,  17,  17,  17,  17,  17,  17,  17,  17,  17,  17,  17,  17,  17,  17,  17
CALIMA4 , AGCU,  17,  17,  17,  17,  17,  17,  17,  17,  17,  17,  17,  17,  17,  17,  17,  17,  17,  17,  17,  17,  17,  17,  17,  17
PRADO , P,  112000
PRADO1 , D,  16,  16,  16,  16,  16,  16,  16,  16,  16,  16,  16,  16,  16,  16,  16,  16,  16,  16,  16,  16,  16,  16,  16,  16
PRADO2 , D,  15,  15,  15,  15,  15,  15,  15,  15,  15,  15,  15,  15,  15,  15,  15,  15,  15,  15,  15,  15,  15,  15,  15,  15
PRADO3 , D,  15,  15,  15,  15,  15,  15,  15,  15,  15,  15,  15,  15,  15,  15,  15,  15,  15,  15,  15,  15,  15,  15,  15,  15
SALVAJINA , P,  71457
SALVAJINA1 , D,  0,  0,  0,  0,  0,  0,  0,  0,  0,  0,  0,  0,  0,  0,  0,  0,  0,  0,  0,  0,  0,  0,  0,  0
SALVAJINA2 , D,  95,  95,  95,  95,  95,  95,  95,  95,  95,  95,  95,  95,  95,  95,  95,  95,  95,  95,  95,  95,  95,  95,  95,  95
SALVAJINA3 , D,  95,  95,  95,  95,  95,  95,  95,  95,  95,  95,  95,  95,  95,  95,  95,  95,  95,  95,  95,  95,  95,  95,  95,  95
SALVAJINA , AGCP,  0,  0,  0,  0,  0,  0,  0,  0,  0,  0,  0,  0,  0,  0,  0,  0,  0,  0,  0,  0,  0,  0,  0,  0
SALVAJINA2 , AGCU,  0,  0,  0,  0,  0,  0,  0,  0,  0,  0,  0,  0,  0,  0,  0,  0,  0,  0,  0,  0,  0,  0,  0,  0
SALVAJINA3 , AGCU,  0,  0,  0,  0,  0,  0,  0,  0,  0,  0,  0,  0,  0,  0,  0,  0,  0,  0,  0,  0,  0,  0,  0,  0
SALVAJINA , MO,  190,  190,  190,  190,  190,  190,  190,  190,  190,  190,  190,  190,  190,  190,  190,  190,  190,  190,  190,  190,  190,  190,  190,  190
ALBAN , P,  124500
ALTOANCHICAYA1 , D,  115,  115,  115,  115,  115,  115,  115,  115,  115,  115,  115,  115,  115,  115,  115,  115,  115,  115,  115,  115,  115,  115,  115,  115
ALTOANCHICAYA2 , D,  115,  115,  115,  115,  115,  115,  115,  115,  115,  115,  115,  115,  115,  115,  115,  115,  115,  115,  115,  115,  115,  115,  115,  115
ALTOANCHICAYA3 , D,  0,  0,  0,  0,  0,  0,  0,  0,  0,  0,  0,  0,  0,  0,  0,  0,  0,  0,  0,  0,  0,  0,  0,  0
BAJOANCHICAYA1 , D,  0,  0,  0,  0,  13,  13,  13,  13,  13,  13,  13,  13,  13,  13,  13,  13,  13,  13,  13,  13,  13,  13,  13,  13
BAJOANCHICAYA2 , D,  0,  0,  0,  0,  13,  13,  13,  13,  13,  13,  13,  13,  13,  13,  13,  13,  13,  13,  13,  13,  13,  13,  13,  13
BAJOANCHICAYA3 , D,  0,  0,  0,  0,  12,  12,  12,  12,  12,  12,  12,  12,  12,  12,  12,  12,  12,  12,  12,  12,  12,  12,  12,  12
BAJOANCHICAYA4 , D,  5,  5,  5,  5,  12,  12,  12,  12,  12,  12,  12,  12,  12,  12,  12,  12,  12,  12,  12,  12,  12,  12,  12,  12
ALBAN , AGCP,  170,  170,  170,  170,  170,  170,  170,  170,  170,  170,  170,  170,  170,  170,  170,  170,  170,  170,  170,  170,  170,  170,  170,  170
ALTOANCHICAYA1 , AGCU,  85,  85,  85,  85,  85,  85,  85,  85,  85,  85,  85,  85,  85,  85,  85,  85,  85,  85,  85,  85,  85,  85,  85,  85
ALTOANCHICAYA2 , AGCU,  85,  85,  85,  85,  85,  85,  85,  85,  85,  85,  85,  85,  85,  85,  85,  85,  85,  85,  85,  85,  85,  85,  85,  85
ALTOANCHICAYA3 , AGCU,  0,  0,  0,  0,  0,  0,  0,  0,  0,  0,  0,  0,  0,  0,  0,  0,  0,  0,  0,  0,  0,  0,  0,  0
BAJOANCHICAYA1 , AGCU,  0,  0,  0,  0,  0,  0,  0,  0,  0,  0,  0,  0,  0,  0,  0,  0,  0,  0,  0,  0,  0,  0,  0,  0
BAJOANCHICAYA3 , AGCU,  0,  0,  0,  0,  0,  0,  0,  0,  0,  0,  0,  0,  0,  0,  0,  0,  0,  0,  0,  0,  0,  0,  0,  0
ALBAN , MO,  5,  5,  5,  5,  10,  10,  10,  10,  10,  10,  10,  10,  10,  10,  10,  10,  10,  10,  10,  10,  10,  10,  10,  10
CUCUANA , P,  73457
CUCUANA1 , D,  0,  0,  0,  0,  0,  0,  0,  0,  0,  0,  0,  0,  0,  0,  0,  0,  0,  0,  0,  0,  0,  0,  0,  0
CUCUANA2 , D,  29,  29,  29,  29,  29,  29,  29,  29,  29,  29,  29,  29,  29,  29,  29,  29,  29,  29,  29,  29,  29,  29,  29,  29
MERILECTRICA1 , P,  527813
MERILECTRICA1 , PAP1, 65142848
MERILECTRICA1 , PAPUSD1, 16935
MERILECTRICA1 , D,  167,  167,  167,  167,  167,  167,  167,  167,  167,  167,  167,  167,  167,  167,  167,  167,  167,  167,  167,  167,  167,  167,  167,  167
MERILECTRICA1 , CONF,  1
MERILECTRICA1 , C,  GAS
CELSIASOLARESPINAL1 , D,  0.00,  0.00,  0.00,  0.00,  0.00,  0.00,  0.00,  0.00,  0.00,  0.00,  0.00,  0.00,  0.00,  0.00,  0.00,  0.00,  0.00,  0.00,  0.00,  0.00,  0.00,  0.00,  0.00,  0.00
PRADO4 , D,  4.00,  4.00,  4.00,  4.00,  4.00,  4.00,  4.00,  4.00,  4.00,  4.00,  4.00,  4.00,  4.00,  4.00,  4.00,  4.00,  4.00,  4.00,  4.00,  4.00,  4.00,  4.00,  4.00,  4.00
RIOCALI1 , D,  0.00,  0.00,  0.00,  0.00,  0.00,  0.00,  0.00,  0.00,  0.00,  0.00,  0.00,  0.00,  0.00,  0.00,  0.00,  0.00,  0.00,  0.00,  0.00,  0.00,  0.00,  0.00,  0.00,  0.00
RIOCALI2 , D,  0.00,  0.00,  0.00,  0.00,  0.00,  0.00,  0.00,  0.00,  0.00,  0.00,  0.00,  0.00,  0.00,  0.00,  0.00,  0.00,  0.00,  0.00,  0.00,  0.00,  0.00,  0.00,  0.00,  0.00
BAJOTULUA1 , D,  4.00,  4.00,  4.00,  4.00,  4.00,  4.00,  4.00,  4.00,  4.00,  4.00,  4.00,  4.00,  4.00,  3.00,  3.00,  3.00,  3.00,  3.00,  3.00,  3.00,  3.00,  3.00,  3.00,  3.00
BAJOTULUA2 , D,  4.00,  4.00,  4.00,  4.00,  4.00,  4.00,  4.00,  4.00,  4.00,  4.00,  4.00,  4.00,  4.00,  3.00,  3.00,  3.00,  3.00,  3.00,  3.00,  3.00,  3.00,  3.00,  3.00,  3.00
ALTOTULUA1 , D,  3.00,  3.00,  3.00,  3.00,  3.00,  3.00,  3.00,  3.00,  3.00,  3.00,  3.00,  3.00,  3.00,  3.00,  3.00,  3.00,  3.00,  2.00,  2.00,  2.00,  2.00,  2.00,  2.00,  2.00
ALTOTULUA2 , D,  3.00,  3.00,  3.00,  3.00,  3.00,  3.00,  3.00,  3.00,  3.00,  3.00,  3.00,  3.00,  3.00,  3.00,  3.00,  3.00,  3.00,  2.00,  2.00,  2.00,  2.00,  2.00,  2.00,  2.00
HIDROMONTAÑITAS1 , D,  6.00,  6.00,  6.00,  6.00,  6.00,  6.00,  6.00,  6.00,  6.00,  6.00,  6.00,  6.00,  6.00,  6.00,  6.00,  6.00,  6.00,  6.00,  6.00,  6.00,  6.00,  6.00,  6.00,  6.00
HIDROMONTAÑITAS2 , D,  6.00,  6.00,  6.00,  6.00,  6.00,  6.00,  6.00,  6.00,  6.00,  6.00,  6.00,  6.00,  6.00,  6.00,  6.00,  6.00,  6.00,  6.00,  6.00,  6.00,  6.00,  6.00,  6.00,  6.00
RIOPIEDRAS1 , D,  9.00,  9.00,  9.00,  9.00,  9.00,  9.00,  9.00,  9.00,  9.00,  9.00,  9.00,  9.00,  9.00,  9.00,  9.00,  9.00,  9.00,  9.00,  9.00,  9.00,  9.00,  9.00,  9.00,  9.00
RIOPIEDRAS2 , D,  9.00,  9.00,  9.00,  9.00,  9.00,  9.00,  9.00,  9.00,  9.00,  9.00,  9.00,  9.00,  9.00,  9.00,  9.00,  9.00,  9.00,  9.00,  9.00,  9.00,  9.00,  9.00,  9.00,  9.00
SANANDRESDECUERQUIA1 , D,  9.00,  9.00,  9.00,  9.00,  9.00,  9.00,  9.00,  9.00,  9.00,  9.00,  9.00,  9.00,  9.00,  9.00,  9.00,  9.00,  9.00,  9.00,  9.00,  9.00,  9.00,  9.00,  9.00,  9.00
SANANDRESDECUERQUIA2 , D,  9.00,  9.00,  9.00,  9.00,  9.00,  9.00,  9.00,  9.00,  9.00,  9.00,  9.00,  9.00,  9.00,  9.00,  9.00,  9.00,  9.00,  9.00,  9.00,  9.00,  9.00,  9.00,  9.00,  9.00
AMAIME , D,  5.00,  5.00,  5.00,  5.00,  5.00,  5.00,  5.00,  5.00,  5.00,  5.00,  5.00,  5.00,  4.00,  4.00,  4.00,  4.00,  4.00,  4.00,  4.00,  4.00,  4.00,  4.00,  4.00,  4.00
ELCOCUYO , D,  0.00,  0.00,  0.00,  0.00,  0.00,  0.00,  0.00,  0.00,  0.00,  0.00,  0.00,  0.00,  0.00,  0.00,  0.00,  0.00,  0.00,  0.00,  0.00,  0.00,  0.00,  0.00,  0.00,  0.00
AUTOGARGOSCARTAGENA , D,  0.00,  0.00,  0.00,  0.00,  0.00,  0.00,  0.00,  0.00,  0.00,  0.00,  0.00,  0.00,  0.00,  0.00,  0.00,  0.00,  0.00,  0.00,  0.00,  0.00,  0.00,  0.00,  0.00,  0.00
AUTOGARGOSYUMBO , D,  0.00,  0.00,  0.00,  0.00,  0.00,  0.00,  0.00,  0.00,  0.00,  0.00,  0.00,  0.00,  0.00,  0.00,  0.00,  0.00,  0.00,  0.00,  0.00,  0.00,  0.00,  0.00,  0.00,  0.00
TEQUENDAMABIOGAS , D,  0.00,  0.00,  0.00,  0.00,  0.00,  0.00,  0.00,  0.00,  0.00,  0.00,  0.00,  0.00,  0.00,  0.00,  0.00,  0.00,  0.00,  0.00,  0.00,  0.00,  0.00,  0.00,  0.00,  0.00
AUTOGCELSIASOLARYUMBO , D,  0.00,  0.00,  0.00,  0.00,  0.00,  0.00,  0.00,  0.00,  0.00,  1.00,  3.00,  3.00,  3.00,  1.00,  1.00,  1.00,  0.00,  0.00,  0.00,  0.00,  0.00,  0.00,  0.00,  0.00
AUTOGCELSIASOLARYUMBO , INVD,  9.00,  9.00,  9.00,  9.00,  9.00,  9.00,  9.00,  9.00,  9.00,  9.00,  9.00,  9.00,  9.00,  9.00,  9.00,  9.00,  9.00,  9.00,  9.00,  9.00,  9.00,  9.00,  9.00,  9.00
CELSIASOLARBOLIVAR , D,  0.00,  0.00,  0.00,  0.00,  0.00,  0.00,  0.00,  1.00,  2.00,  3.00,  5.00,  7.00,  6.00,  3.00,  3.00,  1.00,  1.00,  0.00,  0.00,  0.00,  0.00,  0.00,  0.00,  0.00
CELSIASOLARBOLIVAR , INVD,  5.00,  5.00,  5.00,  5.00,  5.00,  5.00,  5.00,  5.00,  5.00,  5.00,  5.00,  5.00,  5.00,  5.00,  5.00,  5.00,  5.00,  5.00,  5.00,  5.00,  5.00,  5.00,  5.00,  5.00
NIMA , D,  2.00,  2.00,  2.00,  2.00,  2.00,  2.00,  2.00,  2.00,  2.00,  2.00,  2.00,  2.00,  2.00,  2.00,  2.00,  2.00,  2.00,  2.00,  2.00,  2.00,  2.00,  2.00,  2.00,  2.00
MAYAGUEZ1 , D,  18.00,  18.00,  19.00,  18.00,  18.00,  18.00,  18.00,  18.00,  19.00,  19.00,  19.00,  19.00,  19.00,  19.00,  19.00,  18.00,  18.00,  19.00,  18.00,  18.00,  19.00,  18.00,  17.00,  17.00
COGENERADORMANUELITA2 , D,  8.00,  7.00,  5.00,  5.00,  6.00,  7.00,  8.00,  8.00,  7.00,  7.00,  7.00,  7.00,  7.00,  7.00,  6.00,  4.00,  4.00,  5.00,  4.00,  6.00,  8.00,  8.00,  8.00,  8.00


AGENTE: CEMEX ENERGY
SUEVA2 , D,  3.80,  3.80,  3.80,  3.80,  3.80,  3.80,  3.08,  3.80,  3.80,  3.80,  3.80,  3.80,  3.80,  3.80,  3.80,  3.80,  3.80,  3.80,  3.80,  3.80,  3.80,  3.80,  3.80,  3.80
AUTOGREFICAR , D,  7.50,  7.50,  7.50,  7.50,  7.50,  7.50,  7.50,  7.50,  7.50,  7.50,  7.50,  7.50,  7.50,  7.50,  7.50,  7.50,  7.50,  7.50,  7.50,  7.50,  7.50,  7.50,  7.50,  7.50
AUTOGFERTICOL , D,  16.00,  16.00,  16.00,  16.00,  16.00,  16.00,  16.00,  16.00,  16.00,  16.00,  16.00,  16.00,  16.00,  16.00,  16.00,  16.00,  16.00,  16.00,  16.00,  16.00,  16.00,  16.00,  16.00,  16.00
BIOENERGY , D,  17.00,  17.00,  17.00,  17.00,  17.00,  17.00,  17.00,  17.00,  17.00,  17.00,  17.00,  17.00,  17.00,  17.00,  17.00,  17.00,  17.00,  17.00,  17.00,  17.00,  17.00,  17.00,  17.00,  17.00


AGENTE: CES
PAIPA4 , P,  144046
PAIPA4 , PAP1, 20433352
PAIPA4 , PAPUSD1, 5312
PAIPA4 , D,  160,  160,  160,  160,  160,  160,  160,  160,  160,  160,  160,  160,  160,  160,  160,  160,  160,  160,  160,  160,  160,  160,  160,  160
PAIPA4 , CONF,  1
PAIPA4 , C,  CARBON


AGENTE: CETSA(TULUA)
RIOFRIOII1 , D,  2.00,  2.00,  2.00,  2.00,  2.00,  2.00,  2.00,  2.00,  2.00,  2.00,  2.00,  2.00,  2.00,  2.00,  2.00,  2.00,  2.00,  2.00,  2.00,  2.00,  2.00,  2.00,  2.00,  2.00
RIOFRIOII2 , D,  2.00,  2.00,  2.00,  2.00,  2.00,  2.00,  2.00,  2.00,  2.00,  2.00,  2.00,  2.00,  2.00,  2.00,  2.00,  2.00,  2.00,  2.00,  2.00,  2.00,  2.00,  2.00,  2.00,  2.00
RIOFRIOI , D,  1.00,  1.00,  1.00,  1.00,  1.00,  1.00,  1.00,  1.00,  1.00,  1.00,  1.00,  1.00,  1.00,  1.00,  1.00,  1.00,  1.00,  1.00,  1.00,  1.00,  1.00,  1.00,  1.00,  1.00
RUMOR , D,  1.00,  1.00,  1.00,  1.00,  1.00,  1.00,  1.00,  1.00,  1.00,  1.00,  1.00,  2.00,  2.00,  2.00,  2.00,  2.00,  2.00,  2.00,  2.00,  2.00,  2.00,  2.00,  2.00,  2.00


AGENTE: CH EL EDEN
ELEDÉN , D,  2.00,  2.00,  2.00,  2.00,  2.00,  2.00,  2.00,  2.00,  2.00,  2.00,  2.00,  2.00,  2.00,  2.00,  2.00,  2.00,  2.00,  5.00,  5.00,  5.00,  5.00,  5.00,  2.00,  2.00


AGENTE: CHC S.A.S. E.S.P.
MAGALLO , D,  4.60,  4.60,  4.60,  4.60,  4.60,  4.60,  4.60,  4.60,  4.60,  4.60,  4.60,  4.60,  4.60,  4.60,  4.60,  4.60,  4.60,  4.60,  4.60,  4.60,  4.60,  4.60,  4.60,  4.60


AGENTE: DICELER 
INGENIOSANCARLOS1 , D,  0.00,  0.00,  0.00,  0.00,  0.00,  0.00,  0.00,  0.00,  0.00,  0.00,  0.00,  0.00,  0.00,  0.00,  0.00,  0.00,  0.00,  0.00,  0.00,  0.00,  0.00,  0.00,  0.00,  0.00


AGENTE: EEP(PEREIRA)
BELMONTE , D,  2.30,  2.30,  2.30,  2.30,  2.30,  2.30,  2.30,  2.30,  2.30,  2.30,  2.30,  2.30,  2.30,  2.30,  2.30,  2.30,  2.30,  2.30,  2.30,  2.30,  2.30,  2.30,  2.30,  2.30
NUEVOLIBARE , D,  0.00,  0.00,  0.00,  0.00,  0.00,  0.00,  0.00,  0.00,  0.00,  0.00,  0.00,  0.00,  0.00,  0.00,  0.00,  0.00,  0.00,  0.00,  0.00,  0.00,  0.00,  0.00,  0.00,  0.00
INGENIORISARALDA1 , D,  15.00,  15.00,  15.00,  15.00,  15.00,  15.00,  15.00,  15.00,  15.00,  15.00,  15.00,  15.00,  15.00,  15.00,  15.00,  15.00,  15.00,  15.00,  15.00,  15.00,  15.00,  15.00,  15.00,  15.00


AGENTE: EEPPM
ESMERALDA , P,  76377
ESMERALDA1 , D,  14,  14,  14,  14,  14,  14,  14,  14,  14,  14,  14,  14,  14,  14,  14,  14,  14,  14,  14,  14,  14,  14,  14,  14
ESMERALDA2 , D,  14,  14,  14,  14,  14,  14,  14,  14,  14,  14,  14,  14,  14,  14,  14,  14,  14,  14,  14,  14,  14,  14,  14,  14
GUATAPE , P,  71457
GUATAPE1 , D,  70,  70,  70,  70,  70,  70,  70,  70,  70,  70,  70,  70,  70,  70,  70,  70,  70,  70,  70,  70,  70,  70,  70,  70
GUATAPE2 , D,  70,  70,  70,  70,  70,  70,  70,  70,  70,  70,  70,  70,  70,  70,  70,  70,  70,  70,  70,  70,  70,  70,  70,  70
GUATAPE3 , D,  70,  70,  70,  70,  70,  70,  70,  70,  70,  70,  70,  70,  70,  70,  70,  70,  70,  70,  70,  70,  70,  70,  70,  70
GUATAPE4 , D,  70,  70,  70,  70,  70,  70,  70,  70,  70,  70,  70,  70,  70,  70,  70,  70,  70,  70,  70,  70,  70,  70,  70,  70
GUATAPE5 , D,  70,  70,  70,  70,  70,  70,  70,  70,  70,  70,  70,  70,  70,  70,  70,  70,  70,  70,  70,  70,  70,  70,  70,  70
GUATAPE6 , D,  70,  70,  70,  70,  70,  70,  70,  70,  70,  70,  70,  70,  70,  70,  70,  70,  70,  70,  70,  70,  70,  70,  70,  70
GUATAPE7 , D,  70,  70,  70,  70,  70,  70,  70,  70,  70,  70,  70,  70,  70,  70,  70,  70,  70,  70,  70,  70,  70,  70,  70,  70
GUATAPE8 , D,  70,  70,  70,  70,  70,  70,  70,  70,  70,  70,  70,  70,  70,  70,  70,  70,  70,  70,  70,  70,  70,  70,  70,  70
GUATAPE , AGCP,  560,  560,  560,  560,  560,  560,  560,  560,  0,  0,  0,  0,  0,  0,  0,  0,  0,  0,  0,  0,  0,  0,  0,  560
GUATAPE1 , AGCU,  70,  70,  70,  70,  70,  70,  70,  70,  70,  70,  70,  70,  70,  70,  70,  70,  70,  70,  70,  70,  70,  70,  70,  70
GUATAPE2 , AGCU,  70,  70,  70,  70,  70,  70,  70,  70,  70,  70,  70,  70,  70,  70,  70,  70,  70,  70,  70,  70,  70,  70,  70,  70
GUATAPE3 , AGCU,  70,  70,  70,  70,  70,  70,  70,  70,  70,  70,  70,  70,  70,  70,  70,  70,  70,  70,  70,  70,  70,  70,  70,  70
GUATAPE4 , AGCU,  70,  70,  70,  70,  70,  70,  70,  70,  70,  70,  70,  70,  70,  70,  70,  70,  70,  70,  70,  70,  70,  70,  70,  70
GUATAPE5 , AGCU,  70,  70,  70,  70,  70,  70,  70,  70,  70,  70,  70,  70,  70,  70,  70,  70,  70,  70,  70,  70,  70,  70,  70,  70
GUATAPE6 , AGCU,  70,  70,  70,  70,  70,  70,  70,  70,  70,  70,  70,  70,  70,  70,  70,  70,  70,  70,  70,  70,  70,  70,  70,  70
GUATAPE7 , AGCU,  70,  70,  70,  70,  70,  70,  70,  70,  70,  70,  70,  70,  70,  70,  70,  70,  70,  70,  70,  70,  70,  70,  70,  70
GUATAPE8 , AGCU,  70,  70,  70,  70,  70,  70,  70,  70,  70,  70,  70,  70,  70,  70,  70,  70,  70,  70,  70,  70,  70,  70,  70,  70
LATASAJERA , P,  71457
LATASAJERA1 , D,  102,  102,  102,  102,  102,  102,  102,  102,  102,  102,  102,  102,  102,  102,  102,  102,  102,  102,  102,  102,  102,  102,  102,  102
LATASAJERA2 , D,  102,  102,  102,  102,  102,  102,  102,  102,  102,  102,  102,  102,  102,  102,  102,  102,  102,  102,  102,  102,  102,  102,  102,  102
LATASAJERA3 , D,  102,  102,  102,  102,  102,  102,  102,  102,  102,  102,  102,  102,  102,  102,  102,  102,  102,  102,  102,  102,  102,  102,  102,  102
LATASAJERA , AGCP,  306,  306,  306,  306,  306,  306,  306,  306,  0,  0,  0,  0,  0,  0,  0,  0,  0,  0,  0,  0,  0,  0,  0,  306
LATASAJERA1 , AGCU,  102,  102,  102,  102,  102,  102,  102,  102,  102,  102,  102,  102,  102,  102,  102,  102,  102,  102,  102,  102,  102,  102,  102,  102
LATASAJERA2 , AGCU,  102,  102,  102,  102,  102,  102,  102,  102,  102,  102,  102,  102,  102,  102,  102,  102,  102,  102,  102,  102,  102,  102,  102,  102
LATASAJERA3 , AGCU,  102,  102,  102,  102,  102,  102,  102,  102,  102,  102,  102,  102,  102,  102,  102,  102,  102,  102,  102,  102,  102,  102,  102,  102
PLAYAS , P,  200000
PLAYAS1 , D,  69,  69,  69,  69,  69,  69,  69,  69,  69,  69,  69,  69,  69,  69,  69,  69,  69,  69,  69,  69,  69,  69,  69,  69
PLAYAS2 , D,  69,  69,  69,  69,  69,  69,  69,  69,  69,  69,  69,  69,  69,  69,  69,  69,  69,  69,  69,  69,  69,  69,  69,  69
PLAYAS3 , D,  69,  69,  69,  69,  69,  69,  69,  69,  69,  69,  69,  69,  69,  69,  69,  69,  69,  69,  69,  69,  69,  69,  69,  69
SANFRANCISCO , P,  76377
SANFRANCISCO1 , D,  0,  0,  0,  0,  0,  0,  0,  45,  45,  45,  45,  45,  0,  0,  0,  0,  0,  45,  45,  45,  45,  45,  0,  0
SANFRANCISCO2 , D,  0,  0,  0,  0,  0,  0,  0,  45,  45,  45,  45,  45,  0,  0,  0,  0,  0,  0,  45,  45,  45,  45,  0,  0
SANFRANCISCO3 , D,  0,  0,  0,  0,  0,  0,  0,  0,  0,  0,  0,  0,  0,  0,  0,  0,  0,  0,  0,  0,  0,  0,  0,  0
GUATRON , P,  76378
GUADALUPE31 , D,  45,  45,  45,  45,  45,  45,  45,  45,  45,  45,  45,  45,  45,  45,  45,  45,  45,  45,  45,  45,  45,  45,  45,  45
GUADALUPE32 , D,  45,  45,  45,  45,  45,  45,  45,  45,  45,  45,  45,  45,  45,  45,  45,  45,  45,  45,  45,  45,  45,  45,  45,  45
GUADALUPE33 , D,  45,  45,  45,  45,  45,  45,  45,  45,  45,  45,  45,  45,  45,  45,  45,  45,  45,  45,  45,  45,  45,  45,  45,  45
GUADALUPE34 , D,  45,  45,  45,  45,  45,  45,  45,  45,  45,  45,  45,  45,  45,  45,  45,  45,  45,  45,  45,  45,  45,  45,  45,  45
GUADALUPE35 , D,  45,  45,  45,  45,  45,  45,  45,  45,  45,  45,  45,  45,  45,  45,  45,  45,  45,  45,  45,  45,  45,  45,  45,  45
GUADALUPE36 , D,  45,  45,  45,  45,  45,  45,  45,  45,  45,  45,  45,  45,  45,  45,  45,  45,  45,  45,  45,  45,  45,  45,  45,  45
GUADALUPE41 , D,  0,  0,  0,  0,  0,  0,  0,  0,  0,  0,  0,  0,  0,  0,  0,  0,  0,  0,  0,  0,  0,  0,  0,  0
GUADALUPE42 , D,  0,  0,  0,  0,  0,  0,  0,  0,  0,  0,  0,  0,  0,  0,  0,  0,  0,  0,  0,  0,  0,  0,  0,  0
GUADALUPE43 , D,  75,  75,  75,  75,  75,  75,  75,  75,  75,  75,  75,  75,  75,  75,  75,  75,  75,  75,  75,  75,  75,  75,  75,  75
TRONERAS1 , D,  20,  20,  20,  20,  20,  20,  20,  20,  20,  20,  20,  20,  20,  20,  20,  20,  20,  20,  20,  20,  20,  20,  20,  20
TRONERAS2 , D,  20,  20,  20,  20,  20,  20,  20,  20,  20,  20,  20,  20,  20,  20,  20,  20,  20,  20,  20,  20,  20,  20,  20,  20
GUATRON , MO,  0,  0,  0,  0,  0,  0,  0,  0,  0,  0,  0,  0,  0,  0,  0,  0,  0,  0,  0,  0,  0,  0,  0,  0
PORCEII , P,  125000
PORCEII1 , D,  135,  135,  135,  135,  135,  135,  135,  135,  135,  135,  135,  135,  135,  135,  135,  135,  135,  135,  135,  135,  135,  135,  135,  135
PORCEII2 , D,  135,  135,  135,  135,  135,  135,  135,  135,  135,  135,  135,  135,  135,  135,  135,  135,  135,  135,  135,  135,  135,  135,  135,  135
PORCEII3 , D,  135,  135,  135,  135,  135,  135,  135,  135,  135,  135,  135,  135,  135,  135,  135,  135,  135,  135,  135,  135,  135,  135,  135,  135
PORCEII , AGCP,  116,  116,  116,  116,  116,  116,  116,  116,  0,  0,  0,  0,  0,  0,  0,  0,  0,  0,  0,  0,  0,  0,  0,  116
PORCEII1 , AGCU,  58,  58,  58,  58,  58,  58,  58,  58,  58,  58,  58,  58,  58,  58,  58,  58,  58,  58,  58,  58,  58,  58,  58,  58
PORCEII2 , AGCU,  58,  58,  58,  58,  58,  58,  58,  58,  58,  58,  58,  58,  58,  58,  58,  58,  58,  58,  58,  58,  58,  58,  58,  58
PORCEIII , P,  210000
PORCEIII4 , D,  175,  175,  175,  175,  175,  175,  175,  175,  175,  175,  175,  175,  175,  175,  175,  175,  175,  175,  175,  175,  175,  175,  175,  175
PORCEIII3 , D,  175,  175,  175,  175,  175,  175,  175,  175,  175,  175,  175,  175,  175,  175,  175,  175,  175,  175,  175,  175,  175,  175,  175,  175
PORCEIII2 , D,  175,  175,  175,  175,  175,  175,  175,  175,  175,  175,  175,  175,  175,  175,  175,  175,  175,  175,  175,  175,  175,  175,  175,  175
PORCEIII1 , D,  175,  175,  175,  175,  175,  175,  175,  175,  175,  175,  175,  175,  175,  175,  175,  175,  175,  175,  175,  175,  175,  175,  175,  175
PORCEIII , AGCP,  50,  50,  50,  50,  50,  50,  50,  50,  50,  50,  50,  50,  50,  50,  50,  50,  50,  50,  50,  50,  50,  50,  50,  50
PORCEIII4 , AGCU,  0,  0,  0,  0,  0,  0,  0,  0,  0,  0,  0,  0,  0,  0,  0,  0,  0,  0,  0,  0,  0,  0,  0,  0
PORCEIII3 , AGCU,  50,  50,  50,  50,  50,  50,  50,  50,  50,  50,  50,  50,  50,  50,  50,  50,  50,  50,  50,  50,  50,  50,  50,  50
TERMOSIERRAB , P,  69202
TERMOSIERRAB , PAP1, 80698661
TERMOSIERRAB , PAP2, 184881058
TERMOSIERRAB , PAP3, 114445233
TERMOSIERRAB , PAP4, 252270344
TERMOSIERRAB , PAP5, 217646738
TERMOSIERRAB , PAP6, 265037343
TERMOSIERRAB , PAP7, 462877731
TERMOSIERRAB , PAP8, 294594924
TERMOSIERRAB , PAP9, 514515026
TERMOSIERRAB , PAP10, 505329250
TERMOSIERRAB , PAP11, 321840676
TERMOSIERRAB , PAP12, 321840676
TERMOSIERRAB , PAP13, 296225900
TERMOSIERRAB , PAP14, 298445411
TERMOSIERRAB , PAPUSD1, 20979
TERMOSIERRAB , PAPUSD2, 48063
TERMOSIERRAB , PAPUSD3, 29752
TERMOSIERRAB , PAPUSD4, 65582
TERMOSIERRAB , PAPUSD5, 56581
TERMOSIERRAB , PAPUSD6, 68901
TERMOSIERRAB , PAPUSD7, 120333
TERMOSIERRAB , PAPUSD8, 76585
TERMOSIERRAB , PAPUSD9, 133757
TERMOSIERRAB , PAPUSD10, 131369
TERMOSIERRAB , PAPUSD11, 83668
TERMOSIERRAB , PAPUSD12, 83668
TERMOSIERRAB , PAPUSD13, 77009
TERMOSIERRAB , PAPUSD14, 77586
TERMOSIERRAB , D,  202,  202,  202,  202,  202,  202,  202,  202,  200,  200,  200,  198,  193,  193,  193,  193,  193,  193,  196,  198,  198,  198,  202,  202
TERMOSIERRAB , CONF,  3
TERMOSIERRAB , C,  GAS
TERMODORADA1 , P,  768720
TERMODORADA1 , PAP1, 21668123
TERMODORADA1 , PAP2, 22629783
TERMODORADA1 , PAP3, 22645170
TERMODORADA1 , PAPUSD1, 5633
TERMODORADA1 , PAPUSD2, 5883
TERMODORADA1 , PAPUSD3, 5887
TERMODORADA1 , D,  45,  45,  45,  45,  45,  45,  45,  45,  45,  45,  45,  45,  45,  45,  45,  45,  45,  45,  45,  45,  45,  45,  45,  45
TERMODORADA1 , CONF,  3
TERMODORADA1 , C,  ACPM
INSULA1 , D,  3.00,  3.00,  3.00,  3.00,  3.00,  3.00,  3.00,  3.00,  3.00,  3.00,  3.00,  3.00,  3.00,  3.00,  3.00,  3.00,  3.00,  3.00,  3.00,  3.00,  3.00,  3.00,  3.00,  3.00
INSULA2 , D,  4.00,  4.00,  4.00,  4.00,  4.00,  4.00,  4.00,  4.00,  4.00,  4.00,  4.00,  4.00,  4.00,  4.00,  4.00,  4.00,  4.00,  4.00,  4.00,  4.00,  4.00,  4.00,  4.00,  4.00
INSULA3 , D,  7.00,  7.00,  7.00,  7.00,  7.00,  7.00,  7.00,  7.00,  7.00,  7.00,  7.00,  7.00,  7.00,  7.00,  7.00,  7.00,  7.00,  7.00,  7.00,  7.00,  7.00,  7.00,  7.00,  7.00
LAHERRADURA1 , D,  7.20,  7.20,  7.20,  7.20,  7.20,  7.20,  7.20,  7.20,  7.20,  7.20,  7.20,  7.20,  7.20,  7.20,  7.20,  7.20,  7.20,  7.20,  7.20,  7.20,  7.20,  7.20,  7.20,  7.20
LAHERRADURA2 , D,  9.80,  9.80,  9.80,  9.80,  9.80,  9.80,  9.80,  9.80,  9.80,  9.80,  9.80,  9.80,  9.80,  9.80,  9.80,  9.80,  9.80,  9.80,  9.80,  9.80,  9.80,  9.80,  9.80,  9.80
PAJARITO1 , D,  0.00,  0.00,  0.00,  0.00,  0.00,  0.00,  0.00,  0.00,  0.00,  0.00,  0.00,  0.00,  0.00,  0.00,  0.00,  0.00,  0.00,  0.00,  0.00,  0.00,  0.00,  0.00,  0.00,  0.00
PAJARITO2 , D,  5.00,  5.00,  5.00,  5.00,  5.00,  5.00,  5.00,  5.00,  5.00,  5.00,  5.00,  5.00,  5.00,  5.00,  5.00,  5.00,  5.00,  5.00,  5.00,  5.00,  5.00,  5.00,  5.00,  5.00
AUTGCEMENTOSDELNARE , D,  7.50,  7.50,  7.50,  7.50,  7.50,  7.50,  7.50,  5.50,  5.50,  5.50,  5.50,  5.50,  5.50,  5.50,  5.50,  5.50,  5.50,  5.50,  5.50,  5.50,  5.50,  5.50,  5.50,  7.50
LAVUELTA , D,  10.80,  10.80,  10.80,  10.80,  10.80,  10.80,  10.80,  10.80,  10.80,  10.80,  10.80,  10.80,  10.80,  10.80,  10.80,  10.80,  10.80,  10.80,  10.80,  10.80,  10.80,  10.80,  10.80,  10.80
CARACOLI , D,  0.00,  0.00,  0.00,  0.00,  0.00,  0.00,  0.00,  0.00,  0.00,  0.00,  0.00,  0.00,  0.00,  0.00,  0.00,  0.00,  0.00,  0.00,  0.00,  0.00,  0.00,  0.00,  0.00,  0.00
RIOGRANDEI , D,  0.00,  0.00,  0.00,  0.00,  0.00,  0.00,  0.00,  0.00,  0.00,  0.00,  0.00,  0.00,  0.00,  0.00,  0.00,  0.00,  0.00,  0.00,  0.00,  0.00,  0.00,  0.00,  0.00,  0.00
SONSON , D,  16.00,  16.00,  16.00,  16.00,  16.00,  16.00,  16.00,  16.00,  16.00,  16.00,  16.00,  16.00,  16.00,  16.00,  16.00,  16.00,  16.00,  16.00,  16.00,  16.00,  16.00,  16.00,  16.00,  16.00
SANJOSEDELAMONTAÑA , D,  0.00,  0.00,  0.00,  0.00,  0.00,  0.00,  0.00,  0.00,  0.00,  0.00,  0.00,  0.00,  0.00,  0.00,  0.00,  0.00,  0.00,  0.00,  0.00,  0.00,  0.00,  0.00,  0.00,  0.00
RIOFRIO(TAMESIS) , D,  0.69,  0.69,  0.69,  0.69,  0.69,  0.69,  0.69,  0.69,  0.69,  0.69,  0.69,  0.69,  0.69,  0.69,  0.69,  0.69,  0.69,  0.69,  0.69,  0.69,  0.69,  0.69,  0.69,  0.69
GUACAICA , D,  0.80,  0.80,  0.80,  0.80,  0.80,  0.80,  0.80,  0.80,  0.80,  0.80,  0.80,  0.80,  0.80,  0.80,  0.80,  0.80,  0.80,  0.80,  0.80,  0.80,  0.80,  0.80,  0.80,  0.80
INTERMEDIA , D,  0.00,  0.00,  0.00,  0.00,  0.00,  0.00,  0.00,  0.00,  0.00,  0.00,  0.00,  0.00,  0.00,  0.00,  0.00,  0.00,  0.00,  0.00,  0.00,  0.00,  0.00,  0.00,  0.00,  0.00
SANCANCIO , D,  0.60,  0.60,  0.60,  0.60,  0.60,  0.60,  0.60,  0.60,  0.60,  0.60,  0.60,  0.60,  0.60,  0.60,  0.60,  0.60,  0.60,  0.60,  0.60,  0.60,  0.60,  0.60,  0.60,  0.60
NIQUIA , D,  13.50,  13.50,  13.50,  13.50,  13.50,  13.50,  13.50,  14.00,  14.00,  14.00,  14.00,  14.00,  14.00,  14.00,  14.00,  14.00,  14.00,  14.00,  14.00,  14.00,  14.00,  13.00,  13.00,  13.00
NUTIBARA , D,  0.00,  0.00,  0.00,  0.00,  0.00,  0.00,  0.00,  0.00,  0.00,  0.00,  0.00,  0.00,  0.00,  0.00,  0.00,  0.00,  0.00,  0.00,  0.00,  0.00,  0.00,  0.00,  0.00,  0.00
CASCADA , D,  1.80,  1.80,  1.80,  1.80,  1.80,  1.80,  1.80,  1.80,  1.80,  1.80,  1.80,  1.80,  1.80,  1.80,  1.80,  1.80,  1.80,  1.80,  1.80,  1.80,  1.80,  1.80,  1.80,  1.80
PALMASSANGIL , D,  7.50,  7.50,  7.50,  7.50,  7.50,  7.50,  7.50,  7.50,  7.50,  7.50,  7.50,  7.50,  7.50,  7.50,  7.50,  7.50,  7.50,  7.50,  7.50,  7.50,  7.50,  7.50,  7.50,  7.50
RIOGRANDE , D,  0.00,  0.00,  0.00,  0.00,  0.00,  0.00,  0.00,  0.00,  0.00,  0.00,  0.00,  0.00,  0.00,  0.00,  0.00,  0.00,  0.00,  0.00,  0.00,  0.00,  0.00,  0.00,  0.00,  0.00
MUNICIPAL , D,  1.10,  1.10,  1.10,  1.10,  1.10,  1.10,  1.10,  1.10,  1.10,  1.10,  1.10,  1.10,  1.10,  1.10,  1.10,  1.10,  1.10,  1.10,  1.10,  1.10,  1.10,  1.10,  1.10,  1.10
AUTOGARGOSELCAIRO , D,  6.40,  6.40,  6.40,  6.40,  6.40,  6.40,  6.40,  5.10,  4.30,  4.30,  4.30,  4.30,  4.30,  4.30,  4.30,  6.40,  6.40,  6.40,  6.40,  6.40,  6.40,  6.40,  6.40,  6.40
PORCEIIIMENOR , D,  1.00,  1.00,  1.00,  1.00,  1.00,  1.00,  1.00,  1.00,  1.00,  1.00,  1.00,  1.00,  1.00,  1.00,  1.00,  1.00,  1.00,  1.00,  1.00,  1.00,  1.00,  1.00,  1.00,  1.00
AUTOGARGOSSOGAMOSO , D,  0.50,  0.50,  0.50,  0.50,  0.50,  0.50,  0.50,  0.50,  0.50,  0.50,  0.50,  0.50,  0.50,  0.50,  0.50,  0.50,  0.50,  0.50,  0.50,  0.50,  0.50,  0.50,  0.50,  0.50
AUTOGCOCA-COLAFEMSA , D,  0.20,  0.20,  0.20,  0.20,  0.20,  0.20,  0.20,  0.20,  0.20,  0.20,  0.20,  0.20,  0.20,  0.20,  0.20,  0.20,  0.20,  0.20,  0.20,  0.20,  0.20,  0.20,  0.20,  0.20
AMERICA , D,  0.27,  0.27,  0.27,  0.27,  0.27,  0.27,  0.27,  0.27,  0.27,  0.27,  0.27,  0.27,  0.27,  0.27,  0.27,  0.27,  0.27,  0.27,  0.27,  0.27,  0.27,  0.27,  0.27,  0.27
AYURA , D,  11.50,  11.50,  11.50,  11.50,  11.50,  11.50,  11.50,  11.50,  11.50,  11.50,  11.50,  11.50,  11.50,  11.50,  11.50,  11.50,  11.50,  11.50,  11.50,  11.50,  11.50,  11.50,  11.50,  11.50
BELLO , D,  0.28,  0.28,  0.28,  0.28,  0.28,  0.28,  0.28,  0.28,  0.28,  0.28,  0.28,  0.28,  0.28,  0.28,  0.28,  0.28,  0.28,  0.28,  0.28,  0.28,  0.28,  0.28,  0.28,  0.28
CAMPESTRE(EPM) , D,  0.00,  0.00,  0.00,  0.00,  0.00,  0.00,  0.00,  0.00,  0.00,  0.00,  0.00,  0.00,  0.00,  0.00,  0.00,  0.00,  0.00,  0.00,  0.00,  0.00,  0.00,  0.00,  0.00,  0.00
MANANTIALES , D,  0.00,  0.00,  0.00,  0.00,  0.00,  0.00,  0.00,  0.00,  0.00,  0.00,  0.00,  0.00,  0.00,  0.00,  0.00,  0.00,  0.00,  0.00,  0.00,  0.00,  0.00,  0.00,  0.00,  0.00
COGENERADORCOLTEJER1 , D,  9.00,  9.00,  9.00,  9.00,  9.00,  9.00,  9.00,  9.00,  9.00,  9.00,  9.00,  9.00,  9.00,  9.00,  9.00,  9.00,  9.00,  9.00,  9.00,  9.00,  9.00,  9.00,  9.00,  9.00
JEPIRACHI1-15 , D,  2.49,  2.88,  2.54,  3.02,  1.07,  1.00,  1.00,  1.07,  1.00,  0.00,  0.00,  1.24,  1.00,  1.00,  1.55,  5.43,  8.06,  8.86,  9.12,  5.46,  3.89,  3.16,  2.19,  1.74
JEPIRACHI1-15 , INVD,  12.00,  12.00,  12.00,  12.00,  12.00,  12.00,  12.00,  12.00,  12.00,  12.00,  12.00,  12.00,  12.00,  12.00,  12.00,  12.00,  12.00,  12.00,  12.00,  12.00,  12.00,  12.00,  12.00,  12.00


AGENTE: EGECOL S.A. E.S.P.
PCHLALIBERTAD1 , D,  0.21,  0.21,  0.21,  0.21,  0.21,  0.21,  0.21,  0.21,  0.21,  0.21,  0.21,  0.21,  0.21,  0.21,  0.21,  0.21,  0.21,  0.21,  0.21,  0.21,  0.21,  0.21,  0.21,  0.21


AGENTE: ELECTROHUILA
IQUIRAI , D,  0.00,  0.00,  0.00,  0.00,  0.00,  0.00,  0.00,  0.00,  0.00,  0.00,  0.00,  0.00,  0.00,  0.00,  0.00,  0.00,  0.00,  0.00,  0.00,  0.00,  0.00,  0.00,  0.00,  0.00
IQUIRAII , D,  0.00,  0.00,  0.00,  0.00,  0.00,  0.00,  0.00,  0.00,  0.00,  0.00,  0.00,  0.00,  0.00,  0.00,  0.00,  0.00,  0.00,  0.00,  0.00,  0.00,  0.00,  0.00,  0.00,  0.00
LAPITA , D,  0.00,  0.00,  0.00,  0.00,  0.00,  0.00,  0.00,  0.00,  0.00,  0.00,  0.00,  0.00,  0.00,  0.00,  0.00,  0.00,  0.00,  0.00,  0.00,  0.00,  0.00,  0.00,  0.00,  0.00


AGENTE: EMEE(POPAYAN)
COCONUCO , D,  2.20,  2.20,  2.20,  2.20,  2.20,  2.20,  2.20,  2.20,  2.20,  2.20,  2.20,  2.20,  2.20,  2.20,  2.20,  2.20,  2.20,  2.20,  2.20,  2.20,  2.20,  2.20,  2.20,  2.20


AGENTE: EMGESA S.A.
BETANIA , P,  71457
BETANIA1 , D,  163,  163,  163,  163,  163,  163,  163,  163,  163,  163,  163,  163,  163,  163,  163,  163,  163,  163,  163,  163,  163,  163,  163,  163
BETANIA2 , D,  163,  163,  163,  163,  163,  163,  163,  163,  163,  163,  163,  163,  163,  163,  163,  163,  163,  163,  163,  163,  163,  163,  163,  163
BETANIA3 , D,  163,  163,  163,  163,  163,  163,  163,  163,  163,  163,  163,  163,  163,  163,  163,  163,  163,  163,  163,  163,  163,  163,  163,  163
BETANIA , AGCP,  206,  206,  206,  206,  206,  206,  206,  206,  206,  206,  206,  206,  206,  206,  206,  206,  206,  206,  206,  206,  206,  206,  206,  206
BETANIA1 , AGCU,  103,  103,  103,  103,  103,  103,  103,  103,  103,  103,  103,  103,  103,  103,  103,  103,  103,  103,  103,  103,  103,  103,  103,  103
BETANIA2 , AGCU,  103,  103,  103,  103,  103,  103,  103,  103,  103,  103,  103,  103,  103,  103,  103,  103,  103,  103,  103,  103,  103,  103,  103,  103
BETANIA , MO,  60,  60,  60,  60,  60,  60,  60,  60,  60,  60,  60,  60,  60,  60,  60,  60,  60,  60,  60,  60,  60,  60,  60,  60
GUAVIO , P,  153000
GUAVIO1 , D,  245,  245,  245,  245,  245,  245,  245,  245,  245,  245,  245,  245,  245,  245,  245,  245,  245,  245,  245,  245,  245,  245,  245,  245
GUAVIO2 , D,  0,  0,  0,  0,  0,  0,  0,  0,  0,  0,  0,  0,  0,  0,  0,  0,  0,  0,  0,  0,  0,  245,  245,  245
GUAVIO3 , D,  245,  245,  245,  245,  245,  245,  245,  245,  245,  245,  245,  245,  245,  245,  245,  245,  245,  245,  245,  245,  245,  245,  245,  245
GUAVIO4 , D,  245,  245,  245,  245,  245,  245,  245,  245,  245,  245,  245,  245,  245,  245,  245,  245,  245,  245,  245,  245,  245,  245,  245,  245
GUAVIO5 , D,  245,  245,  245,  245,  245,  245,  245,  245,  245,  245,  245,  245,  245,  245,  245,  245,  245,  245,  245,  245,  245,  245,  245,  245
GUAVIO , AGCP,  0,  0,  0,  0,  0,  0,  0,  0,  0,  0,  0,  0,  0,  0,  0,  0,  0,  0,  0,  0,  0,  0,  0,  0
GUAVIO1 , AGCU,  185,  185,  185,  185,  185,  185,  185,  185,  185,  185,  185,  185,  185,  185,  185,  185,  185,  185,  185,  185,  185,  185,  185,  185
GUAVIO2 , AGCU,  0,  0,  0,  0,  0,  0,  0,  0,  0,  0,  0,  0,  0,  0,  0,  0,  0,  0,  0,  0,  0,  185,  185,  185
GUAVIO3 , AGCU,  185,  185,  185,  185,  185,  185,  185,  185,  185,  185,  185,  185,  185,  185,  185,  185,  185,  185,  185,  185,  185,  185,  185,  185
GUAVIO4 , AGCU,  185,  185,  185,  185,  185,  185,  185,  185,  185,  185,  185,  185,  185,  185,  185,  185,  185,  185,  185,  185,  185,  185,  185,  185
GUAVIO5 , AGCU,  185,  185,  185,  185,  185,  185,  185,  185,  185,  185,  185,  185,  185,  185,  185,  185,  185,  185,  185,  185,  185,  185,  185,  185
PAGUA , P,  133000
LAGUACA1 , D,  108,  108,  108,  108,  108,  108,  108,  108,  108,  108,  108,  108,  108,  108,  108,  108,  108,  108,  108,  108,  108,  108,  108,  108
LAGUACA2 , D,  108,  108,  108,  108,  108,  108,  108,  108,  108,  108,  108,  108,  108,  108,  108,  108,  108,  108,  108,  108,  108,  108,  108,  108
LAGUACA3 , D,  108,  108,  108,  108,  108,  108,  108,  108,  108,  108,  108,  108,  108,  108,  108,  108,  108,  108,  108,  108,  108,  108,  108,  108
PARAISO1 , D,  92,  92,  92,  92,  92,  92,  92,  92,  92,  92,  92,  92,  92,  92,  92,  92,  92,  92,  92,  92,  92,  92,  92,  92
PARAISO2 , D,  92,  92,  92,  92,  92,  92,  92,  92,  92,  92,  92,  92,  92,  92,  92,  92,  92,  92,  92,  92,  92,  92,  92,  92
PARAISO3 , D,  92,  92,  92,  92,  92,  92,  92,  92,  92,  92,  92,  92,  92,  92,  92,  92,  92,  92,  92,  92,  92,  92,  92,  92
PAGUA , AGCP,  0,  0,  0,  0,  0,  0,  0,  0,  0,  0,  0,  0,  0,  0,  0,  0,  0,  0,  0,  0,  0,  0,  0,  0
LAGUACA1 , AGCU,  68,  68,  68,  68,  68,  68,  68,  68,  68,  68,  68,  68,  68,  68,  68,  68,  68,  68,  68,  68,  68,  68,  68,  68
LAGUACA2 , AGCU,  68,  68,  68,  68,  68,  68,  68,  68,  68,  68,  68,  68,  68,  68,  68,  68,  68,  68,  68,  68,  68,  68,  68,  68
LAGUACA3 , AGCU,  68,  68,  68,  68,  68,  68,  68,  68,  68,  68,  68,  68,  68,  68,  68,  68,  68,  68,  68,  68,  68,  68,  68,  68
PARAISO1 , AGCU,  58,  58,  58,  58,  58,  58,  58,  58,  58,  58,  58,  58,  58,  58,  58,  58,  58,  58,  58,  58,  58,  58,  58,  58
PARAISO2 , AGCU,  58,  58,  58,  58,  58,  58,  58,  58,  58,  58,  58,  58,  58,  58,  58,  58,  58,  58,  58,  58,  58,  58,  58,  58
PARAISO3 , AGCU,  58,  58,  58,  58,  58,  58,  58,  58,  58,  58,  58,  58,  58,  58,  58,  58,  58,  58,  58,  58,  58,  58,  58,  58
ELQUIMBO , P,  71457
ELQUIMBO1 , D,  182,  182,  182,  182,  182,  182,  182,  182,  182,  182,  182,  182,  182,  182,  182,  182,  182,  182,  182,  182,  182,  182,  182,  182
ELQUIMBO2 , D,  182,  182,  182,  182,  182,  182,  182,  182,  182,  182,  182,  182,  182,  182,  182,  182,  182,  182,  182,  182,  182,  182,  182,  182
ELQUIMBO , AGCP,  196,  196,  196,  196,  196,  196,  196,  196,  196,  196,  196,  196,  196,  196,  196,  196,  196,  196,  196,  196,  196,  196,  196,  196
ELQUIMBO1 , AGCU,  98,  98,  98,  98,  98,  98,  98,  98,  98,  98,  98,  98,  98,  98,  98,  98,  98,  98,  98,  98,  98,  98,  98,  98
ELQUIMBO2 , AGCU,  98,  98,  98,  98,  98,  98,  98,  98,  98,  98,  98,  98,  98,  98,  98,  98,  98,  98,  98,  98,  98,  98,  98,  98
ELQUIMBO , MO,  84,  84,  84,  84,  84,  84,  84,  84,  84,  84,  84,  84,  84,  84,  84,  84,  84,  84,  84,  84,  84,  84,  84,  84
DARIOVALENCIASAMPER , P,  78000
DARIOVALENCIASAMPER1 , D,  50,  50,  50,  50,  50,  50,  50,  50,  50,  50,  50,  50,  50,  50,  50,  50,  50,  50,  50,  50,  50,  50,  50,  50
DARIOVALENCIASAMPER2 , D,  50,  50,  50,  50,  50,  50,  50,  50,  50,  50,  50,  50,  50,  50,  50,  50,  50,  50,  50,  50,  50,  50,  50,  50
DARIOVALENCIASAMPER5 , D,  0,  0,  0,  0,  0,  0,  0,  0,  0,  0,  0,  0,  0,  0,  0,  0,  0,  0,  0,  0,  0,  0,  0,  0
SALTOII , P,  79000
SALTOII2 , D,  35,  35,  35,  35,  35,  35,  35,  35,  35,  35,  35,  35,  35,  35,  35,  35,  35,  35,  35,  35,  35,  35,  35,  35
ELPASOPANELES , D,  0,  0,  0,  0,  0,  0,  5,  21,  37,  45,  54,  47,  36,  44,  39,  31,  17,  3,  0,  0,  0,  0,  0,  0
ELPASOPANELES , PRU,  100,  100,  100,  100,  100,  100,  100,  100,  100,  100,  100,  100,  100,  100,  100,  100,  100,  100,  100,  100,  100,  100,  100,  100
ELPASOPANELES , INVD,  46,  46,  46,  46,  46,  46,  46,  46,  46,  46,  46,  46,  46,  46,  46,  46,  46,  46,  46,  46,  46,  46,  46,  46
CARTAGENA1 , P,  866580
CARTAGENA1 , PAP1, 68181694
CARTAGENA1 , PAP2, 68181694
CARTAGENA1 , PAPUSD1, 17725
CARTAGENA1 , PAPUSD2, 17725
CARTAGENA1 , D,  56,  56,  56,  56,  56,  56,  56,  56,  56,  56,  56,  56,  56,  56,  56,  56,  56,  56,  56,  56,  56,  56,  56,  56
CARTAGENA1 , CONF,  1
CARTAGENA1 , C,  COMBUSTOLEO
CARTAGENA2 , P,  864957
CARTAGENA2 , PAP1, 66935383
CARTAGENA2 , PAP2, 66935383
CARTAGENA2 , PAPUSD1, 17401
CARTAGENA2 , PAPUSD2, 17401
CARTAGENA2 , D,  62,  62,  62,  62,  62,  62,  62,  62,  62,  62,  62,  62,  62,  62,  62,  62,  62,  62,  62,  62,  62,  62,  62,  62
CARTAGENA2 , CONF,  1
CARTAGENA2 , C,  COMBUSTOLEO
CARTAGENA3 , P,  867678
CARTAGENA3 , PAP1, 68897169
CARTAGENA3 , PAP2, 68897169
CARTAGENA3 , PAPUSD1, 17911
CARTAGENA3 , PAPUSD2, 17911
CARTAGENA3 , D,  66,  66,  66,  66,  66,  66,  66,  66,  66,  66,  66,  66,  66,  66,  66,  66,  66,  66,  66,  66,  66,  66,  66,  66
CARTAGENA3 , CONF,  1
CARTAGENA3 , C,  COMBUSTOLEO
ZIPAEMG2 , P,  199120
ZIPAEMG2 , PAP1, 44244053
ZIPAEMG2 , PAPUSD1, 11502
ZIPAEMG2 , D,  35,  35,  35,  35,  35,  35,  35,  35,  35,  35,  35,  35,  35,  35,  35,  35,  35,  35,  35,  35,  35,  35,  35,  35
ZIPAEMG2 , CONF,  1
ZIPAEMG2 , C,  CARBON
ZIPAEMG3 , P,  199433
ZIPAEMG3 , PAP1, 46867462
ZIPAEMG3 , PAPUSD1, 12184
ZIPAEMG3 , D,  54,  54,  54,  54,  54,  54,  54,  54,  54,  54,  54,  54,  54,  54,  54,  54,  54,  54,  54,  54,  54,  54,  54,  54
ZIPAEMG3 , CONF,  1
ZIPAEMG3 , C,  CARBON
ZIPAEMG4 , P,  199721
ZIPAEMG4 , PAP1, 46867462
ZIPAEMG4 , PAPUSD1, 12184
ZIPAEMG4 , D,  63,  63,  63,  63,  63,  63,  63,  63,  63,  63,  63,  63,  63,  63,  63,  63,  63,  63,  63,  63,  63,  63,  63,  63
ZIPAEMG4 , CONF,  1
ZIPAEMG4 , C,  CARBON
ZIPAEMG5 , P,  199011
ZIPAEMG5 , PAP1, 46867462
ZIPAEMG5 , PAPUSD1, 12184
ZIPAEMG5 , D,  0,  0,  0,  0,  0,  0,  0,  0,  0,  0,  0,  0,  0,  0,  0,  0,  0,  0,  0,  0,  0,  0,  0,  0
ZIPAEMG5 , CONF,  1
ZIPAEMG5 , C,  CARBON
CHARQUITO , D,  5.00,  5.00,  5.00,  5.00,  5.00,  5.00,  0.00,  0.00,  12.00,  12.00,  12.00,  12.00,  12.00,  12.00,  12.00,  12.00,  12.00,  12.00,  12.00,  12.00,  12.00,  12.00,  12.00,  12.00
ELLIMONAR , D,  0.00,  0.00,  0.00,  0.00,  0.00,  0.00,  0.00,  10.00,  10.00,  10.00,  10.00,  10.00,  10.00,  10.00,  10.00,  10.00,  10.00,  10.00,  10.00,  10.00,  10.00,  10.00,  10.00,  10.00
RIONEGRO , D,  0.00,  0.00,  0.00,  0.00,  0.00,  0.00,  0.00,  0.00,  0.00,  0.00,  0.00,  0.00,  0.00,  0.00,  0.00,  0.00,  0.00,  0.00,  0.00,  0.00,  0.00,  0.00,  0.00,  0.00
SANTAANA , D,  0.00,  0.00,  0.00,  0.00,  0.00,  0.00,  0.00,  0.00,  0.00,  0.00,  0.00,  0.00,  0.00,  0.00,  0.00,  0.00,  0.00,  0.00,  0.00,  0.00,  0.00,  0.00,  0.00,  0.00
SUBA , D,  0.90,  0.90,  0.90,  0.90,  0.90,  0.90,  0.90,  0.90,  0.90,  0.90,  0.90,  0.90,  0.90,  0.90,  0.90,  0.90,  0.90,  0.90,  0.90,  0.90,  0.90,  0.90,  0.90,  0.90
USAQUEN , D,  0.00,  0.00,  0.00,  0.00,  0.00,  0.00,  0.00,  0.00,  0.00,  0.00,  0.00,  0.00,  0.00,  0.00,  0.00,  0.00,  0.00,  0.00,  0.00,  0.00,  0.00,  0.00,  0.00,  0.00
LAGUNETA , D,  16.00,  16.00,  16.00,  16.00,  16.00,  16.00,  16.00,  18.00,  18.00,  18.00,  18.00,  18.00,  18.00,  18.00,  18.00,  18.00,  18.00,  18.00,  18.00,  18.00,  18.00,  18.00,  18.00,  18.00
GUAVIOMENOR , D,  5.00,  5.00,  5.00,  5.00,  5.00,  5.00,  5.00,  5.00,  5.00,  5.00,  5.00,  5.00,  5.00,  5.00,  5.00,  5.00,  5.00,  5.00,  5.00,  5.00,  5.00,  5.00,  5.00,  5.00
TEQUENDAMA1 , D,  12.00,  12.00,  12.00,  12.00,  12.00,  12.00,  12.00,  14.00,  14.00,  14.00,  14.00,  14.00,  14.00,  14.00,  14.00,  14.00,  14.00,  14.00,  14.00,  14.00,  14.00,  14.00,  14.00,  14.00
TEQUENDAMA2 , D,  11.00,  11.00,  11.00,  11.00,  11.00,  11.00,  11.00,  14.00,  14.00,  14.00,  14.00,  14.00,  14.00,  14.00,  14.00,  14.00,  14.00,  14.00,  14.00,  14.00,  14.00,  14.00,  14.00,  14.00
TEQUENDAMA3 , D,  0.00,  0.00,  0.00,  0.00,  0.00,  0.00,  0.00,  6.00,  6.00,  6.00,  6.00,  6.00,  6.00,  6.00,  6.00,  6.00,  6.00,  6.00,  6.00,  6.00,  6.00,  6.00,  6.00,  6.00
TEQUENDAMA4 , D,  0.00,  0.00,  0.00,  0.00,  0.00,  0.00,  0.00,  6.00,  6.00,  6.00,  6.00,  6.00,  6.00,  6.00,  6.00,  6.00,  6.00,  6.00,  6.00,  6.00,  6.00,  6.00,  6.00,  6.00


AGENTE: EMSA(META)
AUTOGYAGUARITO , D,  0.39,  0.60,  0.60,  0.49,  0.50,  0.50,  0.50,  0.36,  0.40,  0.60,  0.58,  0.60,  0.59,  0.60,  0.59,  0.60,  0.42,  0.45,  0.34,  0.27,  0.30,  0.30,  0.40,  0.40
AUTOGCDSTM2500 , D,  0.00,  0.00,  0.00,  0.00,  19.90,  19.90,  19.90,  19.90,  19.90,  19.90,  19.90,  19.90,  19.90,  19.90,  19.90,  19.90,  19.90,  19.90,  0.00,  0.00,  0.00,  0.00,  0.00,  0.00


AGENTE: ENERCO 
PUENTEGUILLERMO1 , D,  1.00,  1.00,  1.00,  1.00,  1.00,  1.00,  1.00,  1.00,  1.00,  1.00,  1.00,  1.00,  1.00,  1.00,  1.00,  1.00,  1.00,  1.00,  1.00,  1.00,  1.00,  1.00,  1.00,  1.00
PUENTEGUILLERMO3 , D,  0.00,  0.00,  0.00,  0.00,  0.00,  0.00,  0.00,  0.00,  0.00,  0.00,  0.00,  0.00,  0.00,  0.00,  0.00,  0.00,  0.00,  0.00,  0.00,  0.00,  0.00,  0.00,  0.00,  0.00
LACASCADA(ABEJORRAL) , D,  0.00,  0.00,  0.00,  0.00,  0.00,  0.00,  0.00,  0.00,  0.00,  0.00,  0.00,  0.00,  0.00,  0.00,  0.00,  0.00,  0.00,  0.00,  0.00,  0.00,  0.00,  0.00,  0.00,  0.00
CURRUCUCUES , D,  0.60,  0.60,  0.60,  0.60,  0.60,  0.60,  0.60,  0.60,  0.60,  0.60,  0.60,  0.60,  0.60,  0.60,  0.60,  0.60,  0.60,  0.60,  0.60,  0.60,  0.60,  0.60,  0.60,  0.60
SANTARITA , D,  0.00,  0.00,  0.00,  0.00,  0.00,  0.00,  0.00,  0.00,  0.00,  0.00,  0.00,  0.00,  0.00,  0.00,  0.00,  0.00,  0.00,  0.00,  0.00,  0.00,  0.00,  0.00,  0.00,  0.00
AUTOGECOPETROLORITO , D,  1.00,  1.00,  1.00,  1.00,  1.00,  1.00,  1.00,  1.00,  1.00,  1.00,  1.00,  1.00,  1.00,  1.00,  1.00,  1.00,  1.00,  1.00,  1.00,  1.00,  1.00,  1.00,  1.00,  1.00


AGENTE: ENERGETICA
COELLO , D,  0.60,  0.60,  0.60,  0.60,  0.60,  0.60,  0.60,  0.60,  0.60,  0.60,  0.60,  0.60,  0.60,  0.60,  0.60,  0.60,  0.60,  0.60,  0.60,  0.60,  0.60,  0.60,  0.60,  0.60


AGENTE: ENERGIA DEL SUROESTE
MULATOSII1 , D,  7.25,  7.25,  7.25,  7.25,  7.25,  7.25,  7.25,  7.25,  7.25,  7.25,  7.25,  7.25,  7.25,  7.25,  7.25,  7.25,  7.25,  7.25,  7.25,  7.25,  7.25,  7.25,  7.25,  7.25


AGENTE: ENERGIA RIO PIEDRAS
AGUAFRESCA , D,  7.29,  7.29,  7.29,  7.29,  7.29,  7.29,  7.29,  7.29,  7.29,  7.29,  7.29,  7.29,  7.29,  7.29,  7.29,  7.29,  7.29,  7.29,  7.29,  7.29,  7.29,  7.29,  7.29,  7.29


AGENTE: ENREVSA E.S.P.
ELBOSQUE , D,  1.50,  1.50,  1.50,  1.50,  1.50,  1.50,  1.50,  1.50,  1.50,  1.50,  1.50,  1.50,  1.50,  1.50,  1.50,  1.50,  1.50,  1.50,  1.50,  1.50,  1.50,  1.50,  1.50,  1.50


AGENTE: GEC S.A. E.S.P.
SANJOSE , D,  0.32,  0.32,  0.32,  0.32,  0.32,  0.32,  0.32,  0.32,  0.31,  0.32,  0.32,  0.32,  0.31,  0.31,  0.31,  0.32,  0.32,  0.31,  0.31,  0.31,  0.32,  0.31,  0.30,  0.30


AGENTE: GECELCA S.A. E.S.P
GUAJIRA1 , P,  345342
GUAJIRA1 , PAP1, 75686489
GUAJIRA1 , PAP2, 75686489
GUAJIRA1 , PAP3, 75686489
GUAJIRA1 , PAP4, 0
GUAJIRA1 , PAP5, 75686489
GUAJIRA1 , PAP6, 75686489
GUAJIRA1 , PAP7, 75686489
GUAJIRA1 , PAP8, 75686489
GUAJIRA1 , PAP9, 75686489
GUAJIRA1 , PAPUSD1, 19676
GUAJIRA1 , PAPUSD2, 19676
GUAJIRA1 , PAPUSD3, 19676
GUAJIRA1 , PAPUSD4, 0
GUAJIRA1 , PAPUSD5, 19676
GUAJIRA1 , PAPUSD6, 19676
GUAJIRA1 , PAPUSD7, 19676
GUAJIRA1 , PAPUSD8, 19676
GUAJIRA1 , PAPUSD9, 19676
GUAJIRA1 , D,  145,  145,  145,  145,  145,  145,  145,  145,  145,  145,  145,  145,  145,  145,  145,  145,  145,  145,  145,  145,  145,  145,  145,  145
GUAJIRA1 , CONF,  7
GUAJIRA1 , C,  MEZCLA GAS - CARBÓN
GUAJIRA2 , P,  329972
GUAJIRA2 , PAP1, 75686489
GUAJIRA2 , PAP2, 75686489
GUAJIRA2 , PAP3, 75686489
GUAJIRA2 , PAP4, 0
GUAJIRA2 , PAP5, 75686489
GUAJIRA2 , PAP6, 75686489
GUAJIRA2 , PAP7, 75686489
GUAJIRA2 , PAP8, 75686489
GUAJIRA2 , PAP9, 75686489
GUAJIRA2 , PAPUSD1, 19676
GUAJIRA2 , PAPUSD2, 19676
GUAJIRA2 , PAPUSD3, 19676
GUAJIRA2 , PAPUSD4, 0
GUAJIRA2 , PAPUSD5, 19676
GUAJIRA2 , PAPUSD6, 19676
GUAJIRA2 , PAPUSD7, 19676
GUAJIRA2 , PAPUSD8, 19676
GUAJIRA2 , PAPUSD9, 19676
GUAJIRA2 , D,  140,  140,  140,  140,  140,  140,  140,  140,  140,  140,  140,  140,  140,  140,  140,  140,  140,  140,  140,  140,  140,  140,  140,  140
GUAJIRA2 , CONF,  7
GUAJIRA2 , C,  MEZCLA GAS - CARBÓN
GECELCA3 , P,  225008
GECELCA3 , PAP1, 173518084
GECELCA3 , PAP2, 173518084
GECELCA3 , PAP3, 173518084
GECELCA3 , PAPUSD1, 45109
GECELCA3 , PAPUSD2, 45109
GECELCA3 , PAPUSD3, 45109
GECELCA3 , D,  164,  164,  164,  164,  164,  164,  164,  164,  164,  164,  164,  164,  164,  164,  164,  164,  164,  164,  164,  164,  164,  164,  164,  164
GECELCA3 , CONF,  1
GECELCA3 , C,  CARBON
GECELCA32 , P,  200993
GECELCA32 , PAP1, 145691490
GECELCA32 , PAP2, 145691490
GECELCA32 , PAPUSD1, 37875
GECELCA32 , PAPUSD2, 37875
GECELCA32 , D,  273,  273,  273,  273,  273,  273,  273,  273,  273,  273,  273,  273,  273,  273,  273,  273,  273,  273,  273,  273,  273,  273,  273,  273
GECELCA32 , CONF,  1
GECELCA32 , C,  CARBON
GECELCA32 , PRU,  0,  0,  0,  0,  0,  0,  0,  0,  0,  0,  0,  0,  0,  0,  0,  0,  0,  0,  0,  0,  0,  0,  14,  14


AGENTE: GENERADORA LUZMA
LUZMAI1 , D,  8.30,  8.30,  8.30,  8.30,  8.30,  8.30,  8.30,  8.30,  8.30,  8.30,  8.30,  8.30,  8.30,  8.30,  8.30,  8.30,  8.30,  8.30,  8.30,  8.30,  8.30,  8.30,  8.30,  8.30
LUZMAII1 , D,  8.00,  8.00,  8.00,  8.00,  8.00,  8.00,  8.00,  8.00,  8.00,  8.00,  8.00,  8.00,  8.00,  8.00,  8.00,  8.00,  8.00,  8.00,  8.00,  8.00,  8.00,  8.00,  8.00,  8.00
LUZMAII2 , D,  8.00,  8.00,  8.00,  8.00,  8.00,  8.00,  8.00,  8.00,  8.00,  8.00,  8.00,  8.00,  8.00,  8.00,  8.00,  8.00,  8.00,  8.00,  8.00,  8.00,  8.00,  8.00,  8.00,  8.00
LUZMAI2 , D,  8.30,  8.30,  8.30,  8.30,  8.30,  8.30,  8.30,  8.30,  8.30,  8.30,  8.30,  8.30,  8.30,  8.30,  8.30,  8.30,  8.30,  8.30,  8.30,  8.30,  8.30,  8.30,  8.30,  8.30


AGENTE: GENERAMOS ENERGIA
URRAO , D,  0.80,  0.80,  0.80,  0.80,  0.80,  0.80,  0.80,  0.80,  0.80,  0.80,  0.80,  0.80,  0.80,  0.80,  0.80,  0.80,  0.80,  0.80,  0.80,  0.80,  0.80,  0.80,  0.80,  0.80


AGENTE: GENERPUTUMAYO
SANFRANCISCO(PUTUMAYO) , D,  0.33,  0.33,  0.33,  0.33,  0.33,  0.33,  0.33,  0.33,  0.33,  0.33,  0.33,  0.33,  0.33,  0.33,  0.33,  0.33,  0.33,  0.33,  0.33,  0.33,  0.33,  0.33,  0.33,  0.33
LAFRISOLERA , D,  0.27,  0.27,  0.27,  0.27,  0.27,  0.27,  0.27,  0.27,  0.27,  0.27,  0.27,  0.27,  0.27,  0.27,  0.27,  0.27,  0.27,  0.27,  0.27,  0.27,  0.27,  0.27,  0.27,  0.27


AGENTE: GENERSA
TERMOBOLIVAR1 , D,  0.00,  0.00,  0.00,  0.00,  0.00,  0.00,  0.00,  0.00,  0.00,  0.00,  0.00,  0.00,  0.00,  0.00,  0.00,  0.00,  0.00,  0.00,  0.00,  0.00,  0.00,  0.00,  0.00,  0.00
TERMOCAPACHOS , D,  4.00,  4.00,  4.00,  4.00,  4.00,  4.00,  4.00,  4.00,  4.00,  4.00,  4.00,  4.00,  4.00,  4.00,  4.00,  4.00,  4.00,  4.00,  4.00,  4.00,  4.00,  4.00,  4.00,  4.00


AGENTE: GENMAS S.A. E.S.P.
SANJOSEDELAMONTAÑAII1 , D,  0.55,  0.55,  0.55,  0.55,  0.55,  0.55,  0.55,  0.55,  0.55,  0.55,  0.55,  0.55,  0.55,  0.55,  0.55,  0.55,  0.55,  0.55,  0.55,  0.55,  0.55,  0.55,  0.55,  0.55
JUANGARCIA1 , D,  0.00,  0.00,  0.00,  0.00,  0.00,  0.00,  0.00,  0.00,  0.00,  0.00,  0.00,  0.00,  0.00,  0.00,  0.00,  0.00,  0.00,  0.00,  0.00,  0.00,  0.00,  0.00,  0.00,  0.00
JUANGARCIA2 , D,  0.85,  0.85,  0.85,  0.85,  0.85,  0.85,  0.85,  0.85,  0.85,  0.85,  0.85,  0.85,  0.85,  0.85,  0.85,  0.85,  0.85,  0.85,  0.85,  0.85,  0.85,  0.85,  0.85,  0.85


AGENTE: GENSA
PAIPA1 , P,  176036
PAIPA1 , PAP1, 5708414
PAIPA1 , PAPUSD1, 1484
PAIPA1 , D,  36,  36,  36,  36,  36,  36,  36,  36,  36,  36,  36,  36,  36,  36,  36,  36,  36,  36,  36,  36,  36,  36,  36,  36
PAIPA1 , CONF,  1
PAIPA1 , C,  CARBON
PAIPA2 , P,  171192
PAIPA2 , PAP1, 8974211
PAIPA2 , PAPUSD1, 2333
PAIPA2 , D,  72,  72,  72,  72,  72,  72,  72,  72,  72,  72,  72,  72,  72,  72,  72,  72,  72,  72,  72,  72,  72,  72,  72,  72
PAIPA2 , CONF,  1
PAIPA2 , C,  CARBON
PAIPA3 , P,  166671
PAIPA3 , PAP1, 8974211
PAIPA3 , PAPUSD1, 2333
PAIPA3 , D,  70,  70,  70,  70,  70,  70,  70,  70,  70,  70,  70,  70,  70,  70,  70,  70,  70,  70,  70,  70,  70,  70,  70,  70
PAIPA3 , CONF,  1
PAIPA3 , C,  CARBON


AGENTE: HIDRALPOR SAS ESP
CARLOSLLERAS , P,  71457
CARLOSLLERAS1 , D,  35,  35,  35,  35,  35,  35,  35,  35,  35,  35,  35,  35,  35,  35,  35,  35,  35,  35,  35,  35,  35,  35,  35,  35
CARLOSLLERAS2 , D,  35,  35,  35,  35,  35,  35,  35,  35,  35,  35,  35,  35,  35,  35,  35,  35,  35,  35,  35,  35,  35,  35,  35,  35
ESCUELADEMINAS , P,  71457
ESCUELADEMINAS1 , D,  19,  19,  19,  19,  19,  19,  19,  19,  19,  19,  19,  19,  19,  19,  19,  19,  19,  19,  19,  19,  19,  19,  19,  19
ESCUELADEMINAS2 , D,  18,  18,  18,  18,  18,  18,  18,  18,  18,  18,  18,  18,  18,  18,  18,  18,  18,  18,  18,  18,  18,  18,  18,  18
ESCUELADEMINAS3 , D,  18,  18,  18,  18,  18,  18,  18,  18,  18,  18,  18,  18,  18,  18,  18,  18,  18,  18,  18,  18,  18,  18,  18,  18


AGENTE: HIDROBARRANCAS
HIDROBARRANCAS1 , D,  4.70,  4.70,  4.70,  4.70,  4.70,  4.70,  4.70,  4.70,  4.70,  4.70,  4.70,  4.70,  4.70,  4.70,  4.70,  4.70,  4.70,  4.70,  4.70,  4.70,  4.70,  4.70,  4.70,  4.70


AGENTE: HZ ENERGY
REMEDIOS , D,  0.50,  0.50,  0.50,  0.50,  0.50,  0.50,  0.50,  0.50,  0.50,  0.50,  0.50,  0.50,  0.50,  0.50,  0.50,  0.50,  0.50,  0.50,  0.50,  0.50,  0.50,  0.50,  0.50,  0.50
AMALFI , D,  0.55,  0.55,  0.55,  0.55,  0.55,  0.55,  0.55,  0.55,  0.55,  0.55,  0.55,  0.55,  0.55,  0.55,  0.55,  0.55,  0.55,  0.55,  0.55,  0.55,  0.55,  0.55,  0.55,  0.55
LAREBUSCA , D,  0.65,  0.65,  0.65,  0.65,  0.65,  0.65,  0.65,  0.65,  0.65,  0.65,  0.65,  0.65,  0.65,  0.65,  0.65,  0.65,  0.65,  0.65,  0.65,  0.65,  0.65,  0.65,  0.65,  0.65
PROVIDENCIA , D,  4.90,  4.90,  4.90,  4.90,  4.90,  4.90,  4.90,  4.90,  4.90,  4.90,  4.90,  4.90,  4.90,  4.90,  4.90,  4.90,  4.90,  4.90,  4.90,  4.90,  4.90,  4.90,  4.90,  4.90


AGENTE: IAC ENERGY
LANAVETA , D,  4.00,  4.00,  4.00,  4.00,  4.00,  4.00,  4.00,  4.00,  4.00,  4.00,  4.00,  4.00,  4.00,  4.00,  4.00,  4.00,  4.00,  4.00,  4.00,  4.00,  4.00,  4.00,  4.00,  4.00


AGENTE: ISAGEN
JAGUAS , P,  71457
JAGUAS1 , D,  0,  0,  0,  0,  0,  0,  0,  0,  0,  0,  0,  0,  0,  0,  0,  0,  0,  0,  0,  0,  0,  0,  0,  0
JAGUAS2 , D,  85,  85,  85,  85,  85,  85,  85,  85,  85,  85,  85,  85,  85,  85,  85,  85,  85,  85,  85,  85,  85,  85,  85,  85
JAGUAS , AGCP,  70,  70,  70,  70,  70,  70,  70,  70,  70,  70,  70,  70,  70,  70,  70,  70,  70,  70,  70,  70,  70,  70,  70,  70
JAGUAS1 , AGCU,  0,  0,  0,  0,  0,  0,  0,  0,  0,  0,  0,  0,  0,  0,  0,  0,  0,  0,  0,  0,  0,  0,  0,  0
JAGUAS2 , AGCU,  70,  70,  70,  70,  70,  70,  70,  70,  70,  70,  70,  70,  70,  70,  70,  70,  70,  70,  70,  70,  70,  70,  70,  70
SANCARLOS , P,  136000
SANCARLOS1 , D,  0,  155,  155,  155,  155,  155,  155,  155,  155,  155,  155,  155,  155,  155,  155,  155,  155,  155,  155,  155,  155,  155,  155,  155
SANCARLOS2 , D,  0,  0,  155,  155,  155,  155,  155,  155,  155,  155,  155,  155,  155,  155,  155,  155,  155,  155,  155,  155,  155,  155,  155,  155
SANCARLOS3 , D,  0,  155,  155,  155,  155,  155,  155,  155,  155,  155,  155,  155,  155,  155,  155,  155,  155,  155,  155,  155,  155,  155,  155,  155
SANCARLOS4 , D,  0,  155,  155,  155,  155,  155,  155,  155,  155,  155,  155,  155,  155,  155,  155,  155,  155,  155,  155,  155,  155,  155,  155,  155
SANCARLOS5 , D,  0,  155,  155,  155,  155,  155,  155,  155,  155,  155,  155,  155,  155,  155,  155,  155,  155,  155,  155,  155,  155,  155,  155,  155
SANCARLOS6 , D,  0,  0,  155,  155,  155,  155,  155,  155,  155,  155,  155,  155,  155,  155,  155,  155,  155,  155,  155,  155,  155,  155,  155,  155
SANCARLOS7 , D,  0,  155,  155,  155,  155,  155,  155,  155,  155,  155,  155,  155,  155,  155,  155,  155,  155,  155,  155,  155,  155,  155,  155,  155
SANCARLOS8 , D,  0,  155,  155,  155,  155,  155,  155,  155,  155,  155,  155,  155,  155,  155,  155,  155,  155,  155,  155,  155,  155,  155,  155,  155
SANCARLOS , AGCP,  0,  780,  1040,  1040,  1040,  1040,  1040,  1040,  1040,  1040,  1040,  1040,  1040,  1040,  1040,  1040,  1040,  1040,  1040,  1040,  1040,  1040,  1040,  1040
SANCARLOS1 , AGCU,  0,  130,  130,  130,  130,  130,  130,  130,  130,  130,  130,  130,  130,  130,  130,  130,  130,  130,  130,  130,  130,  130,  130,  130
SANCARLOS2 , AGCU,  0,  0,  130,  130,  130,  130,  130,  130,  130,  130,  130,  130,  130,  130,  130,  130,  130,  130,  130,  130,  130,  130,  130,  130
SANCARLOS3 , AGCU,  0,  130,  130,  130,  130,  130,  130,  130,  130,  130,  130,  130,  130,  130,  130,  130,  130,  130,  130,  130,  130,  130,  130,  130
SANCARLOS4 , AGCU,  0,  130,  130,  130,  130,  130,  130,  130,  130,  130,  130,  130,  130,  130,  130,  130,  130,  130,  130,  130,  130,  130,  130,  130
SANCARLOS5 , AGCU,  0,  130,  130,  130,  130,  130,  130,  130,  130,  130,  130,  130,  130,  130,  130,  130,  130,  130,  130,  130,  130,  130,  130,  130
SANCARLOS6 , AGCU,  0,  0,  130,  130,  130,  130,  130,  130,  130,  130,  130,  130,  130,  130,  130,  130,  130,  130,  130,  130,  130,  130,  130,  130
SANCARLOS7 , AGCU,  0,  130,  130,  130,  130,  130,  130,  130,  130,  130,  130,  130,  130,  130,  130,  130,  130,  130,  130,  130,  130,  130,  130,  130
SANCARLOS8 , AGCU,  0,  130,  130,  130,  130,  130,  130,  130,  130,  130,  130,  130,  130,  130,  130,  130,  130,  130,  130,  130,  130,  130,  130,  130
MIELI , P,  71457
MIELI1 , D,  131,  131,  131,  131,  131,  131,  131,  131,  131,  131,  131,  131,  131,  131,  131,  131,  131,  131,  131,  131,  131,  131,  131,  131
MIELI2 , D,  131,  131,  131,  131,  131,  131,  131,  131,  131,  131,  131,  131,  131,  131,  131,  131,  131,  131,  131,  131,  131,  131,  131,  131
MIELI3 , D,  131,  131,  131,  131,  131,  131,  131,  131,  131,  131,  131,  131,  131,  131,  131,  131,  131,  131,  131,  131,  131,  131,  131,  131
MIELI , AGCP,  231,  231,  231,  231,  231,  231,  231,  231,  231,  231,  231,  231,  231,  231,  231,  231,  231,  231,  231,  231,  231,  231,  231,  231
MIELI1 , AGCU,  77,  77,  77,  77,  77,  77,  77,  77,  77,  77,  77,  77,  77,  77,  77,  77,  77,  77,  77,  77,  77,  77,  77,  77
MIELI2 , AGCU,  77,  77,  77,  77,  77,  77,  77,  77,  77,  77,  77,  77,  77,  77,  77,  77,  77,  77,  77,  77,  77,  77,  77,  77
MIELI3 , AGCU,  77,  77,  77,  77,  77,  77,  77,  77,  77,  77,  77,  77,  77,  77,  77,  77,  77,  77,  77,  77,  77,  77,  77,  77
MIELI , MO,  33,  33,  33,  33,  33,  33,  33,  33,  33,  33,  33,  33,  33,  33,  33,  33,  33,  33,  33,  33,  33,  33,  33,  33
AMOYALAESPERANZA , P,  77429
AMOYALAESPERANZA1 , D,  38,  38,  38,  38,  38,  38,  38,  38,  38,  38,  38,  38,  38,  38,  38,  38,  38,  38,  38,  38,  38,  38,  38,  38
AMOYALAESPERANZA2 , D,  37,  37,  37,  37,  37,  37,  37,  37,  37,  37,  37,  37,  37,  37,  37,  37,  37,  37,  37,  37,  37,  37,  37,  37
SOGAMOSO , P,  71457
SOGAMOSO1 , D,  273,  273,  273,  273,  273,  273,  273,  273,  273,  273,  273,  273,  273,  273,  273,  273,  273,  273,  273,  273,  273,  273,  273,  273
SOGAMOSO2 , D,  273,  273,  273,  273,  273,  273,  273,  273,  273,  273,  273,  273,  273,  273,  273,  273,  273,  273,  273,  273,  273,  273,  273,  273
SOGAMOSO3 , D,  273,  273,  273,  273,  273,  273,  273,  273,  273,  273,  273,  273,  273,  273,  273,  273,  273,  273,  273,  273,  273,  273,  273,  273
SOGAMOSO , AGCP,  408,  408,  408,  408,  408,  408,  408,  408,  408,  408,  408,  408,  408,  408,  408,  408,  408,  408,  408,  408,  408,  408,  408,  408
SOGAMOSO1 , AGCU,  136,  136,  136,  136,  136,  136,  136,  136,  136,  136,  136,  136,  136,  136,  136,  136,  136,  136,  136,  136,  136,  136,  136,  136
SOGAMOSO2 , AGCU,  136,  136,  136,  136,  136,  136,  136,  136,  136,  136,  136,  136,  136,  136,  136,  136,  136,  136,  136,  136,  136,  136,  136,  136
SOGAMOSO3 , AGCU,  136,  136,  136,  136,  136,  136,  136,  136,  136,  136,  136,  136,  136,  136,  136,  136,  136,  136,  136,  136,  136,  136,  136,  136
SOGAMOSO , MO,  120,  120,  120,  120,  120,  120,  120,  120,  120,  120,  120,  120,  120,  120,  120,  120,  120,  120,  120,  120,  120,  120,  120,  120
TERMOCENTROCC , P,  534849
TERMOCENTROCC , PAP1, 243392299
TERMOCENTROCC , PAP2, 242269080
TERMOCENTROCC , PAP3, 240718885
TERMOCENTROCC , PAP4, 122173133
TERMOCENTROCC , PAP5, 120376752
TERMOCENTROCC , PAPUSD1, 63274
TERMOCENTROCC , PAPUSD2, 62982
TERMOCENTROCC , PAPUSD3, 62579
TERMOCENTROCC , PAPUSD4, 31761
TERMOCENTROCC , PAPUSD5, 31294
TERMOCENTROCC , D,  138,  138,  138,  138,  138,  138,  138,  138,  138,  138,  138,  138,  138,  138,  138,  138,  138,  138,  138,  138,  138,  138,  138,  138
TERMOCENTROCC , CONF,  4
TERMOCENTROCC , C,  GAS
CALDERAS1 , D,  4.00,  4.00,  4.00,  4.00,  4.00,  4.00,  4.00,  5.00,  5.00,  5.00,  5.00,  5.00,  5.00,  5.00,  4.00,  4.00,  4.00,  4.00,  5.00,  5.00,  5.00,  5.00,  5.00,  4.00
CALDERAS2 , D,  4.00,  4.00,  4.00,  4.00,  4.00,  4.00,  4.00,  5.00,  5.00,  5.00,  5.00,  5.00,  5.00,  5.00,  4.00,  4.00,  4.00,  4.00,  5.00,  5.00,  5.00,  5.00,  5.00,  4.00


AGENTE: MULCALARCA
BAYONA , D,  0.35,  0.35,  0.35,  0.35,  0.35,  0.35,  0.35,  0.35,  0.35,  0.35,  0.35,  0.35,  0.30,  0.35,  0.35,  0.35,  0.35,  0.35,  0.35,  0.35,  0.35,  0.35,  0.35,  0.35
CAMPESTRE(CALARCA) , D,  0.70,  0.70,  0.70,  0.70,  0.70,  0.70,  0.70,  0.70,  0.70,  0.70,  0.70,  0.70,  0.70,  0.70,  0.70,  0.70,  0.70,  0.70,  0.70,  0.70,  0.70,  0.70,  0.70,  0.70
UNION , D,  0.65,  0.65,  0.65,  0.65,  0.65,  0.65,  0.65,  0.65,  0.65,  0.65,  0.65,  0.65,  0.65,  0.65,  0.65,  0.65,  0.65,  0.65,  0.65,  0.65,  0.65,  0.65,  0.65,  0.65


AGENTE: NITRO ENERGY
INCAUCA1 , D,  6.80,  6.80,  6.80,  6.80,  6.80,  6.80,  6.80,  6.80,  6.80,  6.80,  6.80,  6.80,  6.80,  6.80,  6.80,  6.80,  6.80,  6.80,  6.80,  6.80,  6.80,  6.80,  6.80,  6.80
INGENIOPROVIDENCIA2 , D,  16.36,  16.36,  16.36,  16.36,  16.36,  16.36,  16.36,  16.36,  16.36,  16.36,  16.36,  16.36,  16.36,  16.36,  16.36,  16.36,  16.36,  16.36,  16.36,  16.36,  16.36,  16.36,  16.36,  16.36


AGENTE: PCH ALEJANDRÍA
ALEJANDRÍA , D,  9.00,  9.00,  9.00,  9.00,  9.00,  9.00,  9.00,  9.00,  9.00,  9.00,  9.00,  9.00,  9.00,  9.00,  9.00,  9.00,  9.00,  9.00,  9.00,  9.00,  9.00,  9.00,  9.00,  9.00


AGENTE: PROELECTRICA
PROELECTRICA , P,  355805
PROELECTRICA , PAP1, 36973904
PROELECTRICA , PAPUSD1, 9612
PROELECTRICA1 , D,  45,  45,  45,  45,  45,  45,  45,  45,  45,  45,  45,  45,  45,  45,  45,  45,  45,  45,  45,  45,  45,  45,  45,  45
PROELECTRICA2 , D,  45,  45,  45,  45,  45,  45,  45,  45,  45,  45,  45,  45,  45,  45,  45,  45,  45,  45,  45,  45,  45,  45,  45,  45
PROELECTRICA , CONF,  1
PROELECTRICA , C,  GAS


AGENTE: PROENCA 
PROENCAII , D,  0.00,  0.00,  0.00,  0.00,  0.00,  0.00,  0.00,  0.00,  0.00,  0.00,  0.00,  0.00,  0.00,  0.00,  0.00,  0.00,  0.00,  0.00,  0.00,  0.00,  0.00,  0.00,  0.00,  0.00
COGENERADORPROENCA , D,  15.00,  15.00,  15.00,  15.00,  15.00,  15.00,  15.00,  15.00,  15.00,  15.00,  15.00,  15.00,  15.00,  15.00,  15.00,  15.00,  15.00,  15.00,  15.00,  15.00,  15.00,  15.00,  15.00,  15.00


AGENTE: RIOEN SAS  E.S.P.
CENTRALCASTILLA1 , D,  3.00,  3.00,  3.00,  3.00,  3.00,  3.00,  3.00,  3.00,  3.00,  3.00,  3.00,  3.00,  3.00,  3.00,  3.00,  3.00,  3.00,  3.00,  3.00,  3.00,  3.00,  3.00,  3.00,  3.00
INGENIORIOPAILA1 , D,  16.00,  16.00,  16.00,  16.00,  16.00,  16.00,  16.00,  16.00,  16.00,  16.00,  16.00,  16.00,  16.00,  16.00,  16.00,  16.00,  16.00,  16.00,  16.00,  16.00,  16.00,  16.00,  16.00,  16.00


AGENTE: RISARALDA ENERGIA
MORROAZUL , D,  18.10,  18.10,  18.10,  18.10,  18.10,  18.10,  18.10,  18.10,  18.10,  18.10,  18.10,  18.10,  18.10,  18.10,  18.10,  18.10,  18.10,  18.10,  18.10,  18.10,  18.10,  18.10,  18.10,  18.10


AGENTE: TEBSA S.A. (E.S.P.)
TEBSAB , P,  432690
TEBSAB , PAP1, 230725314
TEBSAB , PAP2, 180892093
TEBSAB , PAP3, 137205802
TEBSAB , PAP4, 93519512
TEBSAB , PAP5, 0
TEBSAB , PAP6, 187035177
TEBSAB , PAP7, 137205802
TEBSAB , PAP8, 93519512
TEBSAB , PAP9, 43686290
TEBSAB , PAP10, 187035177
TEBSAB , PAP11, 137205802
TEBSAB , PAP12, 93519512
TEBSAB , PAP13, 43686290
TEBSAB , PAP14, 224582230
TEBSAB , PAP15, 174752855
TEBSAB , PAP16, 131062718
TEBSAB , PAP17, 87376428
TEBSAB , PAP18, 43686290
TEBSAB , PAP19, 180892093
TEBSAB , PAP20, 131062718
TEBSAB , PAP21, 87376428
TEBSAB , PAP22, 43686290
TEBSAB , PAP23, 180892093
TEBSAB , PAP24, 131062718
TEBSAB , PAP25, 87376428
TEBSAB , PAP26, 43686290
TEBSAB , PAP27, 218439146
TEBSAB , PAP28, 131062718
TEBSAB , PAP29, 87376428
TEBSAB , PAP30, 43686290
TEBSAB , PAP31, 137205802
TEBSAB , PAP32, 87376428
TEBSAB , PAP33, 43686290
TEBSAB , PAP34, 137205802
TEBSAB , PAP35, 87376428
TEBSAB , PAP36, 43686290
TEBSAB , PAP37, 137205802
TEBSAB , PAP38, 87376428
TEBSAB , PAP39, 43686290
TEBSAB , PAP40, 174752855
TEBSAB , PAP41, 87376428
TEBSAB , PAP42, 43686290
TEBSAB , PAP43, 174752855
TEBSAB , PAP44, 87376428
TEBSAB , PAP45, 43686290
TEBSAB , PAP46, 93519512
TEBSAB , PAP47, 43686290
TEBSAB , PAP48, 93519512
TEBSAB , PAP49, 43686290
TEBSAB , PAP50, 93519512
TEBSAB , PAP51, 43686290
TEBSAB , PAP52, 131062718
TEBSAB , PAP53, 43686290
TEBSAB , PAP54, 131062718
TEBSAB , PAP55, 43686290
TEBSAB , PAP56, 131062718
TEBSAB , PAP57, 43686290
TEBSAB , PAP58, 87376428
TEBSAB , PAP59, 87376428
TEBSAB , PAP60, 87376428
TEBSAB , PAP61, 49829375
TEBSAB , PAP62, 49829375
TEBSAB , PAPUSD1, 59981
TEBSAB , PAPUSD2, 47026
TEBSAB , PAPUSD3, 35669
TEBSAB , PAPUSD4, 24312
TEBSAB , PAPUSD5, 0
TEBSAB , PAPUSD6, 48623
TEBSAB , PAPUSD7, 35669
TEBSAB , PAPUSD8, 24312
TEBSAB , PAPUSD9, 11357
TEBSAB , PAPUSD10, 48623
TEBSAB , PAPUSD11, 35669
TEBSAB , PAPUSD12, 24312
TEBSAB , PAPUSD13, 11357
TEBSAB , PAPUSD14, 58384
TEBSAB , PAPUSD15, 45430
TEBSAB , PAPUSD16, 34072
TEBSAB , PAPUSD17, 22715
TEBSAB , PAPUSD18, 11357
TEBSAB , PAPUSD19, 47026
TEBSAB , PAPUSD20, 34072
TEBSAB , PAPUSD21, 22715
TEBSAB , PAPUSD22, 11357
TEBSAB , PAPUSD23, 47026
TEBSAB , PAPUSD24, 34072
TEBSAB , PAPUSD25, 22715
TEBSAB , PAPUSD26, 11357
TEBSAB , PAPUSD27, 56787
TEBSAB , PAPUSD28, 34072
TEBSAB , PAPUSD29, 22715
TEBSAB , PAPUSD30, 11357
TEBSAB , PAPUSD31, 35669
TEBSAB , PAPUSD32, 22715
TEBSAB , PAPUSD33, 11357
TEBSAB , PAPUSD34, 35669
TEBSAB , PAPUSD35, 22715
TEBSAB , PAPUSD36, 11357
TEBSAB , PAPUSD37, 35669
TEBSAB , PAPUSD38, 22715
TEBSAB , PAPUSD39, 11357
TEBSAB , PAPUSD40, 45430
TEBSAB , PAPUSD41, 22715
TEBSAB , PAPUSD42, 11357
TEBSAB , PAPUSD43, 45430
TEBSAB , PAPUSD44, 22715
TEBSAB , PAPUSD45, 11357
TEBSAB , PAPUSD46, 24312
TEBSAB , PAPUSD47, 11357
TEBSAB , PAPUSD48, 24312
TEBSAB , PAPUSD49, 11357
TEBSAB , PAPUSD50, 24312
TEBSAB , PAPUSD51, 11357
TEBSAB , PAPUSD52, 34072
TEBSAB , PAPUSD53, 11357
TEBSAB , PAPUSD54, 34072
TEBSAB , PAPUSD55, 11357
TEBSAB , PAPUSD56, 34072
TEBSAB , PAPUSD57, 11357
TEBSAB , PAPUSD58, 22715
TEBSAB , PAPUSD59, 22715
TEBSAB , PAPUSD60, 22715
TEBSAB , PAPUSD61, 12954
TEBSAB , PAPUSD62, 12954
TEBSAB , D,  642,  642,  642,  642,  642,  642,  642,  642,  642,  642,  642,  642,  642,  642,  642,  642,  642,  642,  642,  642,  642,  642,  642,  642
TEBSAB , CONF,  9
TEBSAB , C,  GAS
BARRANQUILLA3 , P,  594830
BARRANQUILLA3 , PAP1, 66666118
BARRANQUILLA3 , PAP2, 66666118
BARRANQUILLA3 , PAP3, 66666118
BARRANQUILLA3 , PAPUSD1, 17331
BARRANQUILLA3 , PAPUSD2, 17331
BARRANQUILLA3 , PAPUSD3, 17331
BARRANQUILLA3 , D,  60,  60,  60,  60,  60,  60,  60,  60,  60,  60,  60,  60,  60,  60,  60,  60,  60,  60,  60,  60,  60,  60,  60,  60
BARRANQUILLA3 , CONF,  1
BARRANQUILLA3 , C,  GAS
BARRANQUILLA4 , P,  595770
BARRANQUILLA4 , PAP1, 66666118
BARRANQUILLA4 , PAP2, 66666118
BARRANQUILLA4 , PAP3, 66666118
BARRANQUILLA4 , PAPUSD1, 17331
BARRANQUILLA4 , PAPUSD2, 17331
BARRANQUILLA4 , PAPUSD3, 17331
BARRANQUILLA4 , D,  60,  60,  60,  60,  60,  60,  60,  60,  60,  60,  60,  60,  60,  60,  60,  60,  60,  60,  60,  60,  60,  60,  60,  60
BARRANQUILLA4 , CONF,  1
BARRANQUILLA4 , C,  GAS


AGENTE: TERMO MECHERO
TERMOMECHERO4 , D,  19.30,  19.30,  19.30,  19.30,  19.30,  19.30,  19.30,  19.30,  19.30,  19.30,  19.30,  19.30,  19.30,  19.30,  19.30,  19.30,  19.30,  19.30,  19.30,  19.30,  19.30,  19.30,  19.30,  19.30
TERMOMECHERO5 , D,  19.30,  19.30,  19.30,  19.30,  19.30,  19.30,  19.30,  19.30,  19.30,  19.30,  19.30,  19.30,  19.30,  19.30,  19.30,  19.30,  19.30,  19.30,  19.30,  19.30,  19.30,  19.30,  19.30,  19.30
TERMOMECHERO6 , D,  19.30,  19.30,  19.30,  19.30,  19.30,  19.30,  19.30,  19.30,  19.30,  19.30,  19.30,  19.30,  19.30,  19.30,  19.30,  19.30,  19.30,  19.30,  19.30,  19.30,  19.30,  19.30,  19.30,  19.30


AGENTE: TERMOCANDELARIA
TERMOCANDELARIA1 , P,  643041
TERMOCANDELARIA1 , PAP1, 87876491
TERMOCANDELARIA1 , PAP2, 87876491
TERMOCANDELARIA1 , PAP3, 87876491
TERMOCANDELARIA1 , PAP4, 87876491
TERMOCANDELARIA1 , PAPUSD1, 22845
TERMOCANDELARIA1 , PAPUSD2, 22845
TERMOCANDELARIA1 , PAPUSD3, 22845
TERMOCANDELARIA1 , PAPUSD4, 22845
TERMOCANDELARIA1 , D,  0,  0,  0,  0,  0,  0,  0,  0,  0,  0,  0,  0,  0,  0,  0,  0,  0,  157,  157,  157,  157,  157,  157,  157
TERMOCANDELARIA1 , CONF,  1
TERMOCANDELARIA1 , C,  GAS
TERMOCANDELARIA2 , P,  650471
TERMOCANDELARIA2 , PAP1, 87876491
TERMOCANDELARIA2 , PAP2, 87876491
TERMOCANDELARIA2 , PAP3, 87876491
TERMOCANDELARIA2 , PAP4, 87876491
TERMOCANDELARIA2 , PAPUSD1, 22845
TERMOCANDELARIA2 , PAPUSD2, 22845
TERMOCANDELARIA2 , PAPUSD3, 22845
TERMOCANDELARIA2 , PAPUSD4, 22845
TERMOCANDELARIA2 , D,  157,  157,  157,  157,  157,  157,  157,  157,  157,  157,  157,  157,  157,  157,  157,  157,  157,  157,  157,  157,  157,  157,  157,  157
TERMOCANDELARIA2 , CONF,  1
TERMOCANDELARIA2 , C,  GAS


AGENTE: TERMOEMCALI
TERMOEMCALI1 , P,  788974
TERMOEMCALI1 , PAP1, 161343468
TERMOEMCALI1 , PAP2, 260509847
TERMOEMCALI1 , PAPUSD1, 41944
TERMOEMCALI1 , PAPUSD2, 67724
TERMOEMCALI1 , D,  213,  213,  213,  213,  213,  213,  213,  213,  213,  213,  213,  213,  213,  213,  213,  213,  213,  213,  213,  213,  213,  213,  213,  213
TERMOEMCALI1 , CONF,  2
TERMOEMCALI1 , C,  ACPM


AGENTE: TERMOFLORES
FLORES1 , P,  440081
FLORES1 , PAP1, 66766130
FLORES1 , PAP2, 66766130
FLORES1 , PAP3, 66766130
FLORES1 , PAPUSD1, 17357
FLORES1 , PAPUSD2, 17357
FLORES1 , PAPUSD3, 17357
FLORES1 , D,  160,  160,  160,  160,  160,  160,  160,  160,  160,  160,  160,  160,  160,  160,  160,  160,  160,  160,  160,  160,  160,  160,  160,  160
FLORES1 , CONF,  1
FLORES1 , C,  GAS
FLORES4B , P,  384479
FLORES4B , PAP1, 121503818
FLORES4B , PAP2, 121503818
FLORES4B , PAP3, 121503818
FLORES4B , PAP8, 55960919
FLORES4B , PAP9, 65542899
FLORES4B , PAP10, 65542899
FLORES4B , PAP11, 65542899
FLORES4B , PAPUSD1, 31587
FLORES4B , PAPUSD2, 31587
FLORES4B , PAPUSD3, 31587
FLORES4B , PAPUSD8, 14548
FLORES4B , PAPUSD9, 17039
FLORES4B , PAPUSD10, 17039
FLORES4B , PAPUSD11, 17039
FLORES4B , D,  180,  180,  180,  180,  180,  180,  180,  180,  180,  180,  180,  180,  180,  180,  180,  180,  180,  180,  180,  180,  180,  180,  180,  180
FLORES4B , CONF,  8
FLORES4B , C,  GAS


AGENTE: TERMONORTE
TERMONORTE , P,  604000
TERMONORTE , PAP1, 142171814
TERMONORTE , PAP2, 87334115
TERMONORTE , PAP3, 43159301
TERMONORTE , PAP4, 130862693
TERMONORTE , PAP5, 80387083
TERMONORTE , PAP6, 39728098
TERMONORTE , PAP7, 116322394
TERMONORTE , PAP8, 71455185
TERMONORTE , PAP9, 35312155
TERMONORTE , PAP10, 101782094
TERMONORTE , PAP11, 62523287
TERMONORTE , PAP12, 30900059
TERMONORTE , PAP13, 87241795
TERMONORTE , PAP14, 53591388
TERMONORTE , PAP15, 26484116
TERMONORTE , PAP16, 72701496
TERMONORTE , PAP17, 44659490
TERMONORTE , PAP18, 22072020
TERMONORTE , PAP19, 58161197
TERMONORTE , PAP20, 35727592
TERMONORTE , PAP21, 17656078
TERMONORTE , PAP22, 43620898
TERMONORTE , PAP23, 26795694
TERMONORTE , PAP24, 13243982
TERMONORTE , PAPUSD1, 36960
TERMONORTE , PAPUSD2, 22704
TERMONORTE , PAPUSD3, 11220
TERMONORTE , PAPUSD4, 34020
TERMONORTE , PAPUSD5, 20898
TERMONORTE , PAPUSD6, 10328
TERMONORTE , PAPUSD7, 30240
TERMONORTE , PAPUSD8, 18576
TERMONORTE , PAPUSD9, 9180
TERMONORTE , PAPUSD10, 26460
TERMONORTE , PAPUSD11, 16254
TERMONORTE , PAPUSD12, 8033
TERMONORTE , PAPUSD13, 22680
TERMONORTE , PAPUSD14, 13932
TERMONORTE , PAPUSD15, 6885
TERMONORTE , PAPUSD16, 18900
TERMONORTE , PAPUSD17, 11610
TERMONORTE , PAPUSD18, 5738
TERMONORTE , PAPUSD19, 15120
TERMONORTE , PAPUSD20, 9288
TERMONORTE , PAPUSD21, 4590
TERMONORTE , PAPUSD22, 11340
TERMONORTE , PAPUSD23, 6966
TERMONORTE , PAPUSD24, 3443
TERMONORTE , D,  81,  81,  81,  81,  81,  81,  81,  81,  81,  81,  81,  81,  81,  81,  81,  81,  81,  81,  81,  81,  81,  81,  81,  81
TERMONORTE , CONF,  4
TERMONORTE , C,  ACPM


AGENTE: TERMOPIEDRAS S.A.
AUTOGTURGAS , D,  3.50,  3.50,  3.50,  3.50,  3.50,  3.50,  3.50,  3.50,  3.50,  3.50,  3.50,  3.50,  3.50,  3.50,  3.50,  3.50,  3.50,  3.50,  3.50,  3.50,  3.50,  3.50,  3.50,  3.50
TERMOPIEDRAS , D,  3.75,  3.75,  3.75,  3.75,  3.75,  3.75,  3.75,  3.75,  3.75,  3.75,  3.75,  3.75,  3.75,  3.75,  3.75,  3.75,  3.75,  3.75,  3.75,  3.75,  3.75,  3.75,  3.75,  3.75


AGENTE: TERMOTASAJERO
TASAJERO1 , P,  144980
TASAJERO1 , PAP1, 55349303
TASAJERO1 , PAP2, 55349303
TASAJERO1 , PAP3, 55349303
TASAJERO1 , PAPUSD1, 14389
TASAJERO1 , PAPUSD2, 14389
TASAJERO1 , PAPUSD3, 14389
TASAJERO1 , D,  163,  163,  163,  163,  163,  163,  163,  163,  163,  163,  163,  163,  163,  163,  163,  163,  163,  163,  163,  163,  163,  163,  163,  163
TASAJERO1 , CONF,  1
TASAJERO1 , C,  CARBON
TASAJERO1 , PRU,  9,  9,  9,  9,  9,  9,  9,  9,  9,  9,  9,  9,  9,  9,  9,  9,  9,  9,  9,  9,  9,  9,  9,  9


AGENTE: TERMOTASAJERO DOS
TASAJERO2 , P,  119980
TASAJERO2 , PAP1, 55614721
TASAJERO2 , PAP2, 55614721
TASAJERO2 , PAPUSD1, 14458
TASAJERO2 , PAPUSD2, 14458
TASAJERO2 , D,  170,  170,  170,  170,  170,  170,  170,  170,  170,  170,  170,  170,  170,  170,  170,  170,  170,  170,  170,  170,  170,  170,  170,  170
TASAJERO2 , CONF,  1
TASAJERO2 , C,  CARBON


AGENTE: TERMOVALLE
TERMOVALLE1 , P,  700000
TERMOVALLE1 , PAP1, 92319360
TERMOVALLE1 , PAP2, 92319360
TERMOVALLE1 , PAP3, 92319360
TERMOVALLE1 , PAP4, 257724880
TERMOVALLE1 , PAP5, 257724880
TERMOVALLE1 , PAP6, 257724880
TERMOVALLE1 , PAP7, 92319360
TERMOVALLE1 , PAP8, 257724880
TERMOVALLE1 , PAPUSD1, 24000
TERMOVALLE1 , PAPUSD2, 24000
TERMOVALLE1 , PAPUSD3, 24000
TERMOVALLE1 , PAPUSD4, 67000
TERMOVALLE1 , PAPUSD5, 67000
TERMOVALLE1 , PAPUSD6, 67000
TERMOVALLE1 , PAPUSD7, 24000
TERMOVALLE1 , PAPUSD8, 67000
TERMOVALLE1 , D,  241,  241,  241,  241,  241,  241,  241,  241,  241,  241,  241,  241,  241,  241,  241,  241,  241,  241,  241,  241,  241,  241,  241,  241
TERMOVALLE1 , CONF,  4
TERMOVALLE1 , C,  ACPM


AGENTE: TERMOYOPAL
TERMOYOPAL2 , P,  70000
TERMOYOPAL2 , PAP1, 6612374
TERMOYOPAL2 , PAPUSD1, 1719
TERMOYOPAL2 , D,  30,  30,  30,  30,  30,  30,  30,  30,  30,  30,  30,  30,  30,  30,  30,  30,  30,  30,  30,  30,  30,  30,  30,  30
TERMOYOPAL2 , CONF,  1
TERMOYOPAL2 , C,  GAS
TERMOYOPALG3 , PAP1, 0
TERMOYOPALG3 , PAPUSD1, 0
TERMOYOPALG3 , D,  45,  45,  45,  45,  45,  45,  45,  45,  45,  45,  45,  45,  45,  45,  45,  45,  45,  45,  45,  45,  45,  45,  45,  45
TERMOYOPALG3 , CONF,  1
TERMOYOPALG3 , C,  GAS
TERMOYOPALG3 , PRU,  100,  100,  100,  100,  100,  100,  100,  100,  100,  100,  100,  100,  100,  100,  100,  100,  100,  100,  100,  100,  100,  100,  100,  100
TERMOYOPALG4 , PAP1, 0
TERMOYOPALG4 , PAPUSD1, 0
TERMOYOPALG4 , D,  45,  45,  45,  45,  45,  45,  45,  45,  45,  45,  45,  45,  45,  45,  45,  45,  45,  45,  45,  45,  45,  45,  45,  45
TERMOYOPALG4 , CONF,  1
TERMOYOPALG4 , C,  GAS
TERMOYOPALG4 , PRU,  100,  100,  100,  100,  100,  100,  100,  100,  100,  100,  100,  100,  100,  100,  100,  100,  100,  100,  100,  100,  100,  100,  100,  100
TERMOYOPAL1 , D,  19.90,  19.90,  19.90,  19.90,  19.90,  19.90,  19.90,  19.90,  19.00,  19.00,  19.00,  19.00,  19.00,  19.00,  19.00,  19.00,  19.00,  19.00,  19.00,  19.00,  19.90,  19.90,  19.90,  19.90


AGENTE: URRA
URRA , P,  71457
URRA1 , D,  82,  82,  82,  82,  82,  82,  82,  82,  82,  82,  82,  82,  82,  82,  82,  82,  82,  82,  82,  82,  82,  82,  82,  82
URRA2 , D,  82,  82,  82,  82,  82,  82,  82,  82,  82,  82,  82,  82,  82,  82,  82,  82,  82,  82,  82,  82,  82,  82,  82,  82
URRA3 , D,  82,  82,  82,  82,  82,  82,  82,  82,  82,  82,  82,  82,  82,  82,  82,  82,  82,  82,  82,  82,  82,  82,  82,  82
URRA4 , D,  82,  82,  82,  82,  82,  82,  82,  82,  82,  82,  82,  82,  82,  82,  82,  82,  82,  82,  82,  82,  82,  82,  82,  82
URRA , AGCP,  0,  0,  0,  0,  0,  0,  0,  0,  0,  0,  0,  0,  0,  0,  0,  0,  0,  0,  0,  0,  0,  0,  0,  0
URRA1 , AGCU,  0,  0,  0,  0,  0,  0,  0,  0,  0,  0,  0,  0,  0,  0,  0,  0,  0,  0,  0,  0,  0,  0,  0,  0
URRA2 , AGCU,  0,  0,  0,  0,  0,  0,  0,  0,  0,  0,  0,  0,  0,  0,  0,  0,  0,  0,  0,  0,  0,  0,  0,  0
URRA3 , AGCU,  0,  0,  0,  0,  0,  0,  0,  0,  0,  0,  0,  0,  0,  0,  0,  0,  0,  0,  0,  0,  0,  0,  0,  0
URRA4 , AGCU,  0,  0,  0,  0,  0,  0,  0,  0,  0,  0,  0,  0,  0,  0,  0,  0,  0,  0,  0,  0,  0,  0,  0,  0
URRA , MO,  164,  164,  164,  164,  164,  164,  164,  164,  164,  164,  164,  164,  164,  164,  164,  164,  164,  164,  164,  164,  164,  164,  164,  164


AGENTE: VATIA S.A.
TRINA-VATIABSLI1 , D,  0.00,  0.00,  0.00,  0.00,  0.00,  0.00,  0.02,  0.07,  0.03,  0.01,  0.04,  0.12,  0.11,  0.09,  0.14,  0.10,  0.01,  0.00,  0.00,  0.00,  0.00,  0.00,  0.00,  0.00
TRINA-VATIABSLI1 , INVD,  126.00,  126.00,  126.00,  126.00,  126.00,  126.00,  126.00,  126.00,  126.00,  126.00,  126.00,  126.00,  126.00,  126.00,  126.00,  126.00,  126.00,  126.00,  126.00,  126.00,  126.00,  126.00,  126.00,  126.00
FLORIDA21 , D,  0.00,  0.00,  0.00,  7.50,  7.50,  7.50,  7.50,  7.50,  7.50,  7.50,  7.50,  7.50,  7.50,  7.00,  7.00,  7.00,  9.50,  9.50,  9.50,  9.50,  9.50,  9.50,  9.50,  9.50
FLORIDA22 , D,  7.50,  7.50,  7.50,  7.50,  7.50,  7.50,  7.50,  7.50,  7.50,  7.50,  7.50,  7.50,  7.50,  9.50,  9.50,  9.50,  9.50,  9.50,  9.50,  9.50,  9.50,  9.50,  9.50,  9.50
LASPALMAS1 , D,  0.00,  0.00,  0.00,  0.00,  0.00,  0.00,  0.00,  0.00,  0.00,  0.00,  0.00,  0.00,  0.00,  0.00,  0.00,  0.00,  0.00,  0.00,  0.00,  0.00,  0.00,  0.00,  0.00,  0.00
LASPALMAS2 , D,  1.40,  1.40,  1.40,  1.40,  1.40,  1.40,  1.40,  1.40,  1.40,  1.40,  1.40,  1.40,  1.40,  1.40,  1.40,  1.40,  1.40,  1.40,  1.40,  1.40,  1.40,  1.40,  1.40,  1.40
PASTALES , D,  0.62,  0.62,  0.62,  0.62,  0.62,  0.62,  0.62,  0.62,  0.62,  0.62,  0.62,  0.62,  0.62,  0.62,  0.62,  0.62,  0.62,  0.62,  0.62,  0.62,  0.62,  0.62,  0.62,  0.62
MONDOMO , D,  0.23,  0.23,  0.23,  0.23,  0.23,  0.23,  0.23,  0.23,  0.23,  0.23,  0.23,  0.23,  0.23,  0.23,  0.23,  0.23,  0.23,  0.23,  0.23,  0.23,  0.23,  0.23,  0.23,  0.23
ASNAZU , D,  0.45,  0.45,  0.45,  0.45,  0.45,  0.45,  0.45,  0.45,  0.45,  0.45,  0.45,  0.45,  0.45,  0.45,  0.45,  0.45,  0.45,  0.45,  0.45,  0.45,  0.45,  0.45,  0.45,  0.45
INZA , D,  0.45,  0.45,  0.45,  0.45,  0.45,  0.45,  0.45,  0.45,  0.45,  0.45,  0.45,  0.45,  0.45,  0.45,  0.45,  0.45,  0.45,  0.45,  0.45,  0.45,  0.45,  0.45,  0.45,  0.45
MIROLINDO , D,  2.76,  2.76,  2.76,  2.76,  2.76,  2.76,  2.76,  2.76,  2.76,  2.76,  2.76,  2.76,  2.76,  2.76,  2.76,  2.76,  2.76,  2.76,  2.76,  2.76,  2.76,  2.76,  2.76,  2.76
SAJANDI , D,  2.00,  2.00,  2.00,  2.00,  2.00,  2.00,  2.00,  2.00,  2.00,  2.00,  2.00,  2.00,  2.00,  2.00,  2.00,  2.00,  2.00,  2.00,  2.00,  2.00,  2.00,  2.00,  2.00,  2.00
SILVIA , D,  0.33,  0.33,  0.33,  0.33,  0.33,  0.33,  0.33,  0.33,  0.33,  0.33,  0.33,  0.33,  0.33,  0.33,  0.33,  0.33,  0.33,  0.33,  0.33,  0.33,  0.33,  0.33,  0.33,  0.33
RIORECIO , D,  0.30,  0.30,  0.30,  0.30,  0.30,  0.30,  0.30,  0.30,  0.30,  0.30,  0.30,  0.30,  0.30,  0.30,  0.30,  0.30,  0.30,  0.30,  0.30,  0.30,  0.30,  0.30,  0.30,  0.30
VENTANAA , D,  2.27,  2.27,  2.27,  2.27,  2.27,  2.27,  2.27,  2.27,  2.27,  2.27,  2.27,  2.27,  2.27,  2.27,  2.27,  2.27,  2.27,  2.27,  2.27,  2.27,  2.27,  2.27,  2.27,  2.27
VENTANAB , D,  0.00,  0.00,  0.00,  0.00,  0.00,  0.00,  0.00,  0.00,  0.00,  0.00,  0.00,  0.00,  0.00,  0.00,  0.00,  0.00,  0.00,  0.00,  0.00,  0.00,  0.00,  0.00,  0.00,  0.00
RIOPALO , D,  0.95,  0.95,  0.95,  0.95,  0.95,  0.95,  0.95,  0.95,  0.95,  0.95,  0.95,  0.95,  0.95,  0.95,  0.95,  0.95,  0.95,  0.95,  0.95,  0.95,  0.95,  0.95,  0.95,  0.95
SANTIAGO , D,  1.28,  1.28,  1.28,  1.28,  1.28,  1.28,  1.28,  1.28,  1.28,  1.28,  1.28,  1.28,  1.28,  1.28,  1.28,  1.28,  1.28,  1.28,  1.28,  1.28,  1.28,  1.28,  1.28,  1.28
OVEJAS , D,  0.80,  0.80,  0.80,  0.80,  0.80,  0.80,  0.80,  0.80,  0.80,  0.80,  0.80,  0.80,  0.80,  0.80,  0.80,  0.80,  0.80,  0.80,  0.80,  0.80,  0.80,  0.80,  0.80,  0.80


