Ofertas Iniciales para: 2019-01-01


AGENTE: AES CHIVOR
CHIVOR , P,  314500
CHIVOR1 , D,  125,  125,  125,  125,  125,  125,  125,  125,  125,  125,  125,  125,  125,  125,  125,  125,  125,  125,  125,  125,  125,  125,  125,  125
CHIVOR2 , D,  125,  125,  125,  125,  125,  125,  125,  125,  125,  125,  125,  125,  125,  125,  125,  125,  125,  125,  125,  125,  125,  125,  125,  125
CHIVOR3 , D,  125,  125,  125,  125,  125,  125,  125,  125,  125,  125,  125,  125,  125,  125,  125,  125,  125,  125,  125,  125,  125,  125,  125,  125
CHIVOR4 , D,  125,  125,  125,  125,  125,  125,  125,  125,  125,  125,  125,  125,  125,  125,  125,  125,  125,  125,  125,  125,  125,  125,  125,  125
CHIVOR5 , D,  125,  125,  125,  125,  125,  125,  125,  125,  125,  125,  125,  125,  125,  125,  125,  125,  125,  125,  125,  125,  125,  125,  125,  125
CHIVOR6 , D,  125,  125,  125,  125,  125,  125,  125,  125,  125,  125,  125,  125,  125,  125,  125,  125,  125,  125,  125,  125,  125,  125,  125,  125
CHIVOR7 , D,  125,  125,  125,  125,  125,  125,  125,  125,  125,  125,  125,  125,  125,  125,  125,  125,  125,  125,  125,  125,  125,  125,  125,  125
CHIVOR8 , D,  125,  125,  125,  125,  125,  125,  125,  125,  125,  125,  125,  125,  125,  125,  125,  125,  125,  125,  125,  125,  125,  125,  125,  125
CHIVOR , AGCP,  840,  840,  840,  840,  840,  840,  840,  840,  840,  840,  840,  840,  840,  840,  840,  840,  840,  840,  840,  840,  840,  840,  840,  840
CHIVOR1 , AGCU,  105,  105,  105,  105,  105,  105,  105,  105,  105,  105,  105,  105,  105,  105,  105,  105,  105,  105,  105,  105,  105,  105,  105,  105
CHIVOR2 , AGCU,  105,  105,  105,  105,  105,  105,  105,  105,  105,  105,  105,  105,  105,  105,  105,  105,  105,  105,  105,  105,  105,  105,  105,  105
CHIVOR3 , AGCU,  105,  105,  105,  105,  105,  105,  105,  105,  105,  105,  105,  105,  105,  105,  105,  105,  105,  105,  105,  105,  105,  105,  105,  105
CHIVOR4 , AGCU,  105,  105,  105,  105,  105,  105,  105,  105,  105,  105,  105,  105,  105,  105,  105,  105,  105,  105,  105,  105,  105,  105,  105,  105
CHIVOR5 , AGCU,  105,  105,  105,  105,  105,  105,  105,  105,  105,  105,  105,  105,  105,  105,  105,  105,  105,  105,  105,  105,  105,  105,  105,  105
CHIVOR6 , AGCU,  105,  105,  105,  105,  105,  105,  105,  105,  105,  105,  105,  105,  105,  105,  105,  105,  105,  105,  105,  105,  105,  105,  105,  105
CHIVOR7 , AGCU,  105,  105,  105,  105,  105,  105,  105,  105,  105,  105,  105,  105,  105,  105,  105,  105,  105,  105,  105,  105,  105,  105,  105,  105
CHIVOR8 , AGCU,  105,  105,  105,  105,  105,  105,  105,  105,  105,  105,  105,  105,  105,  105,  105,  105,  105,  105,  105,  105,  105,  105,  105,  105
TUNJITA , D,  19.60,  19.60,  19.60,  19.60,  19.60,  19.60,  19.60,  19.60,  19.60,  19.60,  19.60,  19.60,  19.60,  19.60,  19.60,  19.60,  19.60,  19.60,  19.60,  19.60,  19.60,  19.60,  19.60,  19.60


AGENTE: AURES BAJO
AURESBAJO1 , D,  4.30,  4.30,  4.30,  4.30,  4.30,  4.30,  4.30,  4.30,  4.30,  4.30,  4.30,  4.30,  4.30,  4.30,  4.30,  4.30,  4.30,  4.30,  4.30,  4.30,  4.30,  4.30,  4.30,  4.30
AURESBAJO2 , D,  4.50,  4.50,  4.50,  4.50,  4.50,  4.50,  4.50,  4.50,  4.50,  4.50,  4.50,  4.50,  4.50,  4.50,  4.50,  4.50,  4.50,  4.50,  4.50,  4.50,  4.50,  4.50,  4.50,  4.50


AGENTE: AXIA ENERGIA
AUTOGUNIBOL , D,  1.00,  1.00,  1.00,  1.00,  1.00,  1.00,  1.00,  1.00,  1.00,  1.00,  1.00,  1.00,  1.00,  1.00,  1.00,  1.00,  1.00,  1.00,  1.00,  1.00,  1.00,  1.00,  1.00,  1.00


AGENTE: BIOGAS DOÑA JUANA
DOÑAJUANA , D,  0.50,  0.50,  0.50,  0.50,  0.50,  0.50,  0.50,  0.50,  0.50,  0.50,  0.50,  0.50,  0.50,  0.50,  0.50,  0.50,  0.50,  0.50,  0.50,  0.50,  0.50,  0.50,  0.50,  0.50


AGENTE: C.T. EL MORRO 2
CIMARRON , D,  19.90,  19.90,  19.90,  19.90,  19.90,  19.90,  19.90,  19.90,  19.90,  19.90,  19.90,  19.90,  19.90,  19.90,  19.90,  19.90,  19.90,  19.90,  19.90,  19.90,  19.90,  19.90,  19.90,  19.90
ELMORRO2 , D,  19.90,  19.90,  19.90,  19.90,  19.90,  19.90,  19.90,  19.90,  19.90,  19.90,  19.90,  19.90,  19.90,  19.90,  19.90,  19.90,  19.90,  19.90,  19.90,  19.90,  19.90,  19.90,  19.90,  19.90
ELMORRO1 , D,  19.90,  19.90,  19.90,  19.90,  19.90,  19.90,  19.90,  19.90,  19.90,  19.90,  19.90,  19.90,  19.90,  19.90,  19.90,  19.90,  19.90,  19.90,  19.90,  19.90,  19.90,  19.90,  19.90,  19.90


AGENTE: CANTAYÚS
CANTAYUS1 , D,  2.16,  2.16,  2.16,  2.16,  2.16,  2.16,  2.16,  2.16,  2.16,  2.16,  2.16,  2.16,  2.16,  2.16,  2.16,  2.16,  2.16,  2.16,  2.16,  2.16,  2.16,  2.16,  2.16,  2.16
CANTAYUS2 , D,  2.16,  2.16,  2.16,  2.16,  2.16,  2.16,  2.16,  2.16,  2.16,  2.16,  2.16,  2.16,  2.16,  2.16,  2.16,  2.16,  2.16,  2.16,  2.16,  2.16,  2.16,  2.16,  2.16,  2.16


AGENTE: CASCADA
SANMIGUEL1 , D,  22,  22,  22,  22,  22,  22,  22,  22,  22,  22,  22,  22,  22,  22,  22,  22,  22,  22,  22,  22,  22,  22,  22,  22
SANMIGUEL2 , D,  22,  22,  22,  22,  22,  22,  22,  22,  22,  22,  22,  22,  22,  22,  22,  22,  22,  22,  22,  22,  22,  22,  22,  22
ELPOPAL1 , D,  9.95,  9.95,  9.95,  9.95,  9.95,  9.95,  9.95,  9.95,  9.95,  9.95,  9.95,  9.95,  9.95,  9.95,  9.95,  9.95,  9.95,  9.95,  9.95,  9.95,  9.95,  9.95,  9.95,  9.95
ELPOPAL2 , D,  9.95,  9.95,  9.95,  9.95,  9.95,  9.95,  9.95,  9.95,  9.95,  9.95,  9.95,  9.95,  9.95,  9.95,  9.95,  9.95,  9.95,  9.95,  9.95,  9.95,  9.95,  9.95,  9.95,  9.95
ELMOLINO1 , D,  9.95,  9.95,  9.95,  9.95,  9.95,  9.95,  9.95,  9.95,  9.95,  9.95,  9.95,  9.95,  9.95,  9.95,  9.95,  9.95,  9.95,  9.95,  9.95,  9.95,  9.95,  9.95,  9.95,  9.95
ELMOLINO2 , D,  9.95,  9.95,  9.95,  9.95,  9.95,  9.95,  9.95,  9.95,  9.95,  9.95,  9.95,  9.95,  9.95,  9.95,  9.95,  9.95,  9.95,  9.95,  9.95,  9.95,  9.95,  9.95,  9.95,  9.95
SANMATIAS1 , D,  9.95,  9.95,  9.95,  9.95,  9.95,  9.95,  9.95,  9.95,  9.95,  9.95,  9.95,  9.95,  9.95,  9.95,  9.95,  9.95,  9.95,  9.95,  9.95,  9.95,  9.95,  9.95,  9.95,  9.95
SANMATIAS2 , D,  9.95,  9.95,  9.95,  9.95,  9.95,  9.95,  9.95,  9.95,  9.95,  9.95,  9.95,  9.95,  9.95,  9.95,  9.95,  9.95,  9.95,  9.95,  9.95,  9.95,  9.95,  9.95,  9.95,  9.95
LACASCADA(ANTIOQUIA) , D,  2.30,  2.30,  2.30,  2.30,  2.30,  2.30,  2.30,  2.30,  2.30,  2.30,  2.30,  2.30,  2.30,  2.30,  2.30,  2.30,  2.30,  2.30,  2.30,  2.30,  2.30,  2.30,  2.30,  2.30
CARUQUIA , D,  9.50,  9.50,  9.50,  9.50,  9.50,  9.50,  9.50,  9.50,  9.50,  9.50,  9.50,  9.50,  9.50,  9.50,  9.50,  9.50,  9.50,  9.50,  9.50,  9.50,  9.50,  9.50,  9.50,  9.50
GUANAQUITAS , D,  9.50,  9.50,  9.50,  9.50,  9.50,  9.50,  9.50,  9.50,  9.50,  9.50,  9.50,  9.50,  9.50,  9.50,  9.50,  9.50,  9.50,  9.50,  9.50,  9.50,  9.50,  9.50,  9.50,  9.50
BARROSO , D,  19.90,  19.90,  19.90,  19.90,  19.90,  19.90,  19.90,  19.90,  19.90,  19.90,  19.90,  19.90,  19.90,  19.90,  19.90,  19.90,  19.90,  19.90,  19.90,  19.90,  19.90,  19.90,  19.90,  19.90


AGENTE: CCG ENERGY SAS ESP
PATICO-LACABRERA , D,  1.30,  1.30,  1.30,  1.30,  1.30,  1.30,  1.30,  1.30,  1.30,  1.30,  1.30,  1.30,  1.30,  1.30,  1.30,  1.30,  1.30,  1.30,  1.30,  1.30,  1.30,  1.30,  1.30,  1.30


AGENTE: CEDENAR
RIOMAYO1 , D,  6.50,  6.50,  6.50,  6.50,  6.50,  6.50,  6.50,  6.50,  6.50,  6.50,  6.50,  6.50,  0.00,  0.00,  0.00,  0.00,  0.00,  0.00,  6.50,  6.50,  6.50,  6.50,  6.50,  6.50
RIOMAYO2 , D,  0.00,  0.00,  0.00,  0.00,  0.00,  0.00,  0.00,  0.00,  6.60,  6.60,  6.60,  6.60,  0.00,  0.00,  0.00,  0.00,  0.00,  0.00,  6.60,  6.60,  6.60,  6.60,  6.60,  6.60
RIOMAYO3 , D,  0.00,  0.00,  0.00,  0.00,  0.00,  0.00,  0.00,  0.00,  6.60,  6.60,  6.60,  6.60,  0.00,  0.00,  0.00,  0.00,  0.00,  0.00,  6.60,  6.60,  6.60,  6.60,  6.60,  6.60
RIOSAPUYES , D,  1.20,  1.20,  1.20,  1.20,  1.20,  1.20,  1.20,  1.20,  1.20,  1.20,  1.20,  1.20,  1.20,  1.20,  1.20,  1.20,  1.20,  1.20,  1.20,  1.20,  1.20,  1.20,  1.20,  1.20
JULIOBRAVO , D,  1.05,  1.05,  1.05,  1.05,  1.05,  1.05,  1.05,  1.05,  1.05,  1.05,  1.05,  1.05,  1.05,  1.05,  1.05,  1.05,  1.05,  1.05,  1.05,  1.05,  1.05,  1.05,  1.05,  1.05
RIOBOBO , D,  1.15,  1.15,  1.15,  1.15,  1.15,  1.15,  1.15,  1.15,  1.15,  1.15,  1.15,  1.15,  1.15,  1.15,  1.15,  1.15,  1.15,  1.15,  1.15,  1.15,  1.15,  1.15,  1.15,  1.15


AGENTE: CEMEX ENERGY
SUEVA2 , D,  0.00,  0.00,  0.00,  0.00,  0.00,  0.00,  0.00,  0.00,  0.00,  0.00,  0.00,  0.00,  0.00,  0.00,  0.00,  0.00,  0.00,  0.00,  0.00,  0.00,  0.00,  0.00,  0.00,  0.00
BIOENERGY , D,  0.00,  0.00,  0.00,  0.00,  0.00,  0.00,  0.00,  0.00,  0.00,  0.00,  0.00,  0.00,  0.00,  0.00,  0.00,  0.00,  0.00,  0.00,  0.00,  0.00,  0.00,  0.00,  0.00,  0.00


AGENTE: CETSA(TULUA)
RIOFRIOII1 , D,  2.00,  2.00,  2.00,  2.00,  2.00,  2.00,  2.00,  2.00,  2.00,  2.00,  2.00,  2.00,  2.00,  2.00,  2.00,  2.00,  2.00,  2.00,  2.00,  2.00,  2.00,  2.00,  2.00,  2.00
RIOFRIOII2 , D,  2.00,  2.00,  2.00,  2.00,  2.00,  2.00,  2.00,  2.00,  2.00,  2.00,  2.00,  2.00,  2.00,  2.00,  2.00,  2.00,  2.00,  2.00,  2.00,  2.00,  2.00,  2.00,  2.00,  2.00
RIOFRIOI , D,  1.00,  1.00,  1.00,  1.00,  1.00,  1.00,  1.00,  1.00,  1.00,  1.00,  1.00,  1.00,  1.00,  1.00,  1.00,  1.00,  1.00,  1.00,  1.00,  1.00,  1.00,  1.00,  1.00,  1.00
RUMOR , D,  2.00,  2.00,  2.00,  2.00,  2.00,  2.00,  2.00,  2.00,  2.00,  2.00,  2.00,  2.00,  2.00,  2.00,  2.00,  2.00,  2.00,  2.00,  2.00,  2.00,  2.00,  2.00,  2.00,  2.00


AGENTE: CH EL EDEN
ELEDÉN , D,  4.00,  4.00,  4.00,  4.00,  4.00,  4.00,  4.00,  4.00,  6.00,  6.00,  6.00,  6.00,  6.00,  6.00,  6.00,  4.90,  4.90,  4.90,  4.90,  4.90,  4.90,  4.90,  4.90,  4.90


AGENTE: CHC S.A.S. E.S.P.
MAGALLO , D,  5.70,  5.70,  5.70,  5.70,  5.70,  5.70,  5.70,  5.70,  5.70,  5.70,  5.70,  5.70,  5.70,  5.70,  5.70,  5.70,  5.70,  5.70,  5.70,  5.70,  5.70,  5.70,  5.70,  5.70


AGENTE: DICELER 
INGENIOSANCARLOS1 , D,  0.00,  0.00,  0.00,  0.00,  0.00,  0.00,  0.00,  0.00,  0.00,  0.00,  0.00,  0.00,  0.00,  0.00,  0.00,  0.00,  0.00,  0.00,  0.00,  0.00,  0.00,  0.00,  0.00,  0.00


AGENTE: EEP(PEREIRA)
NUEVOLIBARE , D,  0.00,  0.00,  0.00,  0.00,  0.00,  0.00,  0.00,  0.00,  0.00,  0.00,  0.00,  0.00,  0.00,  0.00,  0.00,  0.00,  0.00,  0.00,  0.00,  0.00,  0.00,  0.00,  0.00,  0.00
BELMONTE , D,  0.00,  0.00,  0.00,  0.00,  0.00,  0.00,  0.00,  0.00,  0.00,  0.00,  0.00,  0.00,  0.00,  0.00,  0.00,  0.00,  0.00,  0.00,  0.00,  0.00,  0.00,  0.00,  0.00,  0.00
INGENIORISARALDA1 , D,  15.00,  15.00,  15.00,  15.00,  15.00,  15.00,  15.00,  15.00,  15.00,  15.00,  15.00,  15.00,  15.00,  15.00,  15.00,  15.00,  15.00,  15.00,  15.00,  15.00,  15.00,  15.00,  15.00,  15.00


AGENTE: EEPPM
ESMERALDA1 , D,  13,  13,  13,  13,  13,  13,  13,  13,  13,  13,  13,  13,  13,  13,  13,  13,  13,  13,  13,  13,  13,  13,  13,  13
ESMERALDA2 , D,  13,  13,  13,  13,  13,  13,  13,  13,  13,  13,  13,  13,  13,  13,  13,  13,  13,  13,  13,  13,  13,  13,  13,  13
GUATAPE , P,  65645
GUATAPE1 , D,  0,  0,  0,  0,  0,  0,  0,  0,  0,  0,  0,  0,  0,  0,  0,  0,  0,  0,  0,  0,  0,  0,  0,  0
GUATAPE2 , D,  70,  70,  70,  70,  70,  70,  70,  70,  70,  70,  70,  70,  70,  70,  70,  70,  70,  70,  70,  70,  70,  70,  70,  70
GUATAPE3 , D,  70,  70,  70,  70,  70,  70,  70,  70,  70,  70,  70,  70,  70,  70,  70,  70,  70,  70,  70,  70,  70,  70,  70,  70
GUATAPE4 , D,  70,  70,  70,  70,  70,  70,  70,  70,  70,  70,  70,  70,  70,  70,  70,  70,  70,  70,  70,  70,  70,  70,  70,  70
GUATAPE5 , D,  70,  70,  70,  70,  70,  70,  70,  70,  70,  70,  70,  70,  70,  70,  70,  70,  70,  70,  70,  70,  70,  70,  70,  70
GUATAPE6 , D,  70,  70,  70,  70,  70,  70,  70,  70,  70,  70,  70,  70,  70,  70,  70,  70,  70,  70,  70,  70,  70,  70,  70,  70
GUATAPE7 , D,  70,  70,  70,  70,  70,  70,  70,  70,  70,  70,  70,  70,  70,  70,  70,  70,  70,  70,  70,  70,  70,  70,  70,  70
GUATAPE8 , D,  70,  70,  70,  70,  70,  70,  70,  70,  70,  70,  70,  70,  70,  70,  70,  70,  70,  70,  70,  70,  70,  70,  70,  70
GUATAPE , AGCP,  420,  420,  420,  420,  420,  420,  420,  420,  420,  420,  420,  420,  420,  420,  420,  420,  420,  420,  420,  420,  420,  420,  420,  420
GUATAPE1 , AGCU,  0,  0,  0,  0,  0,  0,  0,  0,  0,  0,  0,  0,  0,  0,  0,  0,  0,  0,  0,  0,  0,  0,  0,  0
GUATAPE3 , AGCU,  70,  70,  70,  70,  70,  70,  70,  70,  70,  70,  70,  70,  70,  70,  70,  70,  70,  70,  70,  70,  70,  70,  70,  70
GUATAPE4 , AGCU,  70,  70,  70,  70,  70,  70,  70,  70,  70,  70,  70,  70,  70,  70,  70,  70,  70,  70,  70,  70,  70,  70,  70,  70
GUATAPE5 , AGCU,  70,  70,  70,  70,  70,  70,  70,  70,  70,  70,  70,  70,  70,  70,  70,  70,  70,  70,  70,  70,  70,  70,  70,  70
GUATAPE6 , AGCU,  70,  70,  70,  70,  70,  70,  70,  70,  70,  70,  70,  70,  70,  70,  70,  70,  70,  70,  70,  70,  70,  70,  70,  70
GUATAPE7 , AGCU,  70,  70,  70,  70,  70,  70,  70,  70,  70,  70,  70,  70,  70,  70,  70,  70,  70,  70,  70,  70,  70,  70,  70,  70
GUATAPE8 , AGCU,  70,  70,  70,  70,  70,  70,  70,  70,  70,  70,  70,  70,  70,  70,  70,  70,  70,  70,  70,  70,  70,  70,  70,  70
LATASAJERA , P,  65644
LATASAJERA1 , D,  102,  102,  102,  102,  102,  102,  102,  102,  102,  102,  102,  102,  102,  102,  102,  102,  102,  102,  102,  102,  102,  102,  102,  102
LATASAJERA2 , D,  102,  102,  102,  102,  102,  102,  102,  102,  102,  102,  102,  102,  102,  102,  102,  102,  102,  102,  102,  102,  102,  102,  102,  102
LATASAJERA3 , D,  102,  102,  102,  102,  102,  102,  102,  102,  102,  102,  102,  102,  102,  102,  102,  102,  102,  102,  102,  102,  102,  102,  102,  102
LATASAJERA , AGCP,  204,  204,  204,  204,  204,  204,  204,  204,  204,  204,  204,  204,  204,  204,  204,  204,  204,  204,  204,  204,  204,  204,  204,  204
LATASAJERA1 , AGCU,  102,  102,  102,  102,  102,  102,  102,  102,  102,  102,  102,  102,  102,  102,  102,  102,  102,  102,  102,  102,  102,  102,  102,  102
LATASAJERA2 , AGCU,  0,  0,  0,  0,  0,  0,  0,  0,  0,  0,  0,  0,  0,  0,  0,  0,  0,  0,  0,  0,  0,  0,  0,  0
LATASAJERA3 , AGCU,  102,  102,  102,  102,  102,  102,  102,  102,  102,  102,  102,  102,  102,  102,  102,  102,  102,  102,  102,  102,  102,  102,  102,  102
PLAYAS , P,  66000
PLAYAS1 , D,  69,  69,  69,  69,  69,  69,  69,  69,  69,  69,  69,  69,  69,  69,  69,  69,  69,  69,  69,  69,  69,  69,  69,  69
PLAYAS2 , D,  69,  69,  69,  69,  69,  69,  69,  69,  69,  69,  69,  69,  69,  69,  69,  69,  69,  69,  69,  69,  69,  69,  69,  69
PLAYAS3 , D,  69,  69,  69,  69,  69,  69,  69,  69,  69,  69,  69,  69,  69,  69,  69,  69,  69,  69,  69,  69,  69,  69,  69,  69
SANFRANCISCO1 , D,  0,  0,  0,  0,  0,  0,  0,  0,  0,  0,  0,  0,  0,  0,  0,  0,  0,  0,  0,  0,  0,  0,  0,  0
SANFRANCISCO2 , D,  0,  0,  0,  0,  0,  0,  0,  0,  45,  45,  45,  45,  0,  0,  0,  0,  0,  45,  45,  45,  45,  45,  0,  0
SANFRANCISCO3 , D,  0,  0,  0,  0,  0,  0,  0,  0,  45,  45,  45,  45,  0,  0,  0,  0,  0,  0,  45,  45,  45,  45,  0,  0
GUATRON , P,  397000
GUADALUPE31 , D,  45,  45,  45,  45,  45,  45,  45,  45,  45,  45,  45,  45,  45,  45,  45,  45,  45,  45,  45,  45,  45,  45,  45,  45
GUADALUPE32 , D,  45,  45,  45,  45,  45,  45,  45,  45,  45,  45,  45,  45,  45,  45,  45,  45,  45,  45,  45,  45,  45,  45,  45,  45
GUADALUPE33 , D,  45,  45,  45,  45,  45,  45,  45,  45,  45,  45,  45,  45,  45,  45,  45,  45,  45,  45,  45,  45,  45,  45,  45,  45
GUADALUPE34 , D,  45,  45,  45,  45,  45,  45,  45,  45,  45,  45,  45,  45,  45,  45,  45,  45,  45,  45,  45,  45,  45,  45,  45,  45
GUADALUPE35 , D,  45,  45,  45,  45,  45,  45,  45,  45,  45,  45,  45,  45,  45,  45,  45,  45,  45,  45,  45,  45,  45,  45,  45,  45
GUADALUPE36 , D,  45,  45,  45,  45,  45,  45,  45,  45,  45,  45,  45,  45,  45,  45,  45,  45,  45,  45,  45,  45,  45,  45,  45,  45
GUADALUPE41 , D,  67,  67,  67,  67,  67,  67,  67,  67,  67,  67,  67,  67,  67,  67,  67,  67,  67,  67,  67,  67,  67,  67,  67,  67
GUADALUPE42 , D,  67,  67,  67,  67,  67,  67,  67,  67,  67,  67,  67,  67,  67,  67,  67,  67,  67,  67,  67,  67,  67,  67,  67,  67
GUADALUPE43 , D,  68,  68,  68,  68,  68,  68,  68,  68,  68,  68,  68,  68,  68,  68,  68,  68,  68,  68,  68,  68,  68,  68,  68,  68
TRONERAS1 , D,  20,  20,  20,  20,  20,  20,  20,  20,  20,  20,  20,  20,  20,  20,  20,  20,  20,  20,  20,  20,  20,  20,  20,  20
TRONERAS2 , D,  20,  20,  20,  20,  20,  20,  20,  20,  20,  20,  20,  20,  20,  20,  20,  20,  20,  20,  20,  20,  20,  20,  20,  20
GUATRON , MO,  0,  0,  0,  0,  0,  0,  0,  0,  0,  0,  0,  0,  0,  0,  0,  0,  0,  0,  0,  0,  0,  0,  0,  0
PORCEII , P,  390000
PORCEII1 , D,  135,  135,  135,  135,  135,  135,  135,  135,  135,  135,  135,  135,  135,  135,  135,  135,  135,  135,  135,  135,  135,  135,  135,  135
PORCEII2 , D,  135,  135,  135,  135,  135,  135,  135,  135,  135,  135,  135,  135,  135,  135,  135,  135,  135,  135,  135,  135,  135,  135,  135,  135
PORCEII3 , D,  135,  135,  135,  135,  135,  135,  135,  135,  135,  135,  135,  135,  135,  135,  135,  135,  135,  135,  135,  135,  135,  135,  135,  135
PORCEII , AGCP,  58,  58,  58,  58,  58,  58,  58,  58,  58,  58,  58,  58,  58,  58,  58,  58,  58,  58,  58,  58,  58,  58,  58,  58
PORCEII1 , AGCU,  58,  58,  58,  58,  58,  58,  58,  58,  58,  58,  58,  58,  58,  58,  58,  58,  58,  58,  58,  58,  58,  58,  58,  58
PORCEII2 , AGCU,  0,  0,  0,  0,  0,  0,  0,  0,  0,  0,  0,  0,  0,  0,  0,  0,  0,  0,  0,  0,  0,  0,  0,  0
PORCEIII , P,  65644
PORCEIII4 , D,  0,  0,  0,  0,  0,  0,  0,  0,  0,  0,  0,  0,  0,  0,  0,  0,  0,  0,  0,  0,  0,  0,  0,  0
PORCEIII3 , D,  0,  0,  0,  0,  0,  0,  0,  0,  0,  0,  0,  0,  0,  0,  0,  0,  0,  0,  0,  0,  0,  0,  0,  0
PORCEIII2 , D,  0,  0,  0,  0,  0,  0,  0,  0,  0,  0,  0,  0,  0,  0,  0,  0,  0,  0,  0,  0,  0,  0,  0,  0
PORCEIII1 , D,  0,  0,  0,  0,  0,  0,  0,  0,  0,  0,  0,  0,  0,  0,  0,  0,  0,  0,  0,  0,  0,  0,  0,  0
PORCEIII , AGCP,  0,  0,  0,  0,  0,  0,  0,  0,  0,  0,  0,  0,  0,  0,  0,  0,  0,  0,  0,  0,  0,  0,  0,  0
PORCEIII4 , AGCU,  0,  0,  0,  0,  0,  0,  0,  0,  0,  0,  0,  0,  0,  0,  0,  0,  0,  0,  0,  0,  0,  0,  0,  0
PORCEIII3 , AGCU,  0,  0,  0,  0,  0,  0,  0,  0,  0,  0,  0,  0,  0,  0,  0,  0,  0,  0,  0,  0,  0,  0,  0,  0
PORCEIII2 , AGCU,  0,  0,  0,  0,  0,  0,  0,  0,  0,  0,  0,  0,  0,  0,  0,  0,  0,  0,  0,  0,  0,  0,  0,  0
TERMOSIERRAB , P,  716385
TERMOSIERRAB , PAP1, 81974944
TERMOSIERRAB , PAP2, 185573724
TERMOSIERRAB , PAP3, 120627470
TERMOSIERRAB , PAP4, 257997652
TERMOSIERRAB , PAP5, 223261075
TERMOSIERRAB , PAP6, 417739114
TERMOSIERRAB , PAP7, 720232343
TERMOSIERRAB , PAP8, 454321550
TERMOSIERRAB , PAP9, 788285358
TERMOSIERRAB , PAP10, 778640100
TERMOSIERRAB , PAP11, 481034494
TERMOSIERRAB , PAP12, 481034494
TERMOSIERRAB , PAP13, 449531418
TERMOSIERRAB , PAP14, 435550994
TERMOSIERRAB , PAPUSD1, 25225
TERMOSIERRAB , PAPUSD2, 57104
TERMOSIERRAB , PAPUSD3, 37119
TERMOSIERRAB , PAPUSD4, 79390
TERMOSIERRAB , PAPUSD5, 68701
TERMOSIERRAB , PAPUSD6, 128545
TERMOSIERRAB , PAPUSD7, 221627
TERMOSIERRAB , PAPUSD8, 139802
TERMOSIERRAB , PAPUSD9, 242568
TERMOSIERRAB , PAPUSD10, 239600
TERMOSIERRAB , PAPUSD11, 148022
TERMOSIERRAB , PAPUSD12, 148022
TERMOSIERRAB , PAPUSD13, 138328
TERMOSIERRAB , PAPUSD14, 134026
TERMOSIERRAB , D,  353,  353,  353,  353,  353,  353,  353,  353,  353,  353,  353,  353,  353,  353,  353,  353,  353,  353,  353,  353,  353,  353,  353,  353
TERMOSIERRAB , CONF,  9
TERMOSIERRAB , C,  ACPM
TERMODORADA1 , P,  975111
TERMODORADA1 , PAP1, 23264960
TERMODORADA1 , PAP2, 25575532
TERMODORADA1 , PAP3, 25601530
TERMODORADA1 , PAPUSD1, 7159
TERMODORADA1 , PAPUSD2, 7870
TERMODORADA1 , PAPUSD3, 7878
TERMODORADA1 , D,  45,  45,  45,  45,  45,  45,  45,  45,  45,  45,  45,  45,  45,  45,  45,  45,  45,  45,  45,  45,  45,  45,  45,  45
TERMODORADA1 , CONF,  3
TERMODORADA1 , C,  ACPM
INSULA1 , D,  0.00,  0.00,  0.00,  0.00,  0.00,  0.00,  0.00,  0.00,  0.00,  0.00,  0.00,  0.00,  0.00,  0.00,  0.00,  0.00,  0.00,  0.00,  0.00,  0.00,  0.00,  0.00,  0.00,  0.00
INSULA2 , D,  6.00,  6.00,  6.00,  6.00,  6.00,  6.00,  6.00,  6.00,  6.00,  6.00,  6.00,  6.00,  6.00,  6.00,  6.00,  6.00,  6.00,  6.00,  6.00,  6.00,  6.00,  6.00,  6.00,  6.00
INSULA3 , D,  7.00,  7.00,  7.00,  7.00,  7.00,  7.00,  7.00,  7.00,  7.00,  7.00,  7.00,  7.00,  7.00,  7.00,  7.00,  7.00,  7.00,  7.00,  7.00,  7.00,  7.00,  7.00,  7.00,  7.00
LAHERRADURA1 , D,  5.00,  5.00,  5.00,  5.00,  5.00,  5.00,  5.00,  5.00,  5.00,  5.00,  5.00,  5.00,  5.00,  5.00,  5.00,  5.00,  5.00,  5.00,  5.00,  5.00,  5.00,  5.00,  5.00,  5.00
LAHERRADURA2 , D,  9.90,  9.90,  9.90,  9.90,  9.90,  9.90,  9.90,  9.90,  9.90,  9.90,  9.90,  9.90,  9.90,  9.90,  9.90,  9.90,  9.90,  9.90,  9.90,  9.90,  9.90,  9.90,  9.90,  9.90
PAJARITO1 , D,  2.00,  2.00,  2.00,  2.00,  2.00,  2.00,  2.00,  2.00,  2.00,  2.00,  2.00,  2.00,  2.00,  2.00,  2.00,  2.00,  2.00,  2.00,  2.00,  2.00,  2.00,  2.00,  2.00,  2.00
PAJARITO2 , D,  5.20,  5.20,  5.20,  5.20,  5.20,  5.20,  5.20,  5.20,  5.20,  5.20,  5.20,  5.20,  5.20,  5.20,  5.20,  5.20,  5.20,  5.20,  5.20,  5.20,  5.20,  5.20,  5.20,  5.20
CAMPESTRE(EPM) , D,  0.50,  0.50,  0.50,  0.50,  0.50,  0.50,  0.50,  0.50,  0.50,  0.50,  0.50,  0.50,  0.50,  0.50,  0.50,  0.50,  0.50,  0.50,  0.50,  0.50,  0.50,  0.50,  0.50,  0.50
MANANTIALES , D,  1.77,  1.77,  1.77,  1.77,  1.77,  1.77,  1.77,  1.77,  1.77,  1.77,  1.77,  1.77,  1.77,  1.77,  1.77,  1.77,  1.77,  1.77,  1.77,  1.77,  1.77,  1.77,  1.77,  1.77
CEMENTOSDELNARE , D,  4.50,  4.50,  4.50,  4.50,  4.50,  4.50,  4.50,  4.50,  4.50,  4.50,  4.50,  4.50,  4.50,  4.50,  4.50,  4.50,  4.50,  4.50,  4.50,  4.50,  4.50,  4.50,  4.50,  4.50
LAVUELTA , D,  9.70,  9.70,  9.70,  9.70,  9.70,  9.70,  9.70,  9.70,  9.70,  9.70,  9.70,  9.70,  9.70,  9.70,  9.70,  9.70,  9.70,  9.70,  9.70,  9.70,  9.70,  9.70,  9.70,  9.70
CARACOLI , D,  2.50,  2.50,  2.50,  2.50,  2.50,  2.50,  2.50,  2.50,  2.50,  2.50,  2.50,  2.50,  2.50,  2.50,  2.50,  2.50,  2.50,  2.50,  2.50,  2.50,  2.50,  2.50,  2.50,  2.50
RIOGRANDEI , D,  0.00,  0.00,  0.00,  0.00,  0.00,  0.00,  0.00,  0.00,  0.00,  0.00,  0.00,  0.00,  0.00,  0.00,  0.00,  0.00,  0.00,  0.00,  0.00,  0.00,  0.00,  0.00,  0.00,  0.00
SONSON , D,  11.50,  11.50,  11.50,  11.50,  11.50,  11.50,  11.50,  11.50,  11.50,  11.50,  11.50,  11.50,  11.50,  11.50,  11.50,  11.50,  11.50,  11.50,  11.50,  11.50,  11.50,  11.50,  11.50,  11.50
PIEDRASBLANCAS , D,  0.00,  0.00,  0.00,  0.00,  0.00,  0.00,  0.00,  0.00,  0.00,  0.00,  0.00,  0.00,  0.00,  0.00,  0.00,  0.00,  0.00,  0.00,  0.00,  0.00,  0.00,  0.00,  0.00,  0.00
SANJOSEDELAMONTAÑA , D,  0.00,  0.00,  0.00,  0.00,  0.00,  0.00,  0.00,  0.00,  0.00,  0.00,  0.00,  0.00,  0.00,  0.00,  0.00,  0.00,  0.00,  0.00,  0.00,  0.00,  0.00,  0.00,  0.00,  0.00
RIOFRIO(TAMESIS) , D,  0.35,  0.35,  0.35,  0.35,  0.35,  0.35,  0.35,  0.35,  0.35,  0.35,  0.35,  0.35,  0.35,  0.35,  0.35,  0.35,  0.35,  0.35,  0.35,  0.35,  0.35,  0.35,  0.35,  0.35
GUACAICA , D,  0.86,  0.86,  0.86,  0.86,  0.86,  0.86,  0.86,  0.86,  0.86,  0.86,  0.86,  0.86,  0.86,  0.86,  0.86,  0.86,  0.86,  0.86,  0.86,  0.86,  0.86,  0.86,  0.86,  0.86
INTERMEDIA , D,  0.00,  0.00,  0.00,  0.00,  0.00,  0.00,  0.00,  0.00,  0.00,  0.00,  0.00,  0.00,  0.00,  0.00,  0.00,  0.00,  0.00,  0.00,  0.00,  0.00,  0.00,  0.00,  0.00,  0.00
SANCANCIO , D,  1.60,  1.60,  1.60,  1.60,  1.60,  1.60,  1.60,  1.60,  1.60,  1.60,  1.60,  1.60,  1.60,  1.60,  1.60,  1.60,  1.60,  1.60,  1.60,  1.60,  1.60,  1.60,  1.60,  1.60
NIQUIA , D,  12.00,  12.00,  12.00,  12.00,  12.00,  12.00,  12.00,  12.00,  12.00,  12.00,  12.00,  12.00,  12.00,  12.00,  12.00,  12.00,  12.00,  12.00,  12.00,  12.00,  12.00,  12.00,  12.00,  12.00
NUTIBARA , D,  0.42,  0.42,  0.42,  0.42,  0.42,  0.42,  0.42,  0.42,  0.42,  0.42,  0.42,  0.42,  0.42,  0.42,  0.42,  0.42,  0.42,  0.42,  0.42,  0.42,  0.42,  0.42,  0.42,  0.42
CASCADA , D,  0.00,  0.00,  0.00,  0.00,  0.00,  0.00,  0.00,  0.00,  0.00,  0.00,  0.00,  0.00,  0.00,  0.00,  0.00,  0.00,  0.00,  0.00,  0.00,  0.00,  0.00,  0.00,  0.00,  0.00
PALMASSANGIL , D,  6.00,  6.00,  6.00,  6.00,  6.00,  6.00,  6.00,  6.00,  6.00,  6.00,  6.00,  6.00,  6.00,  6.00,  6.00,  6.00,  6.00,  6.00,  6.00,  6.00,  6.00,  6.00,  6.00,  6.00
RIOGRANDE , D,  0.30,  0.30,  0.30,  0.30,  0.30,  0.30,  0.30,  0.30,  0.30,  0.30,  0.30,  0.30,  0.30,  0.30,  0.30,  0.30,  0.30,  0.30,  0.30,  0.30,  0.30,  0.30,  0.30,  0.30
MUNICIPAL , D,  0.60,  0.60,  0.60,  0.60,  0.60,  0.60,  0.60,  0.60,  0.60,  0.60,  0.60,  0.60,  0.60,  0.60,  0.60,  0.60,  0.60,  0.60,  0.60,  0.60,  0.60,  0.60,  0.60,  0.60
AUTOGARGOSELCAIRO , D,  3.50,  3.50,  3.50,  3.50,  3.50,  3.50,  3.50,  3.50,  3.50,  3.50,  3.50,  3.50,  3.50,  3.50,  3.50,  3.50,  3.50,  3.50,  3.50,  3.50,  3.50,  3.50,  3.50,  3.50
PORCEIIIMENOR , D,  1.00,  1.00,  1.00,  1.00,  1.00,  1.00,  1.00,  1.00,  1.00,  1.00,  1.00,  1.00,  1.00,  1.00,  1.00,  1.00,  1.00,  1.00,  1.00,  1.00,  1.00,  1.00,  1.00,  1.00
COGENERADORCOLTEJER1 , D,  0.00,  0.00,  0.00,  0.00,  0.00,  0.00,  0.00,  0.00,  0.00,  0.00,  0.00,  0.00,  0.00,  0.00,  0.00,  0.00,  0.00,  0.00,  0.00,  0.00,  0.00,  0.00,  0.00,  0.00
JEPIRACHI1-15 , D,  8.09,  6.73,  8.10,  6.03,  5.76,  3.85,  6.30,  6.75,  9.55,  10.72,  9.35,  13.18,  11.38,  10.60,  12.20,  13.70,  14.18,  14.70,  10.05,  9.69,  9.66,  8.06,  9.25,  8.73
AUTOGARGOSSOGAMOSO , D,  0.50,  0.50,  0.50,  0.50,  0.50,  0.50,  0.50,  0.50,  0.50,  0.50,  0.50,  0.50,  0.50,  0.50,  0.50,  0.50,  0.50,  0.50,  0.50,  0.50,  0.50,  0.50,  0.50,  0.50
AUTOGCOCA-COLAFEMSA , D,  0.00,  0.00,  0.00,  0.00,  0.00,  0.00,  0.00,  0.00,  0.00,  0.00,  0.00,  0.00,  0.00,  0.00,  0.00,  0.00,  0.00,  0.00,  0.00,  0.00,  0.00,  0.00,  0.00,  0.00
AMERICA , D,  0.00,  0.00,  0.00,  0.00,  0.00,  0.00,  0.00,  0.00,  0.00,  0.00,  0.00,  0.00,  0.00,  0.00,  0.00,  0.00,  0.00,  0.00,  0.00,  0.00,  0.00,  0.00,  0.00,  0.00
AYURA , D,  11.00,  11.00,  11.00,  11.00,  11.00,  11.00,  11.00,  11.00,  11.00,  11.00,  11.00,  11.00,  11.00,  11.00,  11.00,  11.00,  11.00,  11.00,  11.00,  11.00,  11.00,  11.00,  11.00,  11.00
BELLO , D,  0.00,  0.00,  0.00,  0.00,  0.00,  0.00,  0.00,  0.00,  0.00,  0.00,  0.00,  0.00,  0.00,  0.00,  0.00,  0.00,  0.00,  0.00,  0.00,  0.00,  0.00,  0.00,  0.00,  0.00


AGENTE: ELECTROHUILA
IQUIRAI , D,  1.51,  1.30,  1.51,  1.30,  1.30,  1.51,  1.30,  1.30,  1.51,  1.30,  1.30,  1.51,  1.30,  1.51,  1.30,  1.51,  1.30,  1.51,  1.51,  1.30,  1.51,  1.30,  1.30,  1.51
IQUIRAII , D,  0.00,  0.00,  0.00,  0.00,  0.00,  0.00,  0.00,  0.00,  0.00,  0.00,  0.00,  0.00,  0.00,  0.00,  0.00,  0.00,  0.00,  0.00,  0.00,  0.00,  0.00,  0.00,  0.00,  0.00
LAPITA , D,  1.32,  1.32,  1.32,  1.32,  1.32,  1.34,  1.34,  1.35,  1.34,  1.34,  1.31,  1.31,  1.31,  1.31,  1.32,  1.32,  1.32,  1.32,  1.30,  1.30,  1.32,  1.30,  1.31,  1.32


AGENTE: EMEE(POPAYAN)
COCONUCO , D,  1.90,  1.90,  1.90,  1.90,  1.90,  1.90,  1.90,  1.90,  1.90,  1.90,  1.90,  1.90,  1.91,  1.90,  1.90,  1.90,  1.90,  1.90,  1.90,  1.90,  1.90,  1.90,  1.90,  1.90


AGENTE: EMGESA S.A.
BETANIA , P,  400000
BETANIA1 , D,  151,  151,  151,  151,  151,  151,  151,  151,  151,  151,  151,  151,  151,  151,  151,  151,  151,  151,  151,  151,  151,  151,  151,  151
BETANIA2 , D,  151,  151,  151,  151,  151,  151,  151,  151,  151,  151,  151,  151,  151,  151,  151,  151,  151,  151,  151,  151,  151,  151,  151,  151
BETANIA3 , D,  151,  151,  151,  151,  151,  151,  151,  151,  151,  151,  151,  151,  151,  151,  151,  151,  151,  151,  151,  151,  151,  151,  151,  151
BETANIA , AGCP,  0,  0,  0,  0,  0,  0,  0,  0,  0,  0,  0,  0,  0,  0,  0,  0,  0,  0,  0,  0,  0,  0,  0,  0
BETANIA1 , AGCU,  91,  91,  91,  91,  91,  91,  91,  91,  91,  91,  91,  91,  91,  91,  91,  91,  91,  91,  91,  91,  91,  91,  91,  91
BETANIA2 , AGCU,  91,  91,  91,  91,  91,  91,  91,  91,  91,  91,  91,  91,  91,  91,  91,  91,  91,  91,  91,  91,  91,  91,  91,  91
BETANIA3 , AGCU,  91,  91,  91,  91,  91,  91,  91,  91,  91,  91,  91,  91,  91,  91,  91,  91,  91,  91,  91,  91,  91,  91,  91,  91
BETANIA , MO,  60,  60,  60,  60,  60,  60,  60,  60,  60,  60,  60,  60,  60,  60,  60,  60,  60,  60,  60,  60,  60,  60,  60,  60
GUAVIO , P,  150000
GUAVIO1 , D,  244,  244,  244,  244,  244,  244,  244,  244,  244,  244,  244,  244,  244,  244,  244,  244,  244,  244,  244,  244,  244,  244,  244,  244
GUAVIO2 , D,  244,  244,  244,  244,  244,  244,  244,  244,  244,  244,  244,  244,  244,  244,  244,  244,  244,  244,  244,  244,  244,  244,  244,  244
GUAVIO3 , D,  244,  244,  244,  244,  244,  244,  244,  244,  244,  244,  244,  244,  244,  244,  244,  244,  244,  244,  244,  244,  244,  244,  244,  244
GUAVIO4 , D,  244,  244,  244,  244,  244,  244,  244,  244,  244,  244,  244,  244,  244,  244,  244,  244,  244,  244,  244,  244,  244,  244,  244,  244
GUAVIO5 , D,  244,  244,  244,  244,  244,  244,  244,  244,  244,  244,  244,  244,  244,  244,  244,  244,  244,  244,  244,  244,  244,  244,  244,  244
GUAVIO , AGCP,  0,  0,  0,  0,  0,  0,  0,  0,  0,  0,  0,  0,  0,  0,  0,  0,  0,  0,  0,  0,  0,  0,  0,  0
GUAVIO1 , AGCU,  184,  184,  184,  184,  184,  184,  184,  184,  184,  184,  184,  184,  184,  184,  184,  184,  184,  184,  184,  184,  184,  184,  184,  184
GUAVIO2 , AGCU,  184,  184,  184,  184,  184,  184,  184,  184,  184,  184,  184,  184,  184,  184,  184,  184,  184,  184,  184,  184,  184,  184,  184,  184
GUAVIO3 , AGCU,  184,  184,  184,  184,  184,  184,  184,  184,  184,  184,  184,  184,  184,  184,  184,  184,  184,  184,  184,  184,  184,  184,  184,  184
GUAVIO4 , AGCU,  184,  184,  184,  184,  184,  184,  184,  184,  184,  184,  184,  184,  184,  184,  184,  184,  184,  184,  184,  184,  184,  184,  184,  184
GUAVIO5 , AGCU,  184,  184,  184,  184,  184,  184,  184,  184,  184,  184,  184,  184,  184,  184,  184,  184,  184,  184,  184,  184,  184,  184,  184,  184
PAGUA , P,  500000
LAGUACA1 , D,  108,  108,  108,  108,  108,  108,  108,  108,  108,  108,  108,  108,  108,  108,  108,  108,  108,  108,  108,  108,  108,  108,  108,  108
LAGUACA2 , D,  108,  108,  108,  108,  108,  108,  108,  108,  108,  108,  108,  108,  108,  108,  108,  108,  108,  108,  108,  108,  108,  108,  108,  108
LAGUACA3 , D,  108,  108,  108,  108,  108,  108,  108,  108,  108,  108,  108,  108,  108,  108,  108,  108,  108,  108,  108,  108,  108,  108,  108,  108
PARAISO1 , D,  92,  92,  92,  92,  92,  92,  92,  92,  92,  92,  92,  92,  92,  92,  92,  92,  92,  92,  92,  92,  92,  92,  92,  92
PARAISO2 , D,  92,  92,  92,  92,  92,  92,  92,  92,  92,  92,  92,  92,  92,  92,  92,  92,  92,  92,  92,  92,  92,  92,  92,  92
PARAISO3 , D,  92,  92,  92,  92,  92,  92,  92,  92,  92,  92,  92,  92,  92,  92,  92,  92,  92,  92,  92,  92,  92,  92,  92,  92
PAGUA , AGCP,  0,  0,  0,  0,  0,  0,  0,  0,  0,  0,  0,  0,  0,  0,  0,  0,  0,  0,  0,  0,  0,  0,  0,  0
LAGUACA1 , AGCU,  68,  68,  68,  68,  68,  68,  68,  68,  68,  68,  68,  68,  68,  68,  68,  68,  68,  68,  68,  68,  68,  68,  68,  68
LAGUACA2 , AGCU,  68,  68,  68,  68,  68,  68,  68,  68,  68,  68,  68,  68,  68,  68,  68,  68,  68,  68,  68,  68,  68,  68,  68,  68
LAGUACA3 , AGCU,  68,  68,  68,  68,  68,  68,  68,  68,  68,  68,  68,  68,  68,  68,  68,  68,  68,  68,  68,  68,  68,  68,  68,  68
PARAISO1 , AGCU,  58,  58,  58,  58,  58,  58,  58,  58,  58,  58,  58,  58,  58,  58,  58,  58,  58,  58,  58,  58,  58,  58,  58,  58
PARAISO2 , AGCU,  58,  58,  58,  58,  58,  58,  58,  58,  58,  58,  58,  58,  58,  58,  58,  58,  58,  58,  58,  58,  58,  58,  58,  58
PARAISO3 , AGCU,  58,  58,  58,  58,  58,  58,  58,  58,  58,  58,  58,  58,  58,  58,  58,  58,  58,  58,  58,  58,  58,  58,  58,  58
ELQUIMBO , P,  450000
ELQUIMBO1 , D,  193,  193,  193,  193,  193,  193,  193,  193,  193,  193,  193,  193,  193,  193,  193,  193,  193,  193,  193,  193,  193,  193,  193,  193
ELQUIMBO2 , D,  193,  193,  193,  193,  193,  193,  193,  193,  193,  193,  193,  193,  193,  193,  193,  193,  193,  193,  193,  193,  193,  193,  193,  193
ELQUIMBO , AGCP,  0,  0,  0,  0,  0,  0,  0,  0,  0,  0,  0,  0,  0,  0,  0,  0,  0,  0,  0,  0,  0,  0,  0,  0
ELQUIMBO1 , AGCU,  102,  102,  102,  102,  102,  102,  102,  102,  102,  102,  102,  102,  102,  102,  102,  102,  102,  102,  102,  102,  102,  102,  102,  102
ELQUIMBO2 , AGCU,  102,  102,  102,  102,  102,  102,  102,  102,  102,  102,  102,  102,  102,  102,  102,  102,  102,  102,  102,  102,  102,  102,  102,  102
ELQUIMBO , MO,  89,  89,  89,  89,  89,  89,  89,  89,  89,  89,  89,  89,  89,  89,  89,  89,  89,  89,  89,  89,  89,  89,  89,  89
DARIOVALENCIASAMPER1 , D,  50,  50,  50,  50,  50,  50,  50,  50,  50,  50,  50,  50,  50,  50,  50,  50,  50,  50,  50,  50,  50,  50,  50,  50
DARIOVALENCIASAMPER2 , D,  50,  50,  50,  50,  50,  50,  50,  50,  50,  50,  50,  50,  50,  50,  50,  50,  50,  50,  50,  50,  50,  50,  50,  50
DARIOVALENCIASAMPER5 , D,  50,  50,  50,  50,  50,  50,  50,  50,  50,  50,  50,  50,  50,  50,  50,  50,  50,  50,  50,  50,  50,  50,  50,  50
SALTOII2 , D,  0,  0,  0,  0,  0,  0,  0,  0,  0,  0,  0,  0,  0,  0,  0,  0,  0,  0,  0,  0,  0,  0,  0,  0
ELPASOPANELES , D,  0,  0,  0,  0,  0,  0,  1,  3,  6,  9,  10,  11,  11,  11,  9,  5,  2,  1,  0,  0,  0,  0,  0,  0
ELPASOPANELES , PRU,  100,  100,  100,  100,  100,  100,  100,  100,  100,  100,  100,  100,  100,  100,  100,  100,  100,  100,  100,  100,  100,  100,  100,  100
CARTAGENA1 , P,  946749
CARTAGENA1 , PAP1, 52814937
CARTAGENA1 , PAP2, 52814937
CARTAGENA1 , PAPUSD1, 16252
CARTAGENA1 , PAPUSD2, 16252
CARTAGENA1 , D,  56,  56,  56,  56,  56,  56,  56,  56,  56,  56,  56,  56,  56,  56,  56,  56,  56,  56,  56,  56,  56,  56,  56,  56
CARTAGENA1 , CONF,  1
CARTAGENA1 , C,  COMBUSTOLEO
CARTAGENA2 , P,  909784
CARTAGENA2 , PAP1, 52814937
CARTAGENA2 , PAP2, 52814937
CARTAGENA2 , PAPUSD1, 16252
CARTAGENA2 , PAPUSD2, 16252
CARTAGENA2 , D,  62,  62,  62,  62,  62,  62,  62,  62,  62,  62,  62,  62,  62,  62,  62,  62,  62,  62,  62,  62,  62,  62,  62,  62
CARTAGENA2 , CONF,  1
CARTAGENA2 , C,  COMBUSTOLEO
CARTAGENA3 , P,  947000
CARTAGENA3 , PAP1, 55915198
CARTAGENA3 , PAP2, 55915198
CARTAGENA3 , PAPUSD1, 17206
CARTAGENA3 , PAPUSD2, 17206
CARTAGENA3 , D,  66,  66,  66,  66,  66,  66,  66,  66,  66,  66,  66,  66,  66,  66,  66,  66,  66,  66,  66,  66,  66,  66,  66,  66
CARTAGENA3 , CONF,  1
CARTAGENA3 , C,  COMBUSTOLEO
ZIPAEMG2 , P,  171382
ZIPAEMG2 , PAP1, 73028382
ZIPAEMG2 , PAPUSD1, 22472
ZIPAEMG2 , D,  34,  34,  34,  34,  34,  34,  34,  34,  34,  34,  34,  34,  34,  34,  34,  34,  34,  34,  34,  34,  34,  34,  34,  34
ZIPAEMG2 , CONF,  1
ZIPAEMG2 , C,  CARBON
ZIPAEMG3 , P,  178729
ZIPAEMG3 , PAP1, 87658756
ZIPAEMG3 , PAPUSD1, 26974
ZIPAEMG3 , D,  63,  63,  63,  63,  63,  63,  63,  63,  63,  63,  63,  63,  63,  63,  63,  63,  63,  63,  63,  63,  63,  63,  63,  63
ZIPAEMG3 , CONF,  1
ZIPAEMG3 , C,  CARBON
ZIPAEMG4 , P,  184310
ZIPAEMG4 , PAP1, 87658756
ZIPAEMG4 , PAPUSD1, 26974
ZIPAEMG4 , D,  64,  64,  64,  64,  64,  64,  64,  64,  64,  64,  64,  64,  64,  64,  64,  64,  64,  64,  64,  64,  64,  64,  64,  64
ZIPAEMG4 , CONF,  1
ZIPAEMG4 , C,  CARBON
ZIPAEMG5 , P,  175835
ZIPAEMG5 , PAP1, 87658756
ZIPAEMG5 , PAPUSD1, 26974
ZIPAEMG5 , D,  63,  63,  63,  63,  63,  63,  63,  63,  63,  63,  63,  63,  63,  63,  63,  63,  63,  63,  63,  63,  63,  63,  63,  63
ZIPAEMG5 , CONF,  1
ZIPAEMG5 , C,  CARBON
CHARQUITO , D,  19.40,  19.40,  19.40,  19.40,  19.40,  19.40,  19.40,  19.40,  19.40,  19.40,  19.40,  19.40,  19.40,  19.40,  19.40,  19.40,  19.40,  19.40,  19.40,  19.40,  19.40,  19.40,  19.40,  19.40
ELLIMONAR , D,  18.00,  18.00,  18.00,  18.00,  18.00,  18.00,  18.00,  18.00,  18.00,  18.00,  18.00,  18.00,  18.00,  18.00,  18.00,  18.00,  18.00,  18.00,  18.00,  18.00,  18.00,  18.00,  18.00,  18.00
RIONEGRO , D,  2.00,  2.00,  2.00,  2.00,  2.00,  2.00,  2.00,  2.00,  2.00,  2.00,  2.00,  2.00,  2.00,  2.00,  2.00,  2.00,  2.00,  2.00,  2.00,  2.00,  2.00,  2.00,  2.00,  2.00
SANTAANA , D,  0.00,  0.00,  0.00,  0.00,  0.00,  0.00,  0.00,  0.00,  0.00,  0.00,  0.00,  0.00,  0.00,  0.00,  0.00,  0.00,  0.00,  0.00,  0.00,  0.00,  0.00,  0.00,  0.00,  0.00
SUBA , D,  2.34,  2.34,  2.34,  2.34,  2.34,  2.34,  2.34,  2.34,  2.34,  2.34,  2.34,  2.34,  2.34,  2.34,  2.34,  2.34,  2.34,  2.34,  2.34,  2.34,  2.34,  2.34,  2.34,  2.34
USAQUEN , D,  0.00,  0.00,  0.00,  0.00,  0.00,  0.00,  0.00,  0.00,  0.00,  0.00,  0.00,  0.00,  0.00,  0.00,  0.00,  0.00,  0.00,  0.00,  0.00,  0.00,  0.00,  0.00,  0.00,  0.00
LAGUNETA , D,  18.00,  18.00,  18.00,  18.00,  18.00,  18.00,  18.00,  18.00,  18.00,  18.00,  18.00,  18.00,  18.00,  18.00,  18.00,  18.00,  18.00,  18.00,  18.00,  18.00,  18.00,  18.00,  18.00,  18.00
GUAVIOMENOR , D,  5.00,  5.00,  5.00,  5.00,  5.00,  5.00,  5.00,  5.00,  5.00,  5.00,  5.00,  5.00,  5.00,  5.00,  5.00,  5.00,  5.00,  5.00,  5.00,  5.00,  5.00,  5.00,  5.00,  5.00
TEQUENDAMA1 , D,  14.20,  14.20,  14.20,  14.20,  14.20,  14.20,  14.20,  14.20,  14.20,  14.20,  14.20,  14.20,  14.20,  14.20,  14.20,  14.20,  14.20,  14.20,  14.20,  14.20,  14.20,  14.20,  14.20,  14.20
TEQUENDAMA2 , D,  14.20,  14.20,  14.20,  14.20,  14.20,  14.20,  14.20,  14.20,  14.20,  14.20,  14.20,  14.20,  14.20,  14.20,  14.20,  14.20,  14.20,  14.20,  14.20,  14.20,  14.20,  14.20,  14.20,  14.20
TEQUENDAMA3 , D,  14.20,  14.20,  14.20,  14.20,  14.20,  14.20,  14.20,  14.20,  14.20,  14.20,  14.20,  14.20,  14.20,  14.20,  14.20,  14.20,  14.20,  14.20,  14.20,  14.20,  14.20,  14.20,  14.20,  14.20
TEQUENDAMA4 , D,  14.20,  14.20,  14.20,  14.20,  14.20,  14.20,  14.20,  14.20,  14.20,  14.20,  14.20,  14.20,  14.20,  14.20,  14.20,  14.20,  14.20,  14.20,  14.20,  14.20,  14.20,  14.20,  14.20,  14.20
AUTOGREFICAR , D,  9.00,  9.00,  9.00,  9.00,  9.00,  9.00,  9.00,  9.00,  9.00,  9.00,  9.00,  9.00,  9.00,  9.00,  9.00,  9.00,  9.00,  9.00,  9.00,  9.00,  9.00,  9.00,  9.00,  9.00


AGENTE: EMSA(META)
AUTOGYAGUARITO , D,  0.39,  0.60,  0.60,  0.49,  0.50,  0.50,  0.50,  0.36,  0.40,  0.60,  0.58,  0.60,  0.59,  0.60,  0.59,  0.60,  0.42,  0.45,  0.34,  0.27,  0.30,  0.30,  0.40,  0.40


AGENTE: ENERCO 
PUENTEGUILLERMO , D,  0.60,  0.60,  0.60,  0.60,  0.60,  0.60,  0.60,  0.60,  0.60,  0.60,  0.60,  0.60,  0.60,  0.60,  0.60,  0.60,  0.60,  0.60,  0.60,  0.60,  0.60,  0.60,  0.60,  0.60
LACASCADA(ABEJORRAL) , D,  0.00,  0.00,  0.00,  0.00,  0.00,  0.00,  0.00,  0.00,  0.00,  0.00,  0.00,  0.00,  0.00,  0.00,  0.00,  0.00,  0.00,  0.00,  0.00,  0.00,  0.00,  0.00,  0.00,  0.00
CURRUCUCUES , D,  1.00,  1.00,  1.00,  1.00,  1.00,  1.00,  1.00,  1.00,  1.00,  1.00,  1.00,  1.00,  1.00,  1.00,  1.00,  1.00,  1.00,  1.00,  1.00,  1.00,  1.00,  1.00,  1.00,  1.00
SANTARITA , D,  0.00,  0.00,  0.00,  0.00,  0.00,  0.00,  0.00,  0.00,  0.00,  0.00,  0.00,  0.00,  0.00,  0.00,  0.00,  0.00,  0.00,  0.00,  0.00,  0.00,  0.00,  0.00,  0.00,  0.00


AGENTE: ENERGETICA
COELLO , D,  1.00,  1.00,  1.00,  1.00,  1.00,  1.00,  1.00,  1.00,  1.00,  1.00,  1.00,  1.00,  1.00,  1.00,  1.00,  1.00,  1.00,  1.00,  1.00,  1.00,  1.00,  1.00,  1.00,  1.00


AGENTE: ENERGIA RIO PIEDRAS
AGUAFRESCA , D,  7.00,  7.00,  7.00,  7.00,  7.00,  7.00,  7.00,  7.00,  7.00,  7.00,  7.00,  7.00,  7.00,  7.00,  7.00,  7.00,  7.00,  7.00,  7.00,  7.00,  7.00,  7.00,  7.00,  7.00


AGENTE: ENREVSA E.S.P.
ELBOSQUE , D,  1.60,  1.60,  1.60,  1.60,  1.60,  1.60,  1.60,  1.60,  1.60,  1.60,  1.60,  1.60,  1.60,  1.60,  1.60,  1.60,  1.60,  1.60,  1.60,  1.60,  1.60,  1.60,  1.60,  1.60


AGENTE: EPSA(PACIFICO)
CALIMA , P,  290000
CALIMA1 , D,  33,  33,  33,  33,  33,  33,  33,  33,  33,  33,  33,  33,  33,  33,  33,  33,  33,  33,  33,  33,  33,  33,  33,  33
CALIMA2 , D,  33,  33,  33,  33,  33,  33,  33,  33,  33,  33,  33,  33,  33,  33,  33,  33,  33,  33,  33,  33,  33,  33,  33,  33
CALIMA3 , D,  33,  33,  33,  33,  33,  33,  33,  33,  33,  33,  33,  33,  33,  33,  33,  33,  33,  33,  33,  33,  33,  33,  33,  33
CALIMA4 , D,  33,  33,  33,  33,  33,  33,  33,  33,  33,  33,  33,  33,  33,  33,  33,  33,  33,  33,  33,  33,  33,  33,  33,  33
CALIMA , AGCP,  68,  68,  68,  68,  68,  68,  68,  68,  68,  68,  68,  68,  68,  68,  68,  68,  68,  68,  68,  68,  68,  68,  68,  68
CALIMA1 , AGCU,  17,  17,  17,  17,  17,  17,  17,  17,  17,  17,  17,  17,  17,  17,  17,  17,  17,  17,  17,  17,  17,  17,  17,  17
CALIMA2 , AGCU,  17,  17,  17,  17,  17,  17,  17,  17,  17,  17,  17,  17,  17,  17,  17,  17,  17,  17,  17,  17,  17,  17,  17,  17
CALIMA3 , AGCU,  17,  17,  17,  17,  17,  17,  17,  17,  17,  17,  17,  17,  17,  17,  17,  17,  17,  17,  17,  17,  17,  17,  17,  17
CALIMA4 , AGCU,  17,  17,  17,  17,  17,  17,  17,  17,  17,  17,  17,  17,  17,  17,  17,  17,  17,  17,  17,  17,  17,  17,  17,  17
PRADO , P,  305000
PRADO1 , D,  16,  16,  16,  16,  16,  16,  16,  16,  16,  16,  16,  16,  16,  16,  16,  16,  16,  16,  16,  16,  16,  16,  16,  16
PRADO2 , D,  16,  16,  16,  16,  16,  16,  16,  16,  16,  16,  16,  16,  16,  16,  16,  16,  16,  16,  16,  16,  16,  16,  16,  16
PRADO3 , D,  16,  16,  16,  16,  16,  16,  16,  16,  16,  16,  16,  16,  16,  16,  16,  16,  16,  16,  16,  16,  16,  16,  16,  16
SALVAJINA , P,  500000
SALVAJINA1 , D,  118,  118,  118,  118,  118,  118,  118,  118,  118,  118,  118,  118,  118,  118,  118,  118,  118,  118,  118,  118,  118,  118,  118,  118
SALVAJINA2 , D,  95,  95,  95,  95,  95,  95,  95,  95,  95,  95,  95,  95,  95,  95,  95,  95,  95,  95,  95,  95,  95,  95,  95,  95
SALVAJINA3 , D,  95,  95,  95,  95,  95,  95,  95,  95,  95,  95,  95,  95,  95,  95,  95,  95,  95,  95,  95,  95,  95,  95,  95,  95
SALVAJINA , AGCP,  0,  0,  0,  0,  0,  0,  0,  0,  0,  0,  0,  0,  0,  0,  0,  0,  0,  0,  0,  0,  0,  0,  0,  0
SALVAJINA2 , AGCU,  0,  0,  0,  0,  0,  0,  0,  0,  0,  0,  0,  0,  0,  0,  0,  0,  0,  0,  0,  0,  0,  0,  0,  0
SALVAJINA3 , AGCU,  0,  0,  0,  0,  0,  0,  0,  0,  0,  0,  0,  0,  0,  0,  0,  0,  0,  0,  0,  0,  0,  0,  0,  0
SALVAJINA , MO,  30,  0,  0,  0,  30,  30,  30,  30,  30,  30,  30,  30,  30,  30,  30,  30,  30,  30,  60,  60,  60,  30,  30,  30
ALBAN , P,  350000
ALTOANCHICAYA1 , D,  115,  115,  115,  115,  115,  115,  115,  115,  115,  115,  115,  115,  115,  115,  115,  115,  115,  115,  115,  115,  115,  115,  115,  115
ALTOANCHICAYA2 , D,  0,  0,  0,  0,  0,  0,  0,  0,  0,  0,  0,  0,  0,  0,  0,  0,  0,  0,  0,  0,  0,  0,  0,  0
ALTOANCHICAYA3 , D,  0,  0,  0,  0,  0,  0,  0,  0,  0,  0,  0,  0,  0,  0,  0,  0,  0,  0,  0,  0,  0,  0,  0,  0
BAJOANCHICAYA1 , D,  5,  5,  5,  5,  5,  5,  5,  5,  5,  5,  5,  5,  5,  5,  5,  5,  5,  5,  5,  5,  5,  5,  5,  5
BAJOANCHICAYA2 , D,  5,  5,  5,  5,  5,  5,  5,  5,  5,  5,  5,  5,  5,  5,  5,  5,  5,  5,  5,  5,  5,  5,  5,  5
BAJOANCHICAYA3 , D,  10,  10,  10,  10,  10,  10,  10,  10,  10,  10,  10,  10,  10,  10,  10,  10,  10,  10,  10,  10,  10,  10,  10,  10
BAJOANCHICAYA4 , D,  10,  10,  10,  10,  10,  10,  10,  10,  10,  10,  10,  10,  10,  10,  10,  10,  10,  10,  10,  10,  10,  10,  10,  10
ALBAN , AGCP,  84,  84,  84,  84,  84,  84,  84,  84,  84,  84,  84,  84,  84,  84,  84,  84,  84,  84,  84,  84,  84,  84,  84,  84
ALTOANCHICAYA1 , AGCU,  85,  85,  85,  85,  85,  85,  85,  85,  85,  85,  85,  85,  85,  85,  85,  85,  85,  85,  85,  85,  85,  85,  85,  85
ALTOANCHICAYA2 , AGCU,  0,  0,  0,  0,  0,  0,  0,  0,  0,  0,  0,  0,  0,  0,  0,  0,  0,  0,  0,  0,  0,  0,  0,  0
ALTOANCHICAYA3 , AGCU,  0,  0,  0,  0,  0,  0,  0,  0,  0,  0,  0,  0,  0,  0,  0,  0,  0,  0,  0,  0,  0,  0,  0,  0
BAJOANCHICAYA1 , AGCU,  0,  0,  0,  0,  0,  0,  0,  0,  0,  0,  0,  0,  0,  0,  0,  0,  0,  0,  0,  0,  0,  0,  0,  0
BAJOANCHICAYA2 , AGCU,  0,  0,  0,  0,  0,  0,  0,  0,  0,  0,  0,  0,  0,  0,  0,  0,  0,  0,  0,  0,  0,  0,  0,  0
BAJOANCHICAYA3 , AGCU,  0,  0,  0,  0,  0,  0,  0,  0,  0,  0,  0,  0,  0,  0,  0,  0,  0,  0,  0,  0,  0,  0,  0,  0
BAJOANCHICAYA4 , AGCU,  0,  0,  0,  0,  0,  0,  0,  0,  0,  0,  0,  0,  0,  0,  0,  0,  0,  0,  0,  0,  0,  0,  0,  0
ALBAN , MO,  8,  8,  8,  8,  8,  8,  8,  8,  8,  8,  8,  8,  8,  8,  8,  8,  8,  8,  8,  8,  8,  8,  8,  8
CUCUANA1 , D,  10,  10,  10,  10,  10,  10,  10,  10,  10,  10,  10,  10,  10,  10,  10,  10,  10,  10,  10,  10,  10,  10,  10,  10
CUCUANA2 , D,  0,  0,  0,  0,  0,  0,  0,  0,  0,  0,  0,  0,  0,  0,  0,  0,  0,  0,  0,  0,  0,  0,  0,  0
MERILECTRICA1 , P,  398520
MERILECTRICA1 , PAP1, 56597646
MERILECTRICA1 , PAPUSD1, 17416
MERILECTRICA1 , D,  167,  167,  167,  167,  167,  167,  167,  167,  167,  167,  167,  167,  167,  167,  167,  167,  167,  167,  167,  167,  167,  167,  167,  167
MERILECTRICA1 , CONF,  1
MERILECTRICA1 , C,  GAS
PRADO4 , D,  4.00,  4.00,  4.00,  4.00,  4.00,  4.00,  4.00,  4.00,  4.00,  4.00,  4.00,  4.00,  4.00,  4.00,  4.00,  4.00,  4.00,  4.00,  4.00,  4.00,  4.00,  4.00,  4.00,  4.00
RIOCALI1 , D,  0.00,  0.00,  0.00,  0.00,  0.00,  0.00,  0.00,  0.00,  0.00,  0.00,  0.00,  0.00,  0.00,  0.00,  0.00,  0.00,  0.00,  0.00,  0.00,  0.00,  0.00,  0.00,  0.00,  0.00
RIOCALI2 , D,  0.00,  0.00,  0.00,  0.00,  0.00,  0.00,  0.00,  0.00,  0.00,  0.00,  0.00,  0.00,  0.00,  0.00,  0.00,  0.00,  0.00,  0.00,  0.00,  0.00,  0.00,  0.00,  0.00,  0.00
BAJOTULUA1 , D,  3.00,  3.00,  3.00,  3.00,  3.00,  3.00,  3.00,  3.00,  3.00,  3.00,  3.00,  3.00,  3.00,  3.00,  3.00,  3.00,  3.00,  3.00,  3.00,  3.00,  3.00,  3.00,  3.00,  3.00
BAJOTULUA2 , D,  3.00,  3.00,  3.00,  3.00,  3.00,  3.00,  3.00,  3.00,  3.00,  3.00,  3.00,  3.00,  3.00,  3.00,  3.00,  3.00,  3.00,  3.00,  3.00,  3.00,  3.00,  3.00,  3.00,  3.00
ALTOTULUA1 , D,  1.00,  1.00,  1.00,  1.00,  1.00,  1.00,  1.00,  1.00,  1.00,  1.00,  1.00,  1.00,  1.00,  1.00,  1.00,  1.00,  1.00,  1.00,  1.00,  1.00,  1.00,  1.00,  1.00,  1.00
ALTOTULUA2 , D,  1.00,  1.00,  1.00,  1.00,  1.00,  1.00,  1.00,  1.00,  1.00,  1.00,  1.00,  1.00,  1.00,  1.00,  1.00,  1.00,  1.00,  1.00,  1.00,  1.00,  1.00,  1.00,  1.00,  1.00
HIDROMONTAÑITAS1 , D,  5.00,  5.00,  5.00,  5.00,  5.00,  5.00,  5.00,  5.00,  5.00,  5.00,  5.00,  5.00,  5.00,  5.00,  5.00,  5.00,  5.00,  5.00,  5.00,  5.00,  5.00,  5.00,  5.00,  5.00
HIDROMONTAÑITAS2 , D,  5.00,  5.00,  5.00,  5.00,  5.00,  5.00,  5.00,  5.00,  5.00,  5.00,  5.00,  5.00,  5.00,  5.00,  5.00,  5.00,  5.00,  5.00,  5.00,  5.00,  5.00,  5.00,  5.00,  5.00
RIOPIEDRAS1 , D,  6.00,  6.00,  6.00,  6.00,  6.00,  6.00,  6.00,  6.00,  6.00,  6.00,  6.00,  6.00,  6.00,  6.00,  6.00,  6.00,  6.00,  6.00,  6.00,  6.00,  6.00,  6.00,  6.00,  6.00
RIOPIEDRAS2 , D,  6.00,  6.00,  6.00,  6.00,  6.00,  6.00,  6.00,  6.00,  6.00,  6.00,  6.00,  6.00,  6.00,  6.00,  6.00,  6.00,  6.00,  6.00,  6.00,  6.00,  6.00,  6.00,  6.00,  6.00
NIMA , D,  4.00,  4.00,  4.00,  4.00,  4.00,  4.00,  4.00,  4.00,  3.00,  3.00,  3.00,  3.00,  3.00,  3.00,  3.00,  3.00,  3.00,  3.00,  3.00,  3.00,  3.00,  3.00,  3.00,  3.00
AMAIME , D,  5.00,  5.00,  5.00,  5.00,  5.00,  5.00,  5.00,  5.00,  5.00,  5.00,  5.00,  5.00,  5.00,  4.00,  4.00,  4.00,  4.00,  4.00,  4.00,  4.00,  4.00,  5.00,  5.00,  5.00
ELCOCUYO , D,  0.00,  0.00,  0.00,  0.00,  0.00,  0.00,  0.00,  0.00,  0.00,  0.00,  0.00,  0.00,  0.00,  0.00,  0.00,  0.00,  0.00,  0.00,  0.00,  0.00,  0.00,  0.00,  0.00,  0.00
MAYAGUEZ1 , D,  15.00,  15.00,  16.00,  16.00,  17.00,  17.00,  15.00,  16.00,  14.00,  15.00,  15.00,  15.00,  15.00,  16.00,  15.00,  17.00,  15.00,  16.00,  17.00,  17.00,  18.00,  18.00,  17.00,  17.00
COGENERADORMANUELITA2 , D,  3.00,  4.00,  4.00,  5.00,  5.00,  4.00,  5.00,  5.00,  5.00,  3.00,  1.00,  0.00,  0.00,  0.00,  0.00,  0.00,  0.00,  0.00,  0.00,  0.00,  0.00,  2.00,  4.00,  4.00
AUTOGARGOSCARTAGENA , D,  9.00,  9.00,  9.00,  9.00,  9.00,  9.00,  9.00,  9.00,  9.00,  9.00,  9.00,  9.00,  9.00,  9.00,  9.00,  9.00,  9.00,  9.00,  9.00,  9.00,  9.00,  9.00,  9.00,  9.00
AUTOGARGOSYUMBO , D,  0.00,  0.00,  0.00,  0.00,  0.00,  0.00,  0.00,  0.00,  0.00,  0.00,  0.00,  0.00,  0.00,  0.00,  0.00,  0.00,  0.00,  0.00,  0.00,  0.00,  0.00,  0.00,  1.00,  0.00
TEQUENDAMABIOGAS , D,  0.00,  0.00,  0.00,  0.00,  0.00,  0.00,  0.00,  0.00,  0.00,  0.00,  0.00,  1.00,  1.00,  0.00,  0.00,  0.00,  0.00,  0.00,  0.00,  0.00,  0.00,  0.00,  0.00,  0.00
AUTOGCELSIASOLARYUMBO , D,  0.00,  0.00,  0.00,  0.00,  0.00,  0.00,  0.00,  0.00,  0.00,  1.00,  1.00,  2.00,  2.00,  1.00,  1.00,  0.00,  0.00,  0.00,  0.00,  0.00,  0.00,  0.00,  0.00,  0.00
CELSIASOLARBOLIVAR , D,  0.00,  0.00,  0.00,  0.00,  0.00,  0.00,  0.00,  0.00,  0.00,  0.00,  0.00,  0.00,  0.00,  0.00,  0.00,  0.00,  0.00,  0.00,  0.00,  0.00,  0.00,  0.00,  0.00,  0.00


AGENTE: ESSA(SANTANDER)
COROZO1 , PINT,  420000.00,  420000.00,  420000.00,  420000.00,  420000.00,  420000.00,  420000.00,  420000.00,  420000.00,  420000.00,  420000.00,  420000.00,  420000.00,  420000.00,  420000.00,  420000.00,  420000.00,  420000.00,  420000.00,  420000.00,  420000.00,  420000.00,  420000.00,  420000.00
COROZO1 , D,  0.00,  0.00,  0.00,  0.00,  0.00,  0.00,  0.00,  0.00,  0.00,  0.00,  0.00,  0.00,  0.00,  0.00,  0.00,  0.00,  0.00,  0.00,  0.00,  0.00,  0.00,  0.00,  0.00,  0.00


AGENTE: GEC S.A. E.S.P.
SANJOSE , D,  0.30,  0.30,  0.30,  0.30,  0.30,  0.30,  0.30,  0.30,  0.30,  0.30,  0.30,  0.30,  0.30,  0.30,  0.30,  0.30,  0.30,  0.30,  0.30,  0.30,  0.30,  0.30,  0.30,  0.30


AGENTE: GECELCA S.A. E.S.P
GUAJIRA1 , P,  264517
GUAJIRA1 , PAP1, 73655584
GUAJIRA1 , PAP2, 73655584
GUAJIRA1 , PAP3, 73655584
GUAJIRA1 , PAP4, 0
GUAJIRA1 , PAP5, 73655584
GUAJIRA1 , PAP6, 73655584
GUAJIRA1 , PAP7, 73655584
GUAJIRA1 , PAP8, 73655584
GUAJIRA1 , PAP9, 73655584
GUAJIRA1 , PAPUSD1, 22665
GUAJIRA1 , PAPUSD2, 22665
GUAJIRA1 , PAPUSD3, 22665
GUAJIRA1 , PAPUSD4, 0
GUAJIRA1 , PAPUSD5, 22665
GUAJIRA1 , PAPUSD6, 22665
GUAJIRA1 , PAPUSD7, 22665
GUAJIRA1 , PAPUSD8, 22665
GUAJIRA1 , PAPUSD9, 22665
GUAJIRA1 , D,  0,  0,  0,  0,  0,  0,  0,  0,  0,  0,  0,  0,  143,  143,  143,  143,  143,  143,  143,  143,  143,  143,  143,  143
GUAJIRA1 , CONF,  7
GUAJIRA1 , C,  MEZCLA GAS - CARBÓN
GUAJIRA2 , P,  292696
GUAJIRA2 , PAP1, 73655584
GUAJIRA2 , PAP2, 73655584
GUAJIRA2 , PAP3, 73655584
GUAJIRA2 , PAP4, 0
GUAJIRA2 , PAP5, 73655584
GUAJIRA2 , PAP6, 73655584
GUAJIRA2 , PAP7, 73655584
GUAJIRA2 , PAP8, 73655584
GUAJIRA2 , PAP9, 73655584
GUAJIRA2 , PAPUSD1, 22665
GUAJIRA2 , PAPUSD2, 22665
GUAJIRA2 , PAPUSD3, 22665
GUAJIRA2 , PAPUSD4, 0
GUAJIRA2 , PAPUSD5, 22665
GUAJIRA2 , PAPUSD6, 22665
GUAJIRA2 , PAPUSD7, 22665
GUAJIRA2 , PAPUSD8, 22665
GUAJIRA2 , PAPUSD9, 22665
GUAJIRA2 , D,  130,  130,  130,  130,  130,  130,  130,  130,  130,  130,  130,  130,  130,  130,  130,  130,  130,  130,  130,  130,  130,  130,  130,  130
GUAJIRA2 , CONF,  7
GUAJIRA2 , C,  MEZCLA GAS - CARBÓN
GUAJIRA2 , PRU,  9,  9,  9,  9,  9,  9,  9,  9,  9,  9,  9,  9,  9,  9,  9,  9,  9,  9,  9,  9,  9,  9,  9,  9
GECELCA3 , P,  200120
GECELCA3 , PAP1, 128654353
GECELCA3 , PAP2, 128654353
GECELCA3 , PAP3, 128654353
GECELCA3 , PAPUSD1, 39589
GECELCA3 , PAPUSD2, 39589
GECELCA3 , PAPUSD3, 39589
GECELCA3 , D,  164,  164,  164,  164,  164,  164,  164,  164,  164,  164,  164,  164,  164,  164,  164,  164,  164,  164,  164,  164,  164,  164,  164,  164
GECELCA3 , CONF,  1
GECELCA3 , C,  CARBON
GECELCA32 , P,  191208
GECELCA32 , PAP1, 138072128
GECELCA32 , PAP2, 138072128
GECELCA32 , PAPUSD1, 42487
GECELCA32 , PAPUSD2, 42487
GECELCA32 , D,  273,  273,  273,  273,  273,  273,  273,  273,  273,  273,  273,  273,  273,  273,  273,  273,  273,  273,  273,  273,  273,  273,  273,  273
GECELCA32 , CONF,  1
GECELCA32 , C,  CARBON


AGENTE: GENERADORA LUZMA
LUZMAI1 , D,  9.50,  9.50,  9.50,  9.50,  9.50,  9.50,  9.50,  9.50,  9.50,  9.50,  9.50,  9.50,  9.50,  9.50,  9.50,  9.50,  9.50,  9.50,  9.50,  9.50,  9.50,  9.50,  9.50,  9.50
LUZMAII1 , D,  9.50,  9.50,  9.50,  9.50,  9.50,  9.50,  9.50,  9.50,  9.50,  9.50,  9.50,  9.50,  9.50,  9.50,  9.50,  9.50,  9.50,  9.50,  9.50,  9.50,  9.50,  9.50,  9.50,  9.50
LUZMAII2 , D,  9.90,  9.90,  9.90,  9.90,  9.90,  9.90,  9.90,  9.90,  9.90,  9.90,  9.90,  9.90,  9.90,  9.90,  9.90,  9.90,  9.90,  9.90,  9.90,  9.90,  9.90,  9.90,  9.90,  9.90
LUZMAI2 , D,  9.90,  9.90,  9.90,  9.90,  9.90,  9.90,  9.90,  9.90,  9.90,  9.90,  9.90,  9.90,  9.90,  9.90,  9.90,  9.90,  9.90,  9.90,  9.90,  9.90,  9.90,  9.90,  9.90,  9.90


AGENTE: GENERAMOS ENERGIA
URRAO , D,  0.80,  0.80,  0.80,  0.80,  0.80,  0.80,  0.80,  0.80,  0.80,  0.80,  0.80,  0.80,  0.80,  0.80,  0.80,  0.80,  0.80,  0.80,  0.80,  0.80,  0.80,  0.80,  0.80,  0.80


AGENTE: GENERPUTUMAYO
SANFRANCISCO(PUTUMAYO) , D,  0.20,  0.20,  0.20,  0.20,  0.20,  0.20,  0.20,  0.20,  0.20,  0.20,  0.20,  0.20,  0.20,  0.20,  0.20,  0.20,  0.20,  0.20,  0.20,  0.20,  0.20,  0.46,  0.46,  0.46
LAFRISOLERA , D,  0.20,  0.20,  0.20,  0.20,  0.20,  0.20,  0.20,  0.20,  0.20,  0.20,  0.20,  0.20,  0.20,  0.20,  0.20,  0.20,  0.20,  0.20,  0.20,  0.20,  0.20,  0.20,  0.20,  0.20


AGENTE: GENMAS S.A. E.S.P.
SANJOSEDELAMONTAÑAII1 , D,  0.00,  0.00,  0.00,  0.00,  1.00,  1.00,  1.00,  1.00,  1.00,  1.00,  1.00,  1.00,  1.00,  1.00,  1.00,  1.00,  1.00,  1.00,  0.00,  0.00,  0.00,  0.00,  0.00,  0.00
JUANGARCIA1 , D,  1.00,  1.00,  1.00,  1.00,  1.00,  1.00,  1.00,  1.00,  1.00,  1.00,  1.00,  1.00,  1.00,  1.00,  1.00,  1.00,  1.00,  1.00,  1.00,  1.00,  1.00,  1.00,  1.00,  1.00
JUANGARCIA2 , D,  1.00,  1.00,  1.00,  1.00,  1.00,  1.00,  1.00,  1.00,  1.00,  1.00,  1.00,  1.00,  1.00,  1.00,  1.00,  1.00,  1.00,  1.00,  1.00,  1.00,  1.00,  1.00,  1.00,  1.00


AGENTE: GENSA
PAIPA1 , P,  158699
PAIPA1 , PAP1, 12079321
PAIPA1 , PAPUSD1, 3717
PAIPA1 , D,  29,  29,  29,  29,  29,  29,  29,  29,  29,  29,  29,  29,  29,  29,  29,  29,  29,  29,  29,  29,  29,  29,  29,  29
PAIPA1 , CONF,  1
PAIPA1 , C,  CARBON
PAIPA2 , P,  158208
PAIPA2 , PAP1, 18536574
PAIPA2 , PAPUSD1, 5704
PAIPA2 , D,  71,  71,  71,  71,  71,  71,  71,  71,  71,  71,  71,  71,  71,  71,  71,  71,  71,  71,  71,  71,  71,  71,  71,  71
PAIPA2 , CONF,  1
PAIPA2 , C,  CARBON
PAIPA3 , P,  162606
PAIPA3 , PAP1, 18536574
PAIPA3 , PAPUSD1, 5704
PAIPA3 , D,  70,  70,  70,  70,  70,  70,  70,  70,  70,  70,  70,  70,  70,  70,  70,  70,  70,  70,  70,  70,  70,  70,  70,  70
PAIPA3 , CONF,  1
PAIPA3 , C,  CARBON
PAIPA4 , P,  103304
PAIPA4 , PAP1, 16248750
PAIPA4 , PAPUSD1, 5000
PAIPA4 , D,  154,  154,  154,  154,  154,  154,  154,  154,  154,  154,  154,  154,  154,  154,  154,  154,  154,  154,  154,  154,  154,  154,  154,  154
PAIPA4 , CONF,  1
PAIPA4 , C,  CARBON


AGENTE: HIDRALPOR SAS ESP
CARLOSLLERAS1 , D,  18,  18,  18,  18,  18,  18,  18,  18,  18,  18,  18,  18,  18,  18,  18,  18,  18,  18,  18,  18,  18,  18,  18,  18
CARLOSLLERAS2 , D,  18,  18,  18,  18,  18,  18,  18,  18,  18,  18,  18,  18,  18,  18,  18,  18,  18,  18,  18,  18,  18,  18,  18,  18


AGENTE: HZ ENERGY
REMEDIOS , D,  0.33,  0.33,  0.33,  0.33,  0.33,  0.33,  0.33,  0.33,  0.33,  0.33,  0.33,  0.33,  0.33,  0.33,  0.33,  0.33,  0.33,  0.33,  0.33,  0.33,  0.33,  0.33,  0.33,  0.33
AMALFI , D,  0.50,  0.50,  0.50,  0.50,  0.50,  0.50,  0.50,  0.50,  0.50,  0.50,  0.50,  0.50,  0.50,  0.50,  0.50,  0.50,  0.50,  0.50,  0.50,  0.50,  0.50,  0.50,  0.50,  0.50
LAREBUSCA , D,  0.70,  0.70,  0.70,  0.70,  0.70,  0.70,  0.70,  0.70,  0.70,  0.70,  0.70,  0.70,  0.70,  0.70,  0.70,  0.70,  0.70,  0.70,  0.70,  0.70,  0.70,  0.70,  0.70,  0.70
PROVIDENCIA , D,  4.90,  4.90,  4.90,  4.90,  4.90,  4.90,  4.90,  4.90,  4.90,  4.90,  4.90,  4.90,  4.90,  4.90,  4.90,  4.90,  4.90,  4.90,  4.90,  4.90,  4.90,  4.90,  4.90,  4.90


AGENTE: IAC ENERGY
LANAVETA , D,  4.00,  4.00,  4.00,  4.00,  4.00,  4.00,  4.00,  4.00,  4.00,  4.00,  4.00,  4.00,  4.00,  4.00,  4.00,  4.00,  4.00,  4.00,  4.00,  4.00,  4.00,  4.00,  4.00,  4.00


AGENTE: ISAGEN
JAGUAS , P,  65224
JAGUAS1 , D,  85,  85,  85,  85,  85,  85,  85,  85,  85,  85,  85,  85,  85,  85,  85,  85,  85,  85,  85,  85,  85,  85,  85,  85
JAGUAS2 , D,  85,  85,  85,  85,  85,  85,  85,  85,  85,  85,  85,  85,  85,  85,  85,  85,  85,  85,  85,  85,  85,  85,  85,  85
JAGUAS , AGCP,  140,  140,  140,  140,  140,  140,  140,  140,  140,  140,  140,  140,  140,  140,  140,  140,  140,  140,  140,  140,  140,  140,  140,  140
JAGUAS1 , AGCU,  70,  70,  70,  70,  70,  70,  70,  70,  70,  70,  70,  70,  70,  70,  70,  70,  70,  70,  70,  70,  70,  70,  70,  70
JAGUAS2 , AGCU,  70,  70,  70,  70,  70,  70,  70,  70,  70,  70,  70,  70,  70,  70,  70,  70,  70,  70,  70,  70,  70,  70,  70,  70
SANCARLOS , P,  330000
SANCARLOS1 , D,  144,  144,  144,  144,  144,  144,  144,  155,  155,  155,  155,  155,  155,  155,  155,  155,  155,  155,  155,  155,  155,  155,  155,  155
SANCARLOS2 , D,  0,  0,  0,  0,  0,  0,  0,  0,  0,  0,  155,  155,  155,  155,  155,  155,  155,  155,  155,  155,  155,  155,  155,  155
SANCARLOS3 , D,  144,  144,  144,  144,  144,  144,  144,  155,  155,  155,  155,  155,  155,  155,  155,  155,  155,  155,  155,  155,  155,  155,  155,  155
SANCARLOS4 , D,  144,  144,  144,  144,  144,  144,  144,  155,  155,  155,  155,  155,  155,  155,  155,  155,  155,  155,  155,  155,  155,  155,  155,  155
SANCARLOS5 , D,  0,  0,  0,  0,  0,  0,  0,  0,  0,  0,  155,  155,  155,  155,  155,  155,  155,  155,  155,  155,  155,  155,  155,  155
SANCARLOS6 , D,  144,  144,  144,  144,  144,  144,  144,  155,  155,  155,  155,  155,  155,  155,  155,  155,  155,  155,  155,  155,  155,  155,  155,  155
SANCARLOS7 , D,  144,  144,  144,  144,  144,  144,  144,  155,  155,  155,  155,  155,  155,  155,  155,  155,  155,  155,  155,  155,  155,  155,  155,  155
SANCARLOS8 , D,  144,  144,  144,  144,  144,  144,  144,  155,  155,  155,  155,  155,  155,  155,  155,  155,  155,  155,  155,  155,  155,  155,  155,  155
SANCARLOS , AGCP,  714,  714,  714,  714,  714,  714,  714,  780,  780,  780,  1040,  1040,  1040,  1040,  1040,  1040,  1040,  1040,  1040,  1040,  1040,  1040,  1040,  1040
SANCARLOS1 , AGCU,  119,  119,  119,  119,  119,  119,  119,  130,  130,  130,  130,  130,  130,  130,  130,  130,  130,  130,  130,  130,  130,  130,  130,  130
SANCARLOS2 , AGCU,  0,  0,  0,  0,  0,  0,  0,  0,  0,  0,  130,  130,  130,  130,  130,  130,  130,  130,  130,  130,  130,  130,  130,  130
SANCARLOS3 , AGCU,  119,  119,  119,  119,  119,  119,  119,  130,  130,  130,  130,  130,  130,  130,  130,  130,  130,  130,  130,  130,  130,  130,  130,  130
SANCARLOS4 , AGCU,  119,  119,  119,  119,  119,  119,  119,  130,  130,  130,  130,  130,  130,  130,  130,  130,  130,  130,  130,  130,  130,  130,  130,  130
SANCARLOS5 , AGCU,  0,  0,  0,  0,  0,  0,  0,  0,  0,  0,  130,  130,  130,  130,  130,  130,  130,  130,  130,  130,  130,  130,  130,  130
SANCARLOS6 , AGCU,  119,  119,  119,  119,  119,  119,  119,  130,  130,  130,  130,  130,  130,  130,  130,  130,  130,  130,  130,  130,  130,  130,  130,  130
SANCARLOS7 , AGCU,  119,  119,  119,  119,  119,  119,  119,  130,  130,  130,  130,  130,  130,  130,  130,  130,  130,  130,  130,  130,  130,  130,  130,  130
SANCARLOS8 , AGCU,  119,  119,  119,  119,  119,  119,  119,  130,  130,  130,  130,  130,  130,  130,  130,  130,  130,  130,  130,  130,  130,  130,  130,  130
MIELI , P,  65224
MIELI1 , D,  129,  129,  129,  129,  129,  129,  129,  129,  129,  129,  129,  129,  129,  129,  129,  129,  129,  129,  129,  129,  129,  129,  129,  129
MIELI2 , D,  129,  129,  129,  129,  129,  129,  129,  129,  129,  129,  129,  129,  129,  129,  129,  129,  129,  129,  129,  129,  129,  129,  129,  129
MIELI3 , D,  129,  129,  129,  129,  129,  129,  129,  129,  129,  129,  129,  129,  129,  129,  129,  129,  129,  129,  129,  129,  129,  129,  129,  129
MIELI , AGCP,  150,  150,  150,  150,  150,  150,  150,  150,  150,  150,  150,  150,  150,  150,  150,  150,  150,  150,  150,  150,  150,  150,  150,  150
MIELI1 , AGCU,  0,  0,  0,  0,  0,  0,  0,  0,  0,  0,  0,  0,  0,  0,  0,  0,  0,  0,  0,  0,  0,  0,  0,  0
MIELI2 , AGCU,  75,  75,  75,  75,  75,  75,  75,  75,  75,  75,  75,  75,  75,  75,  75,  75,  75,  75,  75,  75,  75,  75,  75,  75
MIELI3 , AGCU,  75,  75,  75,  75,  75,  75,  75,  75,  75,  75,  75,  75,  75,  75,  75,  75,  75,  75,  75,  75,  75,  75,  75,  75
MIELI , MO,  33,  33,  33,  33,  33,  33,  33,  33,  33,  33,  33,  33,  33,  33,  33,  33,  33,  33,  33,  33,  33,  33,  33,  33
AMOYALAESPERANZA1 , D,  11,  11,  11,  11,  11,  11,  11,  11,  11,  11,  11,  11,  11,  11,  11,  11,  11,  11,  11,  11,  11,  11,  11,  11
AMOYALAESPERANZA2 , D,  11,  11,  11,  11,  11,  11,  11,  11,  11,  11,  11,  11,  11,  11,  11,  11,  11,  11,  11,  11,  11,  11,  11,  11
SOGAMOSO , P,  335000
SOGAMOSO1 , D,  273,  273,  273,  273,  273,  273,  273,  273,  273,  273,  273,  273,  273,  273,  273,  273,  273,  273,  273,  273,  273,  273,  273,  273
SOGAMOSO2 , D,  273,  273,  273,  273,  273,  273,  273,  273,  273,  273,  273,  273,  273,  273,  273,  273,  273,  273,  273,  273,  273,  273,  273,  273
SOGAMOSO3 , D,  273,  273,  273,  273,  273,  273,  273,  273,  273,  273,  273,  273,  273,  273,  273,  273,  273,  273,  273,  273,  273,  273,  273,  273
SOGAMOSO , MO,  120,  120,  120,  120,  120,  120,  120,  120,  120,  120,  120,  120,  120,  120,  120,  120,  120,  120,  120,  120,  120,  120,  120,  120
CUATRICENTENARIO1 , PINT,  470696.00,  470696.00,  470696.00,  470696.00,  470696.00,  470696.00,  470696.00,  470696.00,  470696.00,  470696.00,  470696.00,  470696.00,  470696.00,  470696.00,  470696.00,  470696.00,  470696.00,  470696.00,  533238.00,  533238.00,  533238.00,  470696.00,  470696.00,  470696.00
CUATRICENTENARIO1 , D,  0.00,  0.00,  0.00,  0.00,  0.00,  0.00,  0.00,  0.00,  0.00,  0.00,  0.00,  0.00,  0.00,  0.00,  0.00,  0.00,  0.00,  0.00,  0.00,  0.00,  0.00,  0.00,  0.00,  0.00
TERMOCENTROCC , P,  640616
TERMOCENTROCC , PAP1, 169207983
TERMOCENTROCC , PAP2, 166783670
TERMOCENTROCC , PAP3, 164034381
TERMOCENTROCC , PAP4, 84974463
TERMOCENTROCC , PAP5, 82030190
TERMOCENTROCC , PAP6, 0
TERMOCENTROCC , PAP7, 0
TERMOCENTROCC , PAP8, 0
TERMOCENTROCC , PAP9, 0
TERMOCENTROCC , PAP10, 0
TERMOCENTROCC , PAP11, 0
TERMOCENTROCC , PAP12, 0
TERMOCENTROCC , PAP13, 0
TERMOCENTROCC , PAP14, 0
TERMOCENTROCC , PAP15, 0
TERMOCENTROCC , PAP16, 0
TERMOCENTROCC , PAP17, 0
TERMOCENTROCC , PAP18, 0
TERMOCENTROCC , PAP19, 0
TERMOCENTROCC , PAP20, 0
TERMOCENTROCC , PAP21, 0
TERMOCENTROCC , PAPUSD1, 52068
TERMOCENTROCC , PAPUSD2, 51322
TERMOCENTROCC , PAPUSD3, 50476
TERMOCENTROCC , PAPUSD4, 26148
TERMOCENTROCC , PAPUSD5, 25242
TERMOCENTROCC , PAPUSD6, 0
TERMOCENTROCC , PAPUSD7, 0
TERMOCENTROCC , PAPUSD8, 0
TERMOCENTROCC , PAPUSD9, 0
TERMOCENTROCC , PAPUSD10, 0
TERMOCENTROCC , PAPUSD11, 0
TERMOCENTROCC , PAPUSD12, 0
TERMOCENTROCC , PAPUSD13, 0
TERMOCENTROCC , PAPUSD14, 0
TERMOCENTROCC , PAPUSD15, 0
TERMOCENTROCC , PAPUSD16, 0
TERMOCENTROCC , PAPUSD17, 0
TERMOCENTROCC , PAPUSD18, 0
TERMOCENTROCC , PAPUSD19, 0
TERMOCENTROCC , PAPUSD20, 0
TERMOCENTROCC , PAPUSD21, 0
TERMOCENTROCC , D,  138,  138,  138,  138,  138,  138,  138,  138,  138,  138,  138,  138,  138,  138,  138,  138,  138,  138,  138,  138,  138,  138,  138,  138
TERMOCENTROCC , CONF,  4
TERMOCENTROCC , C,  GAS
CALDERAS1 , D,  2.50,  2.50,  2.50,  2.50,  2.50,  2.50,  2.50,  2.50,  2.50,  2.50,  2.50,  2.50,  2.50,  2.50,  2.50,  2.50,  2.50,  2.50,  2.50,  2.50,  2.50,  2.50,  2.50,  2.50
CALDERAS2 , D,  2.50,  2.50,  2.50,  2.50,  2.50,  2.50,  2.50,  2.50,  2.50,  2.50,  2.50,  2.50,  2.50,  2.50,  2.50,  2.50,  2.50,  2.50,  2.50,  2.50,  2.50,  2.50,  2.50,  2.50


AGENTE: MULCALARCA
BAYONA , D,  0.30,  0.30,  0.30,  0.30,  0.30,  0.30,  0.30,  0.30,  0.30,  0.30,  0.30,  0.30,  0.30,  0.30,  0.30,  0.30,  0.30,  0.30,  0.30,  0.30,  0.30,  0.30,  0.30,  0.30
CAMPESTRE(CALARCA) , D,  0.70,  0.70,  0.70,  0.70,  0.70,  0.70,  0.70,  0.70,  0.70,  0.70,  0.70,  0.70,  0.70,  0.70,  0.70,  0.70,  0.70,  0.70,  0.70,  0.70,  0.70,  0.70,  0.70,  0.70
UNION , D,  0.50,  0.50,  0.50,  0.50,  0.50,  0.50,  0.50,  0.50,  0.50,  0.50,  0.50,  0.50,  0.50,  0.50,  0.50,  0.50,  0.50,  0.50,  0.50,  0.50,  0.50,  0.50,  0.50,  0.50


AGENTE: NITRO ENERGY
INCAUCA1 , D,  6.00,  6.00,  6.00,  6.00,  6.00,  6.00,  6.00,  6.00,  6.00,  6.00,  6.00,  6.00,  6.00,  6.00,  6.00,  6.00,  6.00,  6.00,  6.00,  6.00,  6.00,  6.00,  6.00,  6.00
INGENIOPROVIDENCIA2 , D,  14.00,  14.00,  14.00,  14.00,  14.00,  14.00,  14.00,  14.00,  14.00,  14.00,  14.00,  14.00,  14.00,  14.00,  14.00,  14.00,  14.00,  14.00,  14.00,  14.00,  14.00,  14.00,  14.00,  14.00
TERMOBOLIVAR1 , D,  1.00,  1.00,  1.00,  1.00,  1.00,  1.00,  1.00,  1.00,  1.00,  1.00,  1.00,  1.00,  1.00,  1.00,  1.00,  1.00,  1.00,  1.00,  1.00,  1.00,  1.00,  1.00,  1.00,  1.00


AGENTE: PCH ALEJANDRÍA
ALEJANDRÍA , D,  7.50,  7.50,  7.50,  7.50,  7.50,  7.50,  7.50,  7.50,  7.50,  7.50,  7.50,  7.50,  7.50,  7.50,  7.50,  7.50,  7.50,  7.50,  7.50,  7.50,  7.50,  7.50,  7.50,  7.50


AGENTE: PROELECTRICA
PROELECTRICA , P,  368575
PROELECTRICA , PAP1, 31467329
PROELECTRICA , PAPUSD1, 9683
PROELECTRICA1 , D,  45,  45,  45,  45,  45,  45,  45,  45,  45,  45,  45,  45,  45,  45,  45,  45,  45,  45,  45,  45,  45,  45,  45,  45
PROELECTRICA2 , D,  45,  45,  45,  45,  45,  45,  45,  45,  45,  45,  45,  45,  45,  45,  45,  45,  45,  45,  45,  45,  45,  45,  45,  45
PROELECTRICA , CONF,  1
PROELECTRICA , C,  GAS


AGENTE: PROENCA 
COGENERADORPROENCA , D,  17.00,  17.00,  17.00,  17.00,  17.00,  17.00,  17.00,  17.00,  17.00,  17.00,  17.00,  17.00,  17.00,  17.00,  17.00,  17.00,  17.00,  17.00,  17.00,  17.00,  17.00,  17.00,  17.00,  17.00
PROENCAII , D,  16.00,  16.00,  16.00,  16.00,  16.00,  16.00,  16.00,  16.00,  16.00,  16.00,  16.00,  16.00,  16.00,  16.00,  16.00,  16.00,  16.00,  16.00,  16.00,  16.00,  16.00,  16.00,  16.00,  16.00


AGENTE: RIOEN SAS  E.S.P.
CENTRALCASTILLA1 , D,  0.00,  0.00,  0.00,  0.00,  0.00,  0.00,  0.00,  0.00,  0.00,  0.00,  0.00,  0.00,  0.00,  0.00,  0.00,  0.00,  0.00,  0.00,  0.00,  0.00,  0.00,  0.00,  0.00,  0.00
INGENIORIOPAILA1 , D,  0.00,  0.00,  0.00,  0.00,  0.00,  0.00,  0.00,  0.00,  0.00,  0.00,  0.00,  0.00,  0.00,  0.00,  0.00,  0.00,  0.00,  0.00,  0.00,  0.00,  0.00,  0.00,  0.00,  0.00


AGENTE: RISARALDA ENERGIA
MORROAZUL , D,  8.30,  8.30,  8.30,  8.30,  8.30,  8.30,  8.30,  8.30,  8.30,  8.30,  8.30,  8.30,  8.30,  8.30,  8.30,  8.30,  8.30,  8.30,  8.30,  8.30,  8.30,  8.30,  8.30,  8.30


AGENTE: TEBSA S.A. (E.S.P.)
TEBSAB , P,  435520
TEBSAB , PAP1, 217463521
TEBSAB , PAP2, 169584954
TEBSAB , PAP3, 129015075
TEBSAB , PAP4, 88448446
TEBSAB , PAP5, 0
TEBSAB , PAP6, 176893642
TEBSAB , PAP7, 129015075
TEBSAB , PAP8, 88448446
TEBSAB , PAP9, 40569879
TEBSAB , PAP10, 176893642
TEBSAB , PAP11, 129015075
TEBSAB , PAP12, 88448446
TEBSAB , PAP13, 40569879
TEBSAB , PAP14, 210154833
TEBSAB , PAP15, 162279516
TEBSAB , PAP16, 121709637
TEBSAB , PAP17, 81139758
TEBSAB , PAP18, 40569879
TEBSAB , PAP19, 169584954
TEBSAB , PAP20, 121709637
TEBSAB , PAP21, 81139758
TEBSAB , PAP22, 40569879
TEBSAB , PAP23, 169584954
TEBSAB , PAP24, 121709637
TEBSAB , PAP25, 81139758
TEBSAB , PAP26, 40569879
TEBSAB , PAP27, 202846145
TEBSAB , PAP28, 121709637
TEBSAB , PAP29, 81139758
TEBSAB , PAP30, 40569879
TEBSAB , PAP31, 129015075
TEBSAB , PAP32, 81139758
TEBSAB , PAP33, 40569879
TEBSAB , PAP34, 129015075
TEBSAB , PAP35, 81139758
TEBSAB , PAP36, 40569879
TEBSAB , PAP37, 129015075
TEBSAB , PAP38, 81139758
TEBSAB , PAP39, 40569879
TEBSAB , PAP40, 162279516
TEBSAB , PAP41, 81139758
TEBSAB , PAP42, 40569879
TEBSAB , PAP43, 162279516
TEBSAB , PAP44, 81139758
TEBSAB , PAP45, 40569879
TEBSAB , PAP46, 88448446
TEBSAB , PAP47, 40569879
TEBSAB , PAP48, 88448446
TEBSAB , PAP49, 40569879
TEBSAB , PAP50, 88448446
TEBSAB , PAP51, 40569879
TEBSAB , PAP52, 121709637
TEBSAB , PAP53, 40569879
TEBSAB , PAP54, 121709637
TEBSAB , PAP55, 40569879
TEBSAB , PAP56, 121709637
TEBSAB , PAP57, 40569879
TEBSAB , PAP58, 81139758
TEBSAB , PAP59, 81139758
TEBSAB , PAP60, 81139758
TEBSAB , PAP61, 47878567
TEBSAB , PAP62, 47878567
TEBSAB , PAPUSD1, 66917
TEBSAB , PAPUSD2, 52184
TEBSAB , PAPUSD3, 39700
TEBSAB , PAPUSD4, 27217
TEBSAB , PAPUSD5, 0
TEBSAB , PAPUSD6, 54433
TEBSAB , PAPUSD7, 39700
TEBSAB , PAPUSD8, 27217
TEBSAB , PAPUSD9, 12484
TEBSAB , PAPUSD10, 54433
TEBSAB , PAPUSD11, 39700
TEBSAB , PAPUSD12, 27217
TEBSAB , PAPUSD13, 12484
TEBSAB , PAPUSD14, 64668
TEBSAB , PAPUSD15, 49936
TEBSAB , PAPUSD16, 37452
TEBSAB , PAPUSD17, 24968
TEBSAB , PAPUSD18, 12484
TEBSAB , PAPUSD19, 52184
TEBSAB , PAPUSD20, 37452
TEBSAB , PAPUSD21, 24968
TEBSAB , PAPUSD22, 12484
TEBSAB , PAPUSD23, 52184
TEBSAB , PAPUSD24, 37452
TEBSAB , PAPUSD25, 24968
TEBSAB , PAPUSD26, 12484
TEBSAB , PAPUSD27, 62419
TEBSAB , PAPUSD28, 37452
TEBSAB , PAPUSD29, 24968
TEBSAB , PAPUSD30, 12484
TEBSAB , PAPUSD31, 39700
TEBSAB , PAPUSD32, 24968
TEBSAB , PAPUSD33, 12484
TEBSAB , PAPUSD34, 39700
TEBSAB , PAPUSD35, 24968
TEBSAB , PAPUSD36, 12484
TEBSAB , PAPUSD37, 39700
TEBSAB , PAPUSD38, 24968
TEBSAB , PAPUSD39, 12484
TEBSAB , PAPUSD40, 49936
TEBSAB , PAPUSD41, 24968
TEBSAB , PAPUSD42, 12484
TEBSAB , PAPUSD43, 49936
TEBSAB , PAPUSD44, 24968
TEBSAB , PAPUSD45, 12484
TEBSAB , PAPUSD46, 27217
TEBSAB , PAPUSD47, 12484
TEBSAB , PAPUSD48, 27217
TEBSAB , PAPUSD49, 12484
TEBSAB , PAPUSD50, 27217
TEBSAB , PAPUSD51, 12484
TEBSAB , PAPUSD52, 37452
TEBSAB , PAPUSD53, 12484
TEBSAB , PAPUSD54, 37452
TEBSAB , PAPUSD55, 12484
TEBSAB , PAPUSD56, 37452
TEBSAB , PAPUSD57, 12484
TEBSAB , PAPUSD58, 24968
TEBSAB , PAPUSD59, 24968
TEBSAB , PAPUSD60, 24968
TEBSAB , PAPUSD61, 14733
TEBSAB , PAPUSD62, 14733
TEBSAB , D,  791,  791,  791,  791,  791,  791,  791,  791,  791,  791,  791,  791,  791,  791,  791,  791,  791,  791,  791,  791,  791,  791,  791,  791
TEBSAB , CONF,  5
TEBSAB , C,  GAS
TEBSAB , PRU,  0,  0,  0,  0,  0,  0,  0,  0,  0,  0,  0,  0,  0,  0,  0,  0,  0,  0,  0,  0,  0,  0,  0,  0
BARRANQUILLA3 , P,  601930
BARRANQUILLA3 , PAP1, 73840820
BARRANQUILLA3 , PAP2, 73840820
BARRANQUILLA3 , PAP3, 73840820
BARRANQUILLA3 , PAP4, 73840820
BARRANQUILLA3 , PAP5, 73840820
BARRANQUILLA3 , PAP6, 73840820
BARRANQUILLA3 , PAP7, 73840820
BARRANQUILLA3 , PAP8, 73840820
BARRANQUILLA3 , PAP9, 73840820
BARRANQUILLA3 , PAPUSD1, 22722
BARRANQUILLA3 , PAPUSD2, 22722
BARRANQUILLA3 , PAPUSD3, 22722
BARRANQUILLA3 , PAPUSD4, 22722
BARRANQUILLA3 , PAPUSD5, 22722
BARRANQUILLA3 , PAPUSD6, 22722
BARRANQUILLA3 , PAPUSD7, 22722
BARRANQUILLA3 , PAPUSD8, 22722
BARRANQUILLA3 , PAPUSD9, 22722
BARRANQUILLA3 , D,  60,  60,  60,  60,  60,  60,  60,  60,  60,  60,  60,  60,  60,  60,  60,  60,  60,  60,  60,  60,  60,  60,  60,  60
BARRANQUILLA3 , CONF,  1
BARRANQUILLA3 , C,  GAS
BARRANQUILLA3 , PRU,  0,  0,  0,  0,  0,  0,  0,  0,  0,  0,  0,  0,  0,  0,  0,  0,  0,  0,  0,  0,  0,  0,  0,  0
BARRANQUILLA4 , P,  602750
BARRANQUILLA4 , PAP1, 73840820
BARRANQUILLA4 , PAP2, 73840820
BARRANQUILLA4 , PAP3, 73840820
BARRANQUILLA4 , PAP4, 73840820
BARRANQUILLA4 , PAP5, 73840820
BARRANQUILLA4 , PAP6, 73840820
BARRANQUILLA4 , PAP7, 73840820
BARRANQUILLA4 , PAP8, 73840820
BARRANQUILLA4 , PAP9, 73840820
BARRANQUILLA4 , PAPUSD1, 22722
BARRANQUILLA4 , PAPUSD2, 22722
BARRANQUILLA4 , PAPUSD3, 22722
BARRANQUILLA4 , PAPUSD4, 22722
BARRANQUILLA4 , PAPUSD5, 22722
BARRANQUILLA4 , PAPUSD6, 22722
BARRANQUILLA4 , PAPUSD7, 22722
BARRANQUILLA4 , PAPUSD8, 22722
BARRANQUILLA4 , PAPUSD9, 22722
BARRANQUILLA4 , D,  55,  55,  55,  55,  55,  55,  55,  55,  55,  55,  55,  55,  55,  55,  55,  55,  55,  55,  55,  55,  55,  55,  55,  55
BARRANQUILLA4 , CONF,  1
BARRANQUILLA4 , C,  GAS
BARRANQUILLA4 , PRU,  0,  0,  0,  0,  0,  0,  0,  0,  0,  0,  0,  0,  0,  0,  0,  0,  0,  0,  0,  0,  0,  0,  0,  0


AGENTE: TERMO MECHERO
TERMOMECHERO4 , D,  19.30,  19.30,  19.30,  19.30,  19.30,  19.30,  19.30,  19.30,  19.30,  19.30,  19.30,  19.30,  19.30,  19.30,  19.30,  19.30,  19.30,  19.30,  19.30,  19.30,  19.30,  19.30,  19.30,  19.30
TERMOMECHERO5 , D,  19.30,  19.30,  19.30,  19.30,  19.30,  19.30,  19.30,  19.30,  19.30,  19.30,  19.30,  19.30,  19.30,  19.30,  19.30,  19.30,  19.30,  19.30,  19.30,  19.30,  19.30,  19.30,  19.30,  19.30
TERMOMECHERO6 , D,  19.30,  19.30,  19.30,  19.30,  19.30,  19.30,  19.30,  19.30,  19.30,  19.30,  19.30,  19.30,  19.30,  19.30,  19.30,  19.30,  19.30,  19.30,  19.30,  19.30,  19.30,  19.30,  19.30,  19.30


AGENTE: TERMOCANDELARIA
TERMOCANDELARIA1 , P,  661279
TERMOCANDELARIA1 , PAP1, 74240539
TERMOCANDELARIA1 , PAP2, 74240539
TERMOCANDELARIA1 , PAP3, 74240539
TERMOCANDELARIA1 , PAP4, 74240539
TERMOCANDELARIA1 , PAP5, 106143334
TERMOCANDELARIA1 , PAP6, 106143334
TERMOCANDELARIA1 , PAP7, 106143334
TERMOCANDELARIA1 , PAP8, 106143334
TERMOCANDELARIA1 , PAPUSD1, 22845
TERMOCANDELARIA1 , PAPUSD2, 22845
TERMOCANDELARIA1 , PAPUSD3, 22845
TERMOCANDELARIA1 , PAPUSD4, 22845
TERMOCANDELARIA1 , PAPUSD5, 32662
TERMOCANDELARIA1 , PAPUSD6, 32662
TERMOCANDELARIA1 , PAPUSD7, 32662
TERMOCANDELARIA1 , PAPUSD8, 32662
TERMOCANDELARIA1 , D,  157,  157,  157,  157,  157,  157,  157,  157,  157,  157,  157,  157,  157,  157,  157,  157,  157,  157,  157,  157,  157,  157,  157,  157
TERMOCANDELARIA1 , CONF,  1
TERMOCANDELARIA1 , C,  GAS
TERMOCANDELARIA2 , P,  654732
TERMOCANDELARIA2 , PAP1, 74240539
TERMOCANDELARIA2 , PAP2, 74240539
TERMOCANDELARIA2 , PAP3, 74240539
TERMOCANDELARIA2 , PAP4, 74240539
TERMOCANDELARIA2 , PAP5, 106143334
TERMOCANDELARIA2 , PAP6, 106143334
TERMOCANDELARIA2 , PAP7, 106143334
TERMOCANDELARIA2 , PAP8, 106143334
TERMOCANDELARIA2 , PAPUSD1, 22845
TERMOCANDELARIA2 , PAPUSD2, 22845
TERMOCANDELARIA2 , PAPUSD3, 22845
TERMOCANDELARIA2 , PAPUSD4, 22845
TERMOCANDELARIA2 , PAPUSD5, 32662
TERMOCANDELARIA2 , PAPUSD6, 32662
TERMOCANDELARIA2 , PAPUSD7, 32662
TERMOCANDELARIA2 , PAPUSD8, 32662
TERMOCANDELARIA2 , D,  157,  157,  157,  157,  157,  157,  157,  157,  157,  157,  157,  157,  157,  157,  157,  157,  157,  157,  157,  157,  157,  157,  157,  157
TERMOCANDELARIA2 , CONF,  1
TERMOCANDELARIA2 , C,  GAS


AGENTE: TERMOEMCALI
TERMOEMCALI1 , P,  731217
TERMOEMCALI1 , PAP1, 136307514
TERMOEMCALI1 , PAP2, 220086069
TERMOEMCALI1 , PAPUSD1, 41944
TERMOEMCALI1 , PAPUSD2, 67724
TERMOEMCALI1 , D,  213,  213,  213,  213,  213,  213,  213,  213,  213,  213,  213,  213,  213,  213,  213,  213,  213,  213,  213,  213,  213,  213,  213,  213
TERMOEMCALI1 , CONF,  2
TERMOEMCALI1 , C,  ACPM


AGENTE: TERMONORTE
TERMONORTE , P,  395000
TERMONORTE , PAP1, 120110760
TERMONORTE , PAP2, 73782324
TERMONORTE , PAP3, 36462195
TERMONORTE , PAP4, 110556495
TERMONORTE , PAP5, 67913276
TERMONORTE , PAP6, 33563418
TERMONORTE , PAP7, 98272440
TERMONORTE , PAP8, 60367356
TERMONORTE , PAP9, 29832705
TERMONORTE , PAP10, 85988385
TERMONORTE , PAP11, 52821436
TERMONORTE , PAP12, 26105242
TERMONORTE , PAP13, 73704330
TERMONORTE , PAP14, 45275517
TERMONORTE , PAP15, 22374529
TERMONORTE , PAP16, 61420275
TERMONORTE , PAP17, 37729598
TERMONORTE , PAP18, 18647066
TERMONORTE , PAP19, 49136220
TERMONORTE , PAP20, 30183678
TERMONORTE , PAP21, 14916352
TERMONORTE , PAP22, 36852165
TERMONORTE , PAP23, 22637758
TERMONORTE , PAP24, 11188889
TERMONORTE , PAPUSD1, 36960
TERMONORTE , PAPUSD2, 22704
TERMONORTE , PAPUSD3, 11220
TERMONORTE , PAPUSD4, 34020
TERMONORTE , PAPUSD5, 20898
TERMONORTE , PAPUSD6, 10328
TERMONORTE , PAPUSD7, 30240
TERMONORTE , PAPUSD8, 18576
TERMONORTE , PAPUSD9, 9180
TERMONORTE , PAPUSD10, 26460
TERMONORTE , PAPUSD11, 16254
TERMONORTE , PAPUSD12, 8033
TERMONORTE , PAPUSD13, 22680
TERMONORTE , PAPUSD14, 13932
TERMONORTE , PAPUSD15, 6885
TERMONORTE , PAPUSD16, 18900
TERMONORTE , PAPUSD17, 11610
TERMONORTE , PAPUSD18, 5738
TERMONORTE , PAPUSD19, 15120
TERMONORTE , PAPUSD20, 9288
TERMONORTE , PAPUSD21, 4590
TERMONORTE , PAPUSD22, 11340
TERMONORTE , PAPUSD23, 6966
TERMONORTE , PAPUSD24, 3443
TERMONORTE , D,  72,  72,  72,  72,  72,  72,  72,  72,  72,  72,  72,  72,  72,  72,  72,  72,  72,  72,  72,  72,  72,  72,  72,  72
TERMONORTE , CONF,  9
TERMONORTE , C,  GAS
TERMONORTE , PRU,  11,  11,  11,  11,  11,  11,  11,  11,  11,  11,  11,  11,  11,  11,  11,  11,  11,  11,  11,  11,  11,  11,  11,  11


AGENTE: TERMOPIEDRAS S.A.
TERMOPIEDRAS , D,  3.75,  3.75,  3.75,  3.75,  3.75,  3.75,  3.75,  3.75,  3.75,  3.75,  3.75,  3.75,  3.75,  3.75,  3.75,  3.75,  3.75,  3.75,  3.75,  3.75,  3.75,  3.75,  3.75,  3.75


AGENTE: TERMOTASAJERO
TASAJERO1 , P,  145980
TASAJERO1 , PAP1, 51320052
TASAJERO1 , PAP2, 51320052
TASAJERO1 , PAP3, 51320052
TASAJERO1 , PAPUSD1, 15792
TASAJERO1 , PAPUSD2, 15792
TASAJERO1 , PAPUSD3, 15792
TASAJERO1 , D,  163,  163,  163,  163,  163,  163,  163,  163,  163,  163,  163,  163,  163,  163,  163,  163,  163,  163,  163,  163,  163,  163,  163,  163
TASAJERO1 , CONF,  1
TASAJERO1 , C,  CARBON


AGENTE: TERMOTASAJERO DOS
TASAJERO2 , P,  142480
TASAJERO2 , PAP1, 54920775
TASAJERO2 , PAP2, 54920775
TASAJERO2 , PAPUSD1, 16900
TASAJERO2 , PAPUSD2, 16900
TASAJERO2 , D,  170,  170,  170,  170,  170,  170,  170,  170,  170,  170,  170,  170,  170,  170,  170,  170,  170,  170,  170,  170,  170,  170,  170,  170
TASAJERO2 , CONF,  1
TASAJERO2 , C,  CARBON


AGENTE: TERMOVALLE
TERMOVALLE1 , P,  215000
TERMOVALLE1 , PAP1, 77994000
TERMOVALLE1 , PAP2, 77994000
TERMOVALLE1 , PAP3, 77994000
TERMOVALLE1 , PAP4, 227482500
TERMOVALLE1 , PAP5, 227482500
TERMOVALLE1 , PAP6, 227482500
TERMOVALLE1 , PAP7, 77994000
TERMOVALLE1 , PAP8, 227482500
TERMOVALLE1 , PAPUSD1, 24000
TERMOVALLE1 , PAPUSD2, 24000
TERMOVALLE1 , PAPUSD3, 24000
TERMOVALLE1 , PAPUSD4, 70000
TERMOVALLE1 , PAPUSD5, 70000
TERMOVALLE1 , PAPUSD6, 70000
TERMOVALLE1 , PAPUSD7, 24000
TERMOVALLE1 , PAPUSD8, 70000
TERMOVALLE1 , D,  202,  202,  202,  202,  202,  202,  202,  202,  202,  202,  202,  202,  202,  202,  202,  202,  202,  202,  202,  202,  202,  202,  202,  202
TERMOVALLE1 , CONF,  1
TERMOVALLE1 , C,  GAS


AGENTE: TERMOYOPAL
TERMOYOPAL2 , P,  63600
TERMOYOPAL2 , PAP1, 4829128
TERMOYOPAL2 , PAPUSD1, 1486
TERMOYOPAL2 , D,  30,  30,  30,  30,  30,  30,  30,  30,  30,  30,  30,  30,  29,  29,  29,  30,  30,  30,  30,  30,  30,  30,  30,  30
TERMOYOPAL2 , CONF,  1
TERMOYOPAL2 , C,  GAS
TERMOYOPAL1 , D,  19.90,  19.90,  19.90,  19.90,  19.90,  19.90,  19.90,  19.90,  19.90,  19.90,  19.90,  19.90,  19.90,  19.90,  19.90,  19.90,  19.90,  19.90,  19.90,  19.90,  19.90,  19.90,  19.90,  19.90


AGENTE: URRA
URRA , P,  450000
URRA1 , D,  0,  0,  0,  0,  0,  0,  0,  0,  0,  0,  0,  0,  0,  0,  0,  0,  0,  0,  0,  0,  0,  0,  0,  0
URRA2 , D,  81,  81,  81,  81,  81,  81,  81,  81,  81,  81,  81,  81,  81,  81,  81,  81,  81,  81,  81,  81,  81,  81,  81,  81
URRA3 , D,  0,  0,  0,  0,  0,  0,  0,  0,  0,  0,  0,  0,  0,  0,  0,  0,  0,  0,  0,  81,  81,  0,  0,  0
URRA4 , D,  0,  0,  0,  0,  0,  0,  0,  0,  0,  0,  0,  0,  0,  0,  0,  0,  0,  0,  0,  0,  0,  0,  0,  0
URRA , AGCP,  0,  0,  0,  0,  0,  0,  0,  0,  0,  0,  0,  0,  0,  0,  0,  0,  0,  0,  0,  0,  0,  0,  0,  0
URRA1 , AGCU,  0,  0,  0,  0,  0,  0,  0,  0,  0,  0,  0,  0,  0,  0,  0,  0,  0,  0,  0,  0,  0,  0,  0,  0
URRA2 , AGCU,  0,  0,  0,  0,  0,  0,  0,  0,  0,  0,  0,  0,  0,  0,  0,  0,  0,  0,  0,  0,  0,  0,  0,  0
URRA3 , AGCU,  0,  0,  0,  0,  0,  0,  0,  0,  0,  0,  0,  0,  0,  0,  0,  0,  0,  0,  0,  0,  0,  0,  0,  0
URRA4 , AGCU,  0,  0,  0,  0,  0,  0,  0,  0,  0,  0,  0,  0,  0,  0,  0,  0,  0,  0,  0,  0,  0,  0,  0,  0
URRA , MO,  57,  57,  57,  57,  57,  57,  57,  57,  57,  57,  57,  57,  57,  57,  57,  57,  57,  57,  57,  57,  57,  57,  57,  57


AGENTE: VATIA S.A.
FLORIDA21 , D,  7.50,  7.50,  7.50,  7.50,  7.50,  7.50,  7.50,  7.50,  7.50,  6.00,  6.00,  6.00,  6.00,  6.00,  6.00,  6.00,  9.50,  9.50,  9.50,  9.50,  9.50,  8.00,  8.00,  8.00
FLORIDA22 , D,  0.00,  0.00,  0.00,  0.00,  0.00,  0.00,  0.00,  0.00,  0.00,  6.00,  6.00,  6.00,  6.00,  6.00,  6.00,  6.00,  9.50,  9.50,  9.50,  9.50,  9.50,  0.00,  0.00,  0.00
LASPALMAS1 , D,  0.00,  0.00,  0.00,  0.00,  0.00,  0.00,  0.00,  0.00,  0.00,  0.00,  0.00,  0.00,  0.00,  0.00,  0.00,  0.00,  0.00,  0.00,  0.00,  0.00,  0.00,  0.00,  0.00,  0.00
LASPALMAS2 , D,  1.40,  1.40,  1.40,  1.40,  1.40,  1.40,  1.40,  1.30,  1.30,  1.30,  1.30,  1.30,  1.30,  1.30,  1.30,  1.30,  1.30,  1.30,  1.30,  1.30,  1.30,  1.30,  1.40,  1.10
OVEJAS , D,  0.82,  0.82,  0.82,  0.82,  0.82,  0.82,  0.82,  0.82,  0.82,  0.82,  0.82,  0.82,  0.82,  0.82,  0.82,  0.82,  0.82,  0.82,  0.82,  0.82,  0.82,  0.82,  0.82,  0.82
PASTALES , D,  0.46,  0.46,  0.46,  0.46,  0.46,  0.46,  0.46,  0.46,  0.46,  0.46,  0.46,  0.46,  0.46,  0.46,  0.46,  0.46,  0.46,  0.46,  0.46,  0.46,  0.46,  0.46,  0.46,  0.46
MONDOMO , D,  0.45,  0.45,  0.45,  0.45,  0.45,  0.45,  0.45,  0.45,  0.45,  0.45,  0.45,  0.45,  0.45,  0.45,  0.45,  0.45,  0.45,  0.45,  0.45,  0.45,  0.45,  0.45,  0.45,  0.45
ASNAZU , D,  0.45,  0.45,  0.45,  0.45,  0.45,  0.45,  0.45,  0.45,  0.45,  0.45,  0.45,  0.45,  0.45,  0.45,  0.45,  0.45,  0.45,  0.45,  0.45,  0.45,  0.45,  0.45,  0.45,  0.45
INZA , D,  0.52,  0.52,  0.52,  0.52,  0.52,  0.52,  0.52,  0.52,  0.52,  0.52,  0.52,  0.52,  0.52,  0.52,  0.52,  0.52,  0.52,  0.52,  0.52,  0.52,  0.52,  0.52,  0.52,  0.52
MIROLINDO , D,  2.18,  2.18,  2.18,  2.18,  2.18,  2.18,  2.18,  2.18,  2.18,  2.18,  2.18,  2.18,  2.18,  2.18,  2.18,  2.18,  2.18,  2.18,  2.18,  2.18,  2.18,  2.18,  2.18,  2.18
SAJANDI , D,  2.50,  2.50,  2.50,  2.50,  2.50,  2.50,  2.50,  2.50,  2.50,  2.50,  2.50,  2.50,  2.50,  2.50,  2.50,  2.50,  2.50,  2.50,  2.50,  2.50,  2.50,  2.50,  2.50,  2.50
SILVIA , D,  0.35,  0.35,  0.35,  0.35,  0.35,  0.35,  0.35,  0.35,  0.35,  0.35,  0.35,  0.35,  0.35,  0.35,  0.35,  0.35,  0.35,  0.35,  0.35,  0.35,  0.35,  0.35,  0.35,  0.35
RIORECIO , D,  0.29,  0.29,  0.29,  0.29,  0.29,  0.29,  0.29,  0.29,  0.29,  0.29,  0.29,  0.29,  0.29,  0.29,  0.29,  0.29,  0.29,  0.29,  0.29,  0.29,  0.29,  0.29,  0.29,  0.29
VENTANAA , D,  1.53,  1.53,  1.53,  1.53,  1.53,  1.53,  1.53,  1.53,  1.53,  1.53,  1.53,  1.53,  1.53,  1.53,  1.53,  1.53,  1.53,  1.53,  1.53,  1.53,  1.53,  1.53,  1.53,  1.53
VENTANAB , D,  1.59,  1.59,  1.59,  1.59,  1.59,  1.59,  1.59,  1.59,  1.59,  1.59,  1.59,  1.59,  1.59,  1.59,  1.59,  1.59,  1.59,  1.59,  1.59,  1.59,  1.59,  1.59,  1.59,  1.59
RIOPALO , D,  1.10,  1.10,  1.10,  1.10,  1.10,  1.10,  1.10,  1.10,  1.10,  1.10,  1.10,  1.10,  1.10,  1.10,  1.10,  1.10,  1.10,  1.10,  1.10,  1.10,  1.10,  1.10,  1.10,  1.10
SANTIAGO , D,  1.12,  1.12,  1.12,  1.12,  1.12,  1.12,  1.12,  1.12,  1.12,  1.12,  1.12,  1.12,  1.12,  1.12,  1.12,  1.12,  1.12,  1.12,  1.12,  1.12,  1.12,  1.12,  1.12,  1.12


AGENTE: ZF CELSIA
FLORES1 , P,  471728
FLORES1 , PAP1, 65462964
FLORES1 , PAP2, 65462964
FLORES1 , PAP3, 65462964
FLORES1 , PAP4, 81659718
FLORES1 , PAP5, 81659718
FLORES1 , PAP6, 81659718
FLORES1 , PAPUSD1, 20144
FLORES1 , PAPUSD2, 20144
FLORES1 , PAPUSD3, 20144
FLORES1 , PAPUSD4, 25128
FLORES1 , PAPUSD5, 25128
FLORES1 , PAPUSD6, 25128
FLORES1 , D,  160,  160,  160,  160,  160,  160,  160,  160,  160,  160,  160,  160,  160,  160,  160,  160,  160,  160,  160,  160,  160,  160,  160,  160
FLORES1 , CONF,  1
FLORES1 , C,  GAS
FLORES4B , P,  415950
FLORES4B , PAP1, 132287573
FLORES4B , PAP2, 132287573
FLORES4B , PAP3, 132287573
FLORES4B , PAP4, 145887777
FLORES4B , PAP5, 145887777
FLORES4B , PAP6, 145887777
FLORES4B , PAP7, 70945292
FLORES4B , PAP8, 57345088
FLORES4B , PAP9, 74942485
FLORES4B , PAP10, 74942485
FLORES4B , PAP11, 74942485
FLORES4B , PAP12, 74942485
FLORES4B , PAP13, 90726520
FLORES4B , PAP14, 162048784
FLORES4B , PAPUSD1, 40707
FLORES4B , PAPUSD2, 40707
FLORES4B , PAPUSD3, 40707
FLORES4B , PAPUSD4, 44892
FLORES4B , PAPUSD5, 44892
FLORES4B , PAPUSD6, 44892
FLORES4B , PAPUSD7, 21831
FLORES4B , PAPUSD8, 17646
FLORES4B , PAPUSD9, 23061
FLORES4B , PAPUSD10, 23061
FLORES4B , PAPUSD11, 23061
FLORES4B , PAPUSD12, 23061
FLORES4B , PAPUSD13, 27918
FLORES4B , PAPUSD14, 49865
FLORES4B , D,  450,  450,  450,  450,  450,  450,  450,  450,  450,  450,  450,  450,  450,  450,  450,  450,  450,  450,  450,  450,  450,  450,  450,  450
FLORES4B , CONF,  1
FLORES4B , C,  GAS


