Ofertas Iniciales para: 2020-11-01


AGENTE: AES CHIVOR
CHIVOR , P,  150000
CHIVOR1 , D,  0,  0,  0,  0,  0,  0,  0,  0,  0,  0,  0,  0,  0,  0,  0,  0,  0,  0,  0,  0,  0,  0,  0,  0
CHIVOR2 , D,  0,  0,  0,  0,  0,  0,  0,  0,  0,  0,  0,  0,  0,  0,  0,  0,  0,  0,  0,  0,  0,  0,  0,  0
CHIVOR3 , D,  0,  0,  0,  0,  0,  0,  0,  0,  0,  0,  0,  0,  0,  0,  0,  0,  0,  0,  0,  0,  0,  0,  0,  0
CHIVOR4 , D,  0,  0,  0,  0,  0,  0,  0,  0,  0,  0,  0,  0,  0,  0,  0,  0,  0,  0,  0,  0,  0,  0,  0,  0
CHIVOR5 , D,  125,  125,  125,  125,  125,  125,  125,  125,  125,  125,  125,  125,  125,  125,  125,  125,  125,  125,  125,  125,  125,  125,  125,  125
CHIVOR6 , D,  125,  125,  125,  125,  125,  125,  125,  125,  125,  125,  125,  125,  125,  125,  125,  125,  125,  125,  125,  125,  125,  125,  125,  125
CHIVOR7 , D,  125,  125,  125,  125,  125,  125,  125,  125,  125,  125,  125,  125,  125,  125,  125,  125,  125,  125,  125,  125,  125,  125,  125,  125
CHIVOR8 , D,  125,  125,  125,  125,  125,  125,  125,  125,  125,  125,  125,  125,  125,  125,  125,  125,  125,  125,  125,  125,  125,  125,  125,  125
CHIVOR , AGCP,  420,  420,  420,  420,  420,  420,  420,  420,  420,  420,  420,  420,  420,  420,  420,  420,  420,  420,  0,  0,  0,  420,  420,  420
CHIVOR1 , AGCU,  0,  0,  0,  0,  0,  0,  0,  0,  0,  0,  0,  0,  0,  0,  0,  0,  0,  0,  0,  0,  0,  0,  0,  0
CHIVOR2 , AGCU,  0,  0,  0,  0,  0,  0,  0,  0,  0,  0,  0,  0,  0,  0,  0,  0,  0,  0,  0,  0,  0,  0,  0,  0
CHIVOR3 , AGCU,  0,  0,  0,  0,  0,  0,  0,  0,  0,  0,  0,  0,  0,  0,  0,  0,  0,  0,  0,  0,  0,  0,  0,  0
CHIVOR4 , AGCU,  0,  0,  0,  0,  0,  0,  0,  0,  0,  0,  0,  0,  0,  0,  0,  0,  0,  0,  0,  0,  0,  0,  0,  0
CHIVOR5 , AGCU,  105,  105,  105,  105,  105,  105,  105,  105,  105,  105,  105,  105,  105,  105,  105,  105,  105,  105,  0,  0,  0,  105,  105,  105
CHIVOR6 , AGCU,  105,  105,  105,  105,  105,  105,  105,  105,  105,  105,  105,  105,  105,  105,  105,  105,  105,  105,  0,  0,  0,  105,  105,  105
CHIVOR7 , AGCU,  105,  105,  105,  105,  105,  105,  105,  105,  105,  105,  105,  105,  105,  105,  105,  105,  105,  105,  0,  0,  0,  105,  105,  105
CHIVOR8 , AGCU,  105,  105,  105,  105,  105,  105,  105,  105,  105,  105,  105,  105,  105,  105,  105,  105,  105,  105,  0,  0,  0,  105,  105,  105
TUNJITA , D,  14.00,  14.00,  14.00,  14.00,  14.00,  14.00,  14.00,  14.00,  14.00,  14.00,  14.00,  14.00,  14.00,  14.00,  14.00,  14.00,  19.60,  19.60,  19.60,  19.60,  19.60,  19.60,  19.60,  19.60


AGENTE: AURES BAJO
AURESBAJO1 , D,  8.00,  8.00,  8.00,  8.00,  8.00,  8.00,  8.00,  8.00,  5.00,  6.00,  6.00,  6.00,  6.00,  6.00,  6.00,  6.00,  6.00,  6.00,  6.00,  6.00,  6.00,  6.00,  6.00,  6.00
AURESBAJO2 , D,  8.50,  8.50,  8.50,  8.50,  8.50,  8.50,  8.50,  8.50,  8.50,  8.50,  8.50,  8.50,  8.50,  8.50,  8.50,  8.50,  8.50,  8.50,  8.50,  8.50,  8.50,  8.50,  8.50,  8.50


AGENTE: AXIA ENERGIA
AUTOGUNIBOL , D,  1.00,  1.00,  1.00,  1.00,  1.00,  1.00,  1.00,  1.00,  1.00,  1.00,  1.00,  1.00,  1.00,  1.00,  1.00,  1.00,  1.00,  1.00,  1.00,  1.00,  1.00,  1.00,  1.00,  1.00
AUTOGFAMILIA , D,  1.00,  1.00,  1.00,  1.00,  1.00,  1.00,  1.00,  1.00,  1.00,  1.00,  1.00,  1.00,  1.00,  1.00,  1.00,  1.00,  1.00,  1.00,  1.00,  1.00,  1.00,  1.00,  1.00,  1.00


AGENTE: BIOGAS DOÑA JUANA
DOÑAJUANA , D,  0.25,  0.25,  0.25,  0.25,  0.25,  0.25,  0.25,  0.25,  0.25,  0.25,  0.25,  0.25,  0.25,  0.25,  0.25,  0.25,  0.25,  0.25,  0.25,  0.25,  0.25,  0.25,  0.25,  0.25


AGENTE: CANTAYÚS
CANTAYUS1 , D,  2.00,  2.00,  2.00,  2.00,  2.00,  2.00,  2.00,  2.00,  2.00,  2.00,  2.00,  2.00,  2.00,  2.00,  2.00,  2.00,  2.00,  2.00,  2.00,  2.00,  2.00,  2.00,  2.00,  2.00
CANTAYUS2 , D,  2.00,  2.00,  2.00,  2.00,  2.00,  2.00,  2.00,  2.00,  2.00,  2.00,  2.00,  2.00,  2.00,  2.00,  2.00,  2.00,  2.00,  2.00,  2.00,  2.00,  2.00,  2.00,  2.00,  2.00


AGENTE: CASCADA
SANMIGUEL , P,  70000
SANMIGUEL1 , D,  22,  22,  22,  22,  22,  22,  22,  22,  22,  22,  22,  22,  22,  22,  22,  22,  22,  22,  22,  22,  22,  22,  22,  22
SANMIGUEL2 , D,  22,  22,  22,  22,  22,  22,  22,  22,  22,  22,  22,  22,  22,  22,  22,  22,  22,  22,  22,  22,  22,  22,  22,  22
ELPOPAL1 , D,  9.21,  9.21,  9.21,  9.21,  9.21,  9.21,  9.21,  9.21,  9.21,  9.21,  9.21,  9.21,  9.21,  9.21,  9.21,  9.21,  9.21,  9.21,  9.21,  9.21,  9.21,  9.21,  9.21,  9.21
ELPOPAL2 , D,  9.21,  9.21,  9.21,  9.21,  9.21,  9.21,  9.21,  9.21,  9.21,  9.21,  9.21,  9.21,  9.21,  9.21,  9.21,  9.21,  9.21,  9.21,  9.21,  9.21,  9.21,  9.21,  9.21,  9.21
ELMOLINO1 , D,  7.46,  7.46,  7.46,  7.46,  7.46,  7.46,  7.46,  7.46,  7.46,  7.46,  7.46,  7.46,  7.46,  7.46,  7.46,  7.46,  7.46,  7.46,  7.46,  7.46,  7.46,  7.46,  7.46,  7.46
ELMOLINO2 , D,  7.46,  7.46,  7.46,  7.46,  7.46,  7.46,  7.46,  7.46,  7.46,  7.46,  7.46,  7.46,  7.46,  7.46,  7.46,  7.46,  7.46,  7.46,  7.46,  7.46,  7.46,  7.46,  7.46,  7.46
SANMATIAS1 , D,  7.61,  7.61,  7.61,  7.61,  7.61,  7.61,  7.61,  7.61,  7.61,  7.61,  7.61,  7.61,  7.61,  7.61,  7.61,  7.61,  7.61,  7.61,  7.61,  7.61,  7.61,  7.61,  7.61,  7.61
SANMATIAS2 , D,  7.61,  7.61,  7.61,  7.61,  7.61,  7.61,  7.61,  7.61,  7.61,  7.61,  7.61,  7.61,  7.61,  7.61,  7.61,  7.61,  7.61,  7.61,  7.61,  7.61,  7.61,  7.61,  7.61,  7.61
BARROSO , D,  19.11,  19.11,  19.11,  19.11,  19.11,  19.11,  19.11,  19.11,  19.11,  19.11,  19.11,  19.11,  19.11,  19.11,  19.11,  19.11,  19.11,  19.11,  19.11,  19.11,  19.11,  19.11,  19.11,  19.11
LACASCADA(ANTIOQUIA) , D,  2.19,  2.19,  2.19,  2.19,  2.19,  2.19,  2.19,  2.19,  2.19,  2.19,  2.19,  2.19,  2.19,  2.19,  2.19,  2.19,  2.19,  2.19,  2.19,  2.19,  2.19,  2.19,  2.19,  2.19
CARUQUIA , D,  5.87,  5.87,  5.87,  5.87,  5.87,  5.87,  5.87,  5.87,  5.87,  5.87,  5.87,  5.87,  5.87,  5.87,  5.87,  5.87,  5.87,  5.87,  5.87,  5.87,  5.87,  5.87,  5.87,  5.87
GUANAQUITAS , D,  7.31,  7.31,  7.31,  7.31,  7.31,  7.31,  7.31,  7.31,  7.31,  7.31,  7.31,  7.31,  7.31,  7.31,  7.31,  7.31,  7.31,  7.31,  7.31,  7.31,  7.31,  7.31,  7.31,  7.31


AGENTE: CCG ENERGY SAS ESP
PATICO-LACABRERA , D,  1.30,  1.30,  1.30,  1.30,  1.30,  1.30,  1.30,  1.30,  1.30,  1.30,  1.30,  1.30,  1.30,  1.30,  1.30,  1.30,  1.30,  1.30,  1.30,  1.30,  1.30,  1.30,  1.30,  1.30


AGENTE: CEDENAR
RIOMAYO1 , D,  6.40,  6.40,  6.40,  6.40,  6.40,  6.40,  6.40,  6.40,  6.40,  6.40,  6.40,  6.40,  0.00,  0.00,  0.00,  0.00,  0.00,  6.40,  6.40,  6.40,  6.40,  6.40,  6.40,  6.40
RIOMAYO2 , D,  6.60,  6.60,  6.60,  6.60,  6.60,  6.60,  6.60,  6.60,  6.60,  6.60,  6.60,  6.60,  0.00,  0.00,  0.00,  0.00,  0.00,  6.60,  6.60,  6.60,  6.60,  6.60,  6.60,  6.60
RIOMAYO3 , D,  6.70,  6.70,  6.70,  6.70,  6.70,  6.70,  6.70,  6.70,  6.70,  6.70,  6.70,  6.70,  0.00,  0.00,  0.00,  0.00,  0.00,  6.70,  6.70,  6.70,  6.70,  6.70,  6.70,  6.70
RIOSAPUYES , D,  1.15,  1.15,  1.15,  1.15,  1.15,  1.15,  1.15,  1.15,  1.15,  1.15,  1.15,  1.15,  1.15,  1.15,  1.15,  1.15,  1.15,  1.15,  1.15,  1.15,  1.15,  1.15,  1.15,  1.15
JULIOBRAVO , D,  0.00,  0.00,  0.00,  0.00,  0.00,  0.00,  0.00,  0.00,  0.00,  0.00,  0.00,  0.00,  0.00,  0.00,  0.00,  0.00,  0.00,  0.00,  0.00,  0.00,  0.00,  0.00,  0.00,  0.00
RIOBOBO , D,  1.03,  1.03,  1.03,  1.03,  1.03,  1.03,  1.03,  1.03,  1.03,  1.03,  1.03,  1.03,  1.03,  1.03,  1.03,  1.03,  1.03,  1.03,  1.03,  1.03,  1.03,  1.03,  1.03,  1.03


AGENTE: CELSIA COLOMBIA
CALIMA , P,  290000
CALIMA1 , D,  33,  33,  33,  33,  33,  33,  33,  33,  33,  33,  33,  33,  33,  33,  33,  33,  33,  33,  33,  33,  33,  33,  33,  33
CALIMA2 , D,  33,  33,  33,  33,  33,  33,  33,  33,  33,  33,  33,  33,  33,  33,  33,  33,  33,  33,  33,  33,  33,  33,  33,  33
CALIMA3 , D,  33,  33,  33,  33,  33,  33,  33,  33,  33,  33,  33,  33,  33,  33,  33,  33,  33,  33,  33,  33,  33,  33,  33,  33
CALIMA4 , D,  33,  33,  33,  33,  33,  33,  33,  33,  33,  33,  33,  33,  33,  33,  33,  33,  33,  33,  33,  33,  33,  33,  33,  33
CALIMA , AGCP,  68,  68,  68,  68,  68,  68,  68,  68,  68,  68,  68,  68,  68,  68,  68,  68,  68,  68,  68,  68,  68,  68,  68,  68
CALIMA1 , AGCU,  17,  17,  17,  17,  17,  17,  17,  17,  17,  17,  17,  17,  17,  17,  17,  17,  17,  17,  17,  17,  17,  17,  17,  17
CALIMA2 , AGCU,  17,  17,  17,  17,  17,  17,  17,  17,  17,  17,  17,  17,  17,  17,  17,  17,  17,  17,  17,  17,  17,  17,  17,  17
CALIMA3 , AGCU,  17,  17,  17,  17,  17,  17,  17,  17,  17,  17,  17,  17,  17,  17,  17,  17,  17,  17,  17,  17,  17,  17,  17,  17
CALIMA4 , AGCU,  17,  17,  17,  17,  17,  17,  17,  17,  17,  17,  17,  17,  17,  17,  17,  17,  17,  17,  17,  17,  17,  17,  17,  17
PRADO , P,  331000
PRADO1 , D,  12,  12,  12,  12,  12,  12,  12,  12,  12,  12,  12,  12,  12,  12,  12,  12,  12,  12,  12,  12,  12,  12,  12,  12
PRADO2 , D,  12,  12,  12,  12,  12,  12,  12,  12,  12,  12,  12,  12,  12,  12,  12,  12,  12,  12,  12,  12,  12,  12,  12,  12
PRADO3 , D,  12,  12,  12,  12,  12,  12,  12,  12,  12,  12,  12,  12,  12,  12,  12,  12,  12,  12,  12,  12,  12,  12,  12,  12
SALVAJINA , P,  565000
SALVAJINA1 , D,  0,  0,  0,  0,  0,  0,  0,  0,  0,  0,  0,  0,  0,  0,  0,  0,  0,  0,  0,  0,  0,  0,  0,  0
SALVAJINA2 , D,  0,  0,  0,  0,  0,  0,  0,  0,  0,  0,  0,  0,  0,  0,  0,  0,  0,  0,  0,  0,  0,  0,  0,  0
SALVAJINA3 , D,  55,  55,  55,  55,  55,  55,  55,  55,  55,  55,  55,  55,  55,  55,  55,  55,  55,  55,  55,  55,  55,  55,  55,  55
SALVAJINA , AGCP,  0,  0,  0,  0,  0,  0,  0,  0,  0,  0,  0,  0,  0,  0,  0,  0,  0,  0,  0,  0,  0,  0,  0,  0
SALVAJINA2 , AGCU,  0,  0,  0,  0,  0,  0,  0,  0,  0,  0,  0,  0,  0,  0,  0,  0,  0,  0,  0,  0,  0,  0,  0,  0
SALVAJINA3 , AGCU,  0,  0,  0,  0,  0,  0,  0,  0,  0,  0,  0,  0,  0,  0,  0,  0,  0,  0,  0,  0,  0,  0,  0,  0
SALVAJINA , MO,  0,  30,  0,  0,  45,  45,  45,  45,  45,  45,  45,  45,  45,  45,  30,  30,  45,  45,  45,  45,  45,  30,  30,  0
ALBAN , P,  74230
ALTOANCHICAYA1 , D,  115,  115,  115,  115,  115,  115,  115,  115,  115,  115,  115,  115,  115,  115,  115,  115,  115,  115,  115,  115,  115,  115,  115,  115
ALTOANCHICAYA2 , D,  120,  120,  120,  120,  120,  120,  120,  120,  120,  120,  120,  120,  120,  120,  120,  120,  120,  120,  120,  120,  120,  120,  120,  120
ALTOANCHICAYA3 , D,  120,  120,  120,  120,  120,  120,  120,  120,  120,  120,  120,  120,  120,  120,  120,  120,  120,  120,  120,  120,  120,  120,  120,  120
BAJOANCHICAYA1 , D,  0,  0,  0,  0,  0,  13,  13,  13,  13,  13,  13,  13,  13,  13,  13,  13,  13,  13,  13,  13,  13,  13,  13,  13
BAJOANCHICAYA2 , D,  0,  0,  0,  0,  0,  13,  13,  13,  13,  13,  13,  13,  13,  13,  13,  13,  13,  13,  13,  13,  13,  13,  13,  13
BAJOANCHICAYA3 , D,  0,  0,  0,  0,  0,  24,  24,  24,  24,  24,  24,  24,  24,  24,  24,  24,  24,  24,  24,  24,  24,  24,  24,  24
BAJOANCHICAYA4 , D,  10,  10,  10,  10,  10,  24,  24,  24,  24,  24,  24,  24,  24,  24,  24,  24,  24,  24,  24,  24,  24,  24,  24,  24
ALBAN , AGCP,  0,  0,  0,  0,  0,  0,  0,  0,  0,  0,  0,  0,  0,  0,  0,  0,  0,  0,  0,  0,  0,  0,  0,  0
ALTOANCHICAYA1 , AGCU,  0,  0,  0,  0,  0,  0,  0,  0,  0,  0,  0,  0,  0,  0,  0,  0,  0,  0,  0,  0,  0,  0,  0,  0
ALTOANCHICAYA2 , AGCU,  0,  0,  0,  0,  0,  0,  0,  0,  0,  0,  0,  0,  0,  0,  0,  0,  0,  0,  0,  0,  0,  0,  0,  0
ALTOANCHICAYA3 , AGCU,  0,  0,  0,  0,  0,  0,  0,  0,  0,  0,  0,  0,  0,  0,  0,  0,  0,  0,  0,  0,  0,  0,  0,  0
BAJOANCHICAYA1 , AGCU,  0,  0,  0,  0,  0,  0,  0,  0,  0,  0,  0,  0,  0,  0,  0,  0,  0,  0,  0,  0,  0,  0,  0,  0
BAJOANCHICAYA3 , AGCU,  0,  0,  0,  0,  0,  0,  0,  0,  0,  0,  0,  0,  0,  0,  0,  0,  0,  0,  0,  0,  0,  0,  0,  0
ALBAN , MO,  10,  10,  10,  10,  10,  10,  10,  10,  10,  10,  10,  10,  10,  10,  10,  10,  10,  10,  10,  10,  10,  10,  10,  10
CUCUANA , P,  74230
CUCUANA1 , D,  28,  28,  28,  28,  28,  28,  28,  28,  28,  28,  28,  28,  28,  28,  28,  28,  28,  28,  28,  28,  28,  28,  28,  28
CUCUANA2 , D,  28,  28,  28,  28,  28,  28,  28,  28,  28,  28,  28,  28,  28,  28,  28,  28,  28,  28,  28,  28,  28,  28,  28,  28
MERILECTRICA1 , P,  455459
MERILECTRICA1 , PAP1, 64733696
MERILECTRICA1 , PAPUSD1, 16816
MERILECTRICA1 , D,  167,  167,  167,  167,  167,  167,  167,  167,  167,  167,  167,  167,  167,  167,  167,  167,  167,  167,  167,  167,  167,  167,  167,  167
MERILECTRICA1 , CONF,  1
MERILECTRICA1 , C,  GAS
CELSIASOLARESPINAL1 , D,  0.00,  0.00,  0.00,  0.00,  0.00,  0.00,  0.00,  1.00,  2.00,  5.00,  6.00,  7.00,  7.00,  6.00,  4.00,  2.00,  0.00,  0.00,  0.00,  0.00,  0.00,  0.00,  0.00,  0.00
CELSIASOLARESPINAL1 , INVD,  4.00,  4.00,  4.00,  4.00,  4.00,  4.00,  4.00,  4.00,  4.00,  4.00,  4.00,  4.00,  4.00,  4.00,  4.00,  4.00,  4.00,  4.00,  4.00,  4.00,  4.00,  4.00,  4.00,  4.00
PRADO4 , D,  4.00,  4.00,  4.00,  4.00,  4.00,  4.00,  4.00,  4.00,  4.00,  4.00,  4.00,  4.00,  4.00,  4.00,  4.00,  4.00,  4.00,  4.00,  4.00,  4.00,  4.00,  4.00,  4.00,  4.00
RIOCALI1 , D,  0.00,  0.00,  0.00,  0.00,  0.00,  0.00,  0.00,  0.00,  0.00,  0.00,  0.00,  0.00,  0.00,  0.00,  0.00,  0.00,  0.00,  0.00,  0.00,  0.00,  0.00,  0.00,  0.00,  0.00
RIOCALI2 , D,  0.00,  0.00,  0.00,  0.00,  0.00,  0.00,  0.00,  0.00,  0.00,  0.00,  0.00,  0.00,  0.00,  0.00,  0.00,  0.00,  0.00,  0.00,  0.00,  0.00,  0.00,  0.00,  0.00,  0.00
BAJOTULUA1 , D,  1.00,  1.00,  1.00,  1.00,  1.00,  1.00,  1.00,  1.00,  1.00,  1.00,  1.00,  1.00,  1.00,  1.00,  1.00,  0.00,  0.00,  0.00,  0.00,  0.00,  0.00,  0.00,  1.00,  1.00
BAJOTULUA2 , D,  1.00,  1.00,  1.00,  1.00,  1.00,  1.00,  1.00,  1.00,  1.00,  1.00,  1.00,  1.00,  1.00,  1.00,  1.00,  0.00,  0.00,  0.00,  0.00,  0.00,  0.00,  0.00,  1.00,  1.00
ALTOTULUA1 , D,  0.00,  0.00,  0.00,  0.00,  0.00,  0.00,  0.00,  0.00,  0.00,  0.00,  0.00,  0.00,  0.00,  0.00,  0.00,  0.00,  0.00,  0.00,  0.00,  0.00,  0.00,  0.00,  0.00,  0.00
ALTOTULUA2 , D,  0.00,  0.00,  0.00,  0.00,  0.00,  0.00,  0.00,  0.00,  0.00,  0.00,  0.00,  0.00,  0.00,  0.00,  0.00,  0.00,  0.00,  0.00,  0.00,  0.00,  0.00,  0.00,  0.00,  0.00
HIDROMONTAÑITAS1 , D,  9.00,  9.00,  9.00,  9.00,  9.00,  9.00,  9.00,  9.00,  9.00,  9.00,  8.00,  8.00,  8.00,  9.00,  8.00,  9.00,  8.00,  8.00,  8.00,  8.00,  8.00,  9.00,  8.00,  8.00
HIDROMONTAÑITAS2 , D,  9.00,  9.00,  9.00,  9.00,  9.00,  9.00,  9.00,  9.00,  9.00,  9.00,  8.00,  8.00,  8.00,  9.00,  8.00,  9.00,  8.00,  8.00,  8.00,  8.00,  8.00,  9.00,  8.00,  8.00
RIOPIEDRAS1 , D,  9.00,  9.00,  9.00,  6.00,  8.00,  9.00,  9.00,  9.00,  9.00,  9.00,  9.00,  9.00,  9.00,  9.00,  9.00,  9.00,  9.00,  9.00,  9.00,  9.00,  9.00,  9.00,  9.00,  9.00
RIOPIEDRAS2 , D,  9.00,  9.00,  9.00,  6.00,  8.00,  9.00,  9.00,  9.00,  9.00,  9.00,  9.00,  9.00,  9.00,  9.00,  9.00,  9.00,  9.00,  9.00,  9.00,  9.00,  9.00,  9.00,  9.00,  9.00
SANANDRESDECUERQUIA1 , D,  3.00,  9.00,  9.00,  9.00,  9.00,  9.00,  9.00,  7.00,  9.00,  9.00,  9.00,  8.00,  8.00,  8.00,  8.00,  8.00,  8.00,  8.00,  8.00,  8.00,  7.00,  7.00,  7.00,  8.00
SANANDRESDECUERQUIA2 , D,  3.00,  9.00,  9.00,  9.00,  9.00,  9.00,  9.00,  7.00,  9.00,  9.00,  9.00,  8.00,  8.00,  8.00,  8.00,  8.00,  8.00,  8.00,  8.00,  8.00,  7.00,  7.00,  7.00,  8.00
ELCOCUYO , D,  0.00,  0.00,  0.00,  0.00,  0.00,  0.00,  0.00,  0.00,  0.00,  0.00,  0.00,  0.00,  0.00,  0.00,  0.00,  0.00,  0.00,  0.00,  0.00,  0.00,  0.00,  0.00,  0.00,  0.00
MAYAGUEZ1 , D,  15.00,  16.00,  14.00,  13.00,  13.00,  13.00,  13.00,  17.00,  19.00,  19.00,  19.00,  18.00,  16.00,  14.00,  9.00,  12.00,  14.00,  14.00,  14.00,  14.00,  13.00,  13.00,  13.00,  14.00
COGENERADORMANUELITA2 , D,  6.00,  6.00,  6.00,  6.00,  6.00,  6.00,  7.00,  6.00,  6.00,  4.00,  2.00,  5.00,  6.00,  6.00,  5.00,  5.00,  5.00,  6.00,  6.00,  6.00,  6.00,  5.00,  6.00,  6.00
AUTOGARGOSCARTAGENA , D,  0.00,  0.00,  0.00,  0.00,  0.00,  0.00,  0.00,  0.00,  1.00,  0.00,  0.00,  0.00,  0.00,  0.00,  0.00,  0.00,  0.00,  0.00,  0.00,  0.00,  0.00,  0.00,  0.00,  0.00
AUTOGARGOSYUMBO , D,  0.00,  0.00,  0.00,  0.00,  0.00,  0.00,  0.00,  0.00,  0.00,  0.00,  0.00,  0.00,  0.00,  0.00,  0.00,  0.00,  0.00,  0.00,  0.00,  0.00,  0.00,  0.00,  0.00,  0.00
TEQUENDAMABIOGAS , D,  0.00,  0.00,  0.00,  0.00,  0.00,  0.00,  0.00,  0.00,  0.00,  0.00,  0.00,  0.00,  0.00,  0.00,  0.00,  0.00,  0.00,  0.00,  0.00,  0.00,  0.00,  0.00,  0.00,  0.00
AUTOGCELSIASOLARYUMBO , D,  0.00,  0.00,  0.00,  0.00,  0.00,  0.00,  0.00,  0.00,  1.00,  1.00,  0.00,  1.00,  3.00,  0.00,  1.00,  0.00,  0.00,  0.00,  0.00,  0.00,  0.00,  0.00,  0.00,  0.00
AUTOGCELSIASOLARYUMBO , INVD,  9.00,  9.00,  9.00,  9.00,  9.00,  9.00,  9.00,  9.00,  9.00,  9.00,  9.00,  9.00,  9.00,  9.00,  9.00,  9.00,  9.00,  9.00,  9.00,  9.00,  9.00,  9.00,  9.00,  9.00
CELSIASOLARBOLIVAR , D,  0.00,  0.00,  0.00,  0.00,  0.00,  0.00,  0.00,  2.00,  5.00,  6.00,  6.00,  6.00,  5.00,  3.00,  5.00,  3.00,  1.00,  0.00,  0.00,  0.00,  0.00,  0.00,  0.00,  0.00
CELSIASOLARBOLIVAR , INVD,  5.00,  5.00,  5.00,  5.00,  5.00,  5.00,  5.00,  5.00,  5.00,  5.00,  5.00,  5.00,  5.00,  5.00,  5.00,  5.00,  5.00,  5.00,  5.00,  5.00,  5.00,  5.00,  5.00,  5.00
NIMA , D,  1.00,  1.00,  1.00,  1.00,  1.00,  1.00,  1.00,  1.00,  1.00,  1.00,  1.00,  1.00,  1.00,  1.00,  1.00,  1.00,  1.00,  1.00,  1.00,  1.00,  1.00,  1.00,  1.00,  1.00
AMAIME , D,  1.00,  1.00,  1.00,  1.00,  1.00,  1.00,  1.00,  1.00,  1.00,  1.00,  1.00,  1.00,  1.00,  0.00,  1.00,  1.00,  1.00,  1.00,  1.00,  1.00,  1.00,  1.00,  1.00,  1.00


AGENTE: CEMEX ENERGY
BIOENERGY , D,  17.00,  17.00,  17.00,  17.00,  17.00,  17.00,  17.00,  17.00,  17.00,  17.00,  17.00,  17.00,  17.00,  17.00,  17.00,  17.00,  17.00,  17.00,  17.00,  17.00,  17.00,  17.00,  17.00,  17.00
AUTOGREFICAR , D,  7.50,  7.50,  7.50,  7.50,  7.50,  7.50,  7.50,  7.50,  7.50,  7.50,  7.50,  7.50,  7.50,  7.50,  7.50,  7.50,  7.50,  7.50,  7.50,  7.50,  7.50,  7.50,  7.50,  7.50
AUTOGFERTICOL , D,  16.00,  16.00,  16.00,  16.00,  16.00,  16.00,  16.00,  16.00,  16.00,  16.00,  16.00,  16.00,  16.00,  16.00,  16.00,  16.00,  16.00,  16.00,  16.00,  16.00,  16.00,  16.00,  16.00,  16.00
SUEVA2 , D,  2.40,  2.40,  2.40,  2.40,  2.40,  2.40,  2.40,  2.40,  2.40,  2.40,  2.40,  2.40,  2.40,  2.40,  2.40,  2.40,  2.40,  2.40,  2.40,  2.40,  2.40,  2.40,  2.40,  2.40


AGENTE: CES
PAIPA4 , P,  122087
PAIPA4 , PAP1, 20448703
PAIPA4 , PAPUSD1, 5312
PAIPA4 , D,  160,  160,  160,  160,  160,  160,  160,  160,  160,  160,  160,  160,  160,  160,  160,  160,  160,  160,  160,  160,  160,  160,  160,  160
PAIPA4 , CONF,  1
PAIPA4 , C,  CARBON


AGENTE: CETSA(TULUA)
RIOFRIOII1 , D,  2.00,  2.00,  2.00,  2.00,  2.00,  2.00,  2.00,  2.00,  2.00,  2.00,  2.00,  2.00,  2.00,  2.00,  2.00,  2.00,  2.00,  2.00,  2.00,  2.00,  2.00,  2.00,  1.00,  1.00
RIOFRIOII2 , D,  2.00,  2.00,  2.00,  2.00,  2.00,  2.00,  2.00,  2.00,  2.00,  2.00,  2.00,  2.00,  2.00,  2.00,  2.00,  2.00,  2.00,  2.00,  2.00,  2.00,  2.00,  2.00,  1.00,  1.00
RIOFRIOI , D,  1.00,  1.00,  1.00,  1.00,  1.00,  1.00,  1.00,  1.00,  1.00,  1.00,  1.00,  1.00,  1.00,  1.00,  1.00,  1.00,  1.00,  1.00,  1.00,  1.00,  1.00,  1.00,  1.00,  1.00
RUMOR , D,  1.00,  1.00,  1.00,  1.00,  1.00,  1.00,  1.00,  1.00,  1.00,  1.00,  1.00,  1.00,  1.00,  1.00,  1.00,  1.00,  1.00,  1.00,  1.00,  1.00,  1.00,  1.00,  1.00,  1.00


AGENTE: CH EL EDEN
ELEDÉN , D,  5.00,  5.00,  5.00,  5.00,  5.00,  5.00,  5.00,  5.00,  5.00,  5.00,  5.00,  5.00,  5.00,  5.00,  5.00,  5.00,  5.00,  5.00,  5.00,  5.00,  5.00,  5.00,  5.00,  5.00


AGENTE: CHC S.A.S. E.S.P.
MAGALLO , D,  4.00,  4.00,  4.00,  4.00,  4.00,  4.00,  4.00,  4.00,  4.00,  4.00,  4.00,  4.00,  4.00,  4.00,  4.00,  4.00,  4.00,  4.00,  4.00,  4.00,  4.00,  4.00,  4.00,  4.00


AGENTE: DICELER 
INGENIOSANCARLOS1 , D,  0.00,  0.00,  0.00,  0.00,  0.00,  0.00,  0.00,  0.00,  0.00,  0.00,  0.00,  0.00,  0.00,  0.00,  0.00,  0.00,  0.00,  0.00,  0.00,  0.00,  0.00,  0.00,  0.00,  0.00


AGENTE: EEP(PEREIRA)
INGENIORISARALDA1 , D,  15.00,  15.00,  15.00,  15.00,  15.00,  15.00,  15.00,  15.00,  15.00,  15.00,  15.00,  15.00,  15.00,  15.00,  15.00,  15.00,  15.00,  15.00,  15.00,  15.00,  15.00,  15.00,  15.00,  15.00
NUEVOLIBARE , D,  3.00,  3.00,  3.00,  3.00,  3.00,  3.00,  3.00,  3.00,  3.00,  3.00,  3.00,  3.00,  3.00,  3.00,  3.00,  3.00,  3.00,  3.00,  3.00,  3.00,  3.00,  3.00,  3.00,  3.00
BELMONTE , D,  3.00,  3.00,  3.00,  3.00,  3.00,  3.00,  3.00,  3.00,  3.00,  3.00,  3.00,  3.00,  3.00,  3.00,  3.00,  3.00,  3.00,  3.00,  3.00,  3.00,  3.00,  3.00,  3.00,  3.00


AGENTE: EEPPM
ESMERALDA , P,  79150
ESMERALDA1 , D,  14,  14,  14,  14,  14,  14,  14,  14,  14,  14,  14,  14,  14,  14,  14,  14,  14,  14,  14,  14,  14,  14,  14,  14
ESMERALDA2 , D,  14,  14,  14,  14,  14,  14,  14,  14,  14,  14,  14,  14,  14,  14,  14,  14,  14,  14,  14,  14,  14,  14,  14,  14
GUATAPE , P,  74230
GUATAPE1 , D,  70,  70,  70,  70,  70,  70,  70,  70,  70,  70,  70,  70,  70,  70,  70,  70,  70,  70,  70,  70,  70,  70,  70,  70
GUATAPE2 , D,  0,  0,  0,  0,  0,  0,  0,  0,  0,  0,  0,  0,  0,  0,  0,  0,  0,  0,  0,  0,  0,  0,  0,  0
GUATAPE3 , D,  70,  70,  70,  70,  70,  70,  70,  70,  70,  70,  70,  70,  70,  70,  70,  70,  70,  70,  70,  70,  70,  70,  70,  70
GUATAPE4 , D,  70,  70,  70,  70,  70,  70,  70,  70,  70,  70,  70,  70,  70,  70,  70,  70,  70,  70,  70,  70,  70,  70,  70,  70
GUATAPE5 , D,  0,  0,  0,  0,  0,  0,  0,  0,  0,  0,  0,  0,  0,  0,  0,  0,  0,  0,  0,  0,  0,  0,  0,  0
GUATAPE6 , D,  70,  70,  70,  70,  70,  70,  70,  70,  70,  70,  70,  70,  70,  70,  70,  70,  70,  70,  70,  70,  70,  70,  70,  70
GUATAPE7 , D,  70,  70,  70,  70,  70,  70,  70,  70,  70,  70,  70,  70,  70,  70,  70,  70,  70,  70,  70,  70,  70,  70,  70,  70
GUATAPE8 , D,  0,  0,  0,  0,  0,  0,  0,  0,  0,  0,  0,  0,  0,  0,  0,  0,  0,  0,  0,  0,  0,  0,  0,  0
GUATAPE , AGCP,  350,  350,  350,  350,  350,  350,  350,  350,  350,  350,  350,  0,  0,  0,  0,  0,  0,  0,  0,  0,  0,  0,  350,  350
GUATAPE1 , AGCU,  70,  70,  70,  70,  70,  70,  70,  70,  70,  70,  70,  70,  70,  70,  70,  70,  70,  70,  70,  70,  70,  70,  70,  70
GUATAPE2 , AGCU,  0,  0,  0,  0,  0,  0,  0,  0,  0,  0,  0,  0,  0,  0,  0,  0,  0,  0,  0,  0,  0,  0,  0,  0
GUATAPE3 , AGCU,  70,  70,  70,  70,  70,  70,  70,  70,  70,  70,  70,  70,  70,  70,  70,  70,  70,  70,  70,  70,  70,  70,  70,  70
GUATAPE4 , AGCU,  70,  70,  70,  70,  70,  70,  70,  70,  70,  70,  70,  70,  70,  70,  70,  70,  70,  70,  70,  70,  70,  70,  70,  70
GUATAPE5 , AGCU,  0,  0,  0,  0,  0,  0,  0,  0,  0,  0,  0,  0,  0,  0,  0,  0,  0,  0,  0,  0,  0,  0,  0,  0
GUATAPE6 , AGCU,  70,  70,  70,  70,  70,  70,  70,  70,  70,  70,  70,  70,  70,  70,  70,  70,  70,  70,  70,  70,  70,  70,  70,  70
GUATAPE7 , AGCU,  70,  70,  70,  70,  70,  70,  70,  70,  70,  70,  70,  70,  70,  70,  70,  70,  70,  70,  70,  70,  70,  70,  70,  70
GUATAPE8 , AGCU,  0,  0,  0,  0,  0,  0,  0,  0,  0,  0,  0,  0,  0,  0,  0,  0,  0,  0,  0,  0,  0,  0,  0,  0
LATASAJERA , P,  151000
LATASAJERA1 , D,  102,  102,  102,  102,  102,  102,  102,  102,  102,  102,  102,  102,  102,  102,  102,  102,  102,  102,  102,  102,  102,  102,  102,  102
LATASAJERA2 , D,  102,  102,  102,  102,  102,  102,  102,  102,  102,  102,  102,  102,  102,  102,  102,  102,  102,  102,  102,  102,  102,  102,  102,  102
LATASAJERA3 , D,  0,  0,  0,  0,  0,  0,  0,  0,  0,  0,  0,  0,  0,  0,  0,  0,  0,  0,  0,  0,  0,  0,  0,  0
LATASAJERA , AGCP,  204,  204,  204,  204,  204,  204,  204,  204,  204,  204,  204,  204,  204,  204,  204,  204,  204,  204,  204,  204,  204,  204,  204,  204
LATASAJERA1 , AGCU,  102,  102,  102,  102,  102,  102,  102,  102,  102,  102,  102,  102,  102,  102,  102,  102,  102,  102,  102,  102,  102,  102,  102,  102
LATASAJERA2 , AGCU,  102,  102,  102,  102,  102,  102,  102,  102,  102,  102,  102,  102,  102,  102,  102,  102,  102,  102,  102,  102,  102,  102,  102,  102
LATASAJERA3 , AGCU,  0,  0,  0,  0,  0,  0,  0,  0,  0,  0,  0,  0,  0,  0,  0,  0,  0,  0,  0,  0,  0,  0,  0,  0
PLAYAS , P,  79151
PLAYAS1 , D,  69,  69,  69,  69,  69,  69,  69,  69,  69,  69,  69,  69,  69,  69,  69,  69,  69,  69,  69,  69,  69,  69,  69,  69
PLAYAS2 , D,  69,  69,  69,  69,  69,  69,  69,  69,  69,  69,  69,  69,  69,  69,  69,  69,  69,  69,  69,  69,  69,  69,  69,  69
PLAYAS3 , D,  69,  69,  69,  69,  69,  69,  69,  69,  69,  69,  69,  69,  69,  69,  69,  69,  69,  69,  69,  69,  69,  69,  69,  69
SANFRANCISCO , P,  79150
SANFRANCISCO1 , D,  0,  0,  0,  0,  0,  0,  0,  45,  45,  45,  45,  45,  0,  0,  0,  0,  0,  0,  45,  45,  45,  45,  45,  0
SANFRANCISCO2 , D,  0,  0,  0,  0,  0,  0,  0,  0,  0,  0,  0,  0,  0,  0,  0,  0,  0,  0,  0,  0,  0,  0,  0,  0
SANFRANCISCO3 , D,  0,  0,  0,  0,  0,  0,  0,  45,  45,  45,  45,  45,  0,  0,  0,  0,  0,  0,  45,  45,  45,  45,  45,  0
GUATRON , P,  365000
GUADALUPE31 , D,  45,  45,  45,  45,  45,  45,  45,  45,  45,  45,  45,  45,  45,  45,  45,  45,  45,  45,  45,  45,  45,  45,  45,  45
GUADALUPE32 , D,  45,  45,  45,  45,  45,  45,  45,  45,  45,  45,  45,  45,  45,  45,  45,  45,  45,  45,  45,  45,  45,  45,  45,  45
GUADALUPE33 , D,  45,  45,  45,  45,  45,  45,  45,  45,  45,  45,  45,  45,  45,  45,  45,  45,  45,  45,  45,  45,  45,  45,  45,  45
GUADALUPE34 , D,  45,  45,  45,  45,  45,  45,  45,  45,  45,  45,  45,  45,  45,  45,  45,  45,  45,  45,  45,  45,  45,  45,  45,  45
GUADALUPE35 , D,  45,  45,  45,  45,  45,  45,  45,  45,  45,  45,  45,  45,  45,  45,  45,  45,  45,  45,  45,  45,  45,  45,  45,  45
GUADALUPE36 , D,  45,  45,  45,  45,  45,  45,  45,  45,  45,  45,  45,  45,  45,  45,  45,  45,  45,  45,  45,  45,  45,  45,  45,  45
GUADALUPE41 , D,  67,  67,  67,  67,  67,  67,  67,  67,  67,  67,  67,  67,  67,  67,  67,  67,  67,  67,  67,  67,  67,  67,  67,  67
GUADALUPE42 , D,  67,  67,  67,  67,  67,  67,  67,  67,  67,  67,  67,  67,  67,  67,  67,  67,  67,  67,  67,  67,  67,  67,  67,  67
GUADALUPE43 , D,  68,  68,  68,  68,  68,  68,  68,  68,  68,  68,  68,  68,  68,  68,  68,  68,  68,  68,  68,  68,  68,  68,  68,  68
TRONERAS1 , D,  20,  20,  20,  20,  20,  20,  20,  20,  20,  20,  20,  20,  20,  20,  20,  20,  20,  20,  20,  20,  20,  20,  20,  20
TRONERAS2 , D,  20,  20,  20,  20,  20,  20,  20,  20,  20,  20,  20,  20,  20,  20,  20,  20,  20,  20,  20,  20,  20,  20,  20,  20
GUATRON , MO,  0,  0,  0,  0,  0,  0,  0,  0,  0,  0,  0,  0,  0,  0,  0,  0,  0,  0,  0,  0,  0,  0,  0,  0
PORCEII , P,  74230
PORCEII1 , D,  135,  135,  135,  135,  135,  135,  135,  135,  135,  135,  135,  135,  135,  135,  135,  135,  135,  135,  135,  135,  135,  135,  135,  135
PORCEII2 , D,  135,  135,  135,  135,  135,  135,  135,  135,  135,  135,  135,  135,  135,  135,  135,  135,  135,  135,  135,  135,  135,  135,  135,  135
PORCEII3 , D,  135,  135,  135,  135,  135,  135,  135,  135,  135,  135,  135,  135,  135,  135,  135,  135,  135,  135,  135,  135,  135,  135,  135,  135
PORCEII , AGCP,  116,  116,  116,  116,  116,  116,  116,  116,  116,  116,  116,  0,  0,  0,  0,  0,  0,  0,  0,  0,  0,  0,  116,  116
PORCEII1 , AGCU,  58,  58,  58,  58,  58,  58,  58,  58,  58,  58,  58,  58,  58,  58,  58,  58,  58,  58,  58,  58,  58,  58,  58,  58
PORCEII2 , AGCU,  58,  58,  58,  58,  58,  58,  58,  58,  58,  58,  58,  58,  58,  58,  58,  58,  58,  58,  58,  58,  58,  58,  58,  58
PORCEIII , P,  79151
PORCEIII4 , D,  170,  170,  170,  170,  170,  170,  170,  170,  170,  170,  170,  170,  170,  170,  170,  170,  170,  170,  170,  170,  170,  170,  170,  170
PORCEIII3 , D,  170,  170,  170,  170,  170,  170,  170,  170,  170,  170,  170,  170,  170,  170,  170,  170,  170,  170,  170,  170,  170,  170,  170,  170
PORCEIII2 , D,  0,  0,  0,  0,  0,  0,  0,  0,  0,  0,  0,  0,  0,  0,  0,  0,  0,  0,  0,  0,  0,  0,  0,  0
PORCEIII1 , D,  170,  170,  170,  170,  170,  170,  170,  170,  170,  170,  170,  170,  170,  170,  170,  170,  170,  170,  170,  170,  170,  170,  170,  170
PORCEIII , AGCP,  0,  0,  0,  0,  0,  0,  0,  0,  0,  0,  0,  0,  0,  0,  0,  0,  0,  0,  0,  0,  0,  0,  0,  0
PORCEIII4 , AGCU,  0,  0,  0,  0,  0,  0,  0,  0,  0,  0,  0,  0,  0,  0,  0,  0,  0,  0,  0,  0,  0,  0,  0,  0
PORCEIII3 , AGCU,  45,  45,  45,  45,  45,  45,  45,  45,  45,  45,  45,  45,  45,  45,  45,  45,  45,  45,  45,  45,  45,  45,  45,  45
PORCEIII1 , AGCU,  45,  45,  45,  45,  45,  45,  45,  45,  45,  45,  45,  45,  45,  45,  45,  45,  45,  45,  45,  45,  45,  45,  45,  45
TERMOSIERRACC , P,  71975
TERMOSIERRACC , PAP1, 80547566
TERMOSIERRACC , PAP2, 184561866
TERMOSIERRACC , PAP3, 113703568
TERMOSIERRACC , PAP4, 250970108
TERMOSIERRACC , PAP5, 216736238
TERMOSIERRACC , PAP6, 292845296
TERMOSIERRACC , PAP7, 509924142
TERMOSIERRACC , PAP8, 321847655
TERMOSIERRACC , PAP9, 562285449
TERMOSIERRACC , PAP10, 553466176
TERMOSIERRACC , PAP11, 348956045
TERMOSIERRACC , PAP12, 348956045
TERMOSIERRACC , PAP13, 323914852
TERMOSIERRACC , PAP14, 321039253
TERMOSIERRACC , PAPUSD1, 20924
TERMOSIERRACC , PAPUSD2, 47944
TERMOSIERRACC , PAPUSD3, 29537
TERMOSIERRACC , PAPUSD4, 65195
TERMOSIERRACC , PAPUSD5, 56302
TERMOSIERRACC , PAPUSD6, 76073
TERMOSIERRACC , PAPUSD7, 132464
TERMOSIERRACC , PAPUSD8, 83607
TERMOSIERRACC , PAPUSD9, 146066
TERMOSIERRACC , PAPUSD10, 143775
TERMOSIERRACC , PAPUSD11, 90649
TERMOSIERRACC , PAPUSD12, 90649
TERMOSIERRACC , PAPUSD13, 84144
TERMOSIERRACC , PAPUSD14, 83397
TERMOSIERRA1 , D,  0,  0,  0,  0,  0,  0,  0,  0,  0,  0,  0,  0,  0,  0,  0,  0,  0,  0,  0,  0,  0,  0,  0,  0
TERMOSIERRA2 , D,  136,  136,  136,  136,  136,  136,  136,  136,  136,  136,  136,  136,  136,  136,  136,  136,  136,  136,  136,  136,  136,  136,  136,  136
TERMOSIERRA3 , D,  65,  65,  65,  65,  65,  65,  65,  65,  65,  65,  65,  62,  57,  57,  57,  57,  57,  57,  60,  62,  62,  62,  65,  65
TERMOSIERRACC , CONF,  3
TERMOSIERRACC , C,  GAS
TERMODORADA1 , P,  733306
TERMODORADA1 , PAP1, 24536904
TERMODORADA1 , PAP2, 25364553
TERMODORADA1 , PAP3, 25376102
TERMODORADA1 , PAPUSD1, 6374
TERMODORADA1 , PAPUSD2, 6589
TERMODORADA1 , PAPUSD3, 6592
TERMODORADA1 , D,  0,  0,  0,  0,  0,  0,  0,  0,  0,  0,  0,  0,  0,  0,  0,  0,  0,  0,  0,  0,  0,  0,  0,  0
TERMODORADA1 , CONF,  3
TERMODORADA1 , C,  ACPM
INSULA1 , D,  3.00,  3.00,  3.00,  3.00,  3.00,  3.00,  3.00,  3.00,  3.00,  3.00,  3.00,  3.00,  3.00,  3.00,  3.00,  3.00,  3.00,  3.00,  3.00,  3.00,  3.00,  3.00,  3.00,  3.00
INSULA2 , D,  3.00,  3.00,  3.00,  3.00,  3.00,  3.00,  3.00,  3.00,  3.00,  3.00,  3.00,  3.00,  3.00,  3.00,  3.00,  3.00,  3.00,  3.00,  3.00,  3.00,  3.00,  3.00,  3.00,  3.00
INSULA3 , D,  7.00,  7.00,  7.00,  7.00,  7.00,  7.00,  7.00,  7.00,  7.00,  7.00,  7.00,  7.00,  7.00,  7.00,  7.00,  7.00,  7.00,  7.00,  7.00,  7.00,  7.00,  7.00,  7.00,  7.00
LAHERRADURA1 , D,  8.50,  8.50,  8.50,  8.50,  8.50,  8.50,  8.50,  8.50,  8.50,  8.50,  8.50,  8.50,  8.50,  8.50,  8.50,  8.50,  8.50,  8.50,  8.50,  8.50,  8.50,  8.50,  8.50,  8.50
LAHERRADURA2 , D,  8.50,  8.50,  8.50,  8.50,  8.50,  8.50,  8.50,  8.50,  8.50,  8.50,  8.50,  8.50,  8.50,  8.50,  8.50,  8.50,  8.50,  8.50,  8.50,  8.50,  8.50,  8.50,  8.50,  8.50
PAJARITO1 , D,  2.70,  2.70,  2.70,  2.70,  2.70,  2.70,  2.70,  2.70,  2.70,  2.70,  2.70,  2.70,  2.70,  2.70,  2.70,  2.70,  2.70,  2.70,  2.70,  2.70,  2.70,  2.70,  2.70,  2.70
PAJARITO2 , D,  7.10,  7.10,  7.10,  7.10,  7.10,  7.10,  7.10,  7.10,  7.10,  7.10,  7.10,  7.10,  7.10,  7.10,  7.10,  7.10,  7.10,  7.10,  7.10,  7.10,  7.10,  7.10,  7.10,  7.10
AUTOGARGOSELCAIRO , D,  0.00,  0.00,  0.00,  0.00,  0.00,  0.00,  0.00,  0.00,  0.00,  0.00,  0.00,  0.00,  0.00,  0.00,  0.00,  0.00,  0.00,  0.00,  0.00,  0.00,  0.00,  0.00,  0.00,  0.00
PORCEIIIMENOR , D,  1.00,  1.00,  1.00,  1.00,  1.00,  1.00,  1.00,  1.00,  1.00,  1.00,  1.00,  1.00,  1.00,  1.00,  1.00,  1.00,  1.00,  1.00,  1.00,  1.00,  1.00,  1.00,  1.00,  1.00
COGENERADORCOLTEJER1 , D,  9.40,  9.40,  9.40,  9.40,  9.40,  9.40,  9.40,  9.40,  9.40,  9.40,  9.40,  9.40,  9.40,  9.40,  9.40,  9.40,  9.40,  9.40,  9.40,  9.40,  9.40,  9.40,  9.40,  9.40
JEPIRACHI1-15 , D,  1.00,  1.00,  1.00,  0.00,  0.00,  1.00,  1.00,  1.00,  1.10,  1.60,  1.65,  1.43,  1.92,  2.08,  1.08,  1.00,  2.89,  4.33,  3.62,  2.66,  0.00,  1.00,  0.00,  1.00
JEPIRACHI1-15 , INVD,  12.00,  12.00,  12.00,  12.00,  12.00,  12.00,  12.00,  12.00,  12.00,  12.00,  12.00,  12.00,  12.00,  12.00,  12.00,  12.00,  12.00,  12.00,  12.00,  12.00,  12.00,  12.00,  12.00,  12.00
AUTOGARGOSSOGAMOSO , D,  4.00,  4.00,  4.00,  4.00,  4.00,  4.00,  4.00,  4.00,  4.00,  4.00,  4.00,  4.00,  4.00,  4.00,  4.00,  4.00,  4.00,  4.00,  4.00,  4.00,  4.00,  4.00,  4.00,  4.00
AUTOGCOCA-COLAFEMSA , D,  0.80,  0.80,  0.80,  0.80,  0.80,  0.80,  0.80,  0.80,  0.80,  0.80,  0.80,  0.80,  0.80,  0.80,  0.80,  0.80,  0.80,  0.80,  0.80,  0.80,  0.80,  0.80,  0.80,  0.80
AMERICA , D,  0.27,  0.27,  0.27,  0.27,  0.27,  0.27,  0.27,  0.27,  0.27,  0.27,  0.27,  0.27,  0.27,  0.27,  0.27,  0.27,  0.27,  0.27,  0.27,  0.27,  0.27,  0.27,  0.27,  0.27
AYURA , D,  12.00,  12.00,  12.00,  12.00,  12.00,  12.00,  12.00,  12.00,  12.00,  12.00,  12.00,  12.00,  12.00,  12.00,  12.00,  12.00,  12.00,  12.00,  12.00,  12.00,  12.00,  12.00,  12.00,  12.00
BELLO , D,  0.00,  0.00,  0.00,  0.00,  0.00,  0.00,  0.00,  0.00,  0.00,  0.00,  0.00,  0.00,  0.00,  0.00,  0.00,  0.00,  0.00,  0.00,  0.00,  0.00,  0.00,  0.00,  0.00,  0.00
CAMPESTRE(EPM) , D,  0.00,  0.00,  0.00,  0.00,  0.00,  0.00,  0.00,  0.00,  0.00,  0.00,  0.00,  0.00,  0.00,  0.00,  0.00,  0.00,  0.00,  0.00,  0.00,  0.00,  0.00,  0.00,  0.00,  0.00
MANANTIALES , D,  0.00,  0.00,  0.00,  0.00,  0.00,  0.00,  0.00,  0.00,  0.00,  0.00,  0.00,  0.00,  0.00,  0.00,  0.00,  0.00,  0.00,  0.00,  0.00,  0.00,  0.00,  0.00,  0.00,  0.00
AUTGCEMENTOSDELNARE , D,  6.40,  6.40,  6.40,  6.40,  6.40,  6.40,  6.40,  5.20,  5.20,  5.20,  5.20,  5.20,  5.20,  5.20,  5.20,  5.40,  5.40,  5.40,  5.40,  5.40,  5.40,  5.40,  5.40,  6.40
LAVUELTA , D,  11.20,  11.20,  11.20,  11.20,  11.20,  11.20,  11.20,  11.20,  11.20,  11.20,  11.20,  11.20,  11.20,  11.20,  11.20,  11.20,  11.20,  11.20,  11.20,  11.20,  11.20,  11.20,  11.20,  11.20
CARACOLI , D,  0.00,  0.00,  0.00,  0.00,  0.00,  0.00,  0.00,  0.00,  0.00,  0.00,  0.00,  0.00,  0.00,  0.00,  0.00,  0.00,  0.00,  0.00,  0.00,  0.00,  0.00,  0.00,  0.00,  0.00
RIOGRANDEI , D,  0.00,  0.00,  0.00,  0.00,  0.00,  0.00,  0.00,  0.00,  0.00,  0.00,  0.00,  0.00,  0.00,  0.00,  0.00,  0.00,  0.00,  0.00,  0.00,  0.00,  0.00,  0.00,  0.00,  0.00
SONSON , D,  17.00,  17.00,  17.00,  17.00,  17.00,  17.00,  17.00,  17.00,  17.00,  17.00,  17.00,  17.00,  17.00,  17.00,  17.00,  17.00,  17.00,  17.00,  17.00,  17.00,  17.00,  17.00,  17.00,  17.00
RIOFRIO(TAMESIS) , D,  0.33,  0.33,  0.33,  0.33,  0.33,  0.33,  0.33,  0.33,  0.33,  0.33,  0.33,  0.33,  0.33,  0.33,  0.33,  0.33,  0.33,  0.33,  0.33,  0.33,  0.33,  0.33,  0.33,  0.33
GUACAICA , D,  0.00,  0.00,  0.00,  0.00,  0.00,  0.00,  0.00,  0.00,  0.00,  0.00,  0.00,  0.00,  0.00,  0.00,  0.00,  0.00,  0.00,  0.00,  0.00,  0.00,  0.00,  0.00,  0.00,  0.00
INTERMEDIA , D,  0.00,  0.00,  0.00,  0.00,  0.00,  0.00,  0.00,  0.00,  0.00,  0.00,  0.00,  0.00,  0.00,  0.00,  0.00,  0.00,  0.00,  0.00,  0.00,  0.00,  0.00,  0.00,  0.00,  0.00
SANCANCIO , D,  0.80,  0.80,  0.80,  0.80,  0.80,  0.80,  0.80,  0.80,  0.80,  0.80,  0.80,  0.80,  0.80,  0.80,  0.80,  0.80,  0.80,  0.80,  0.80,  0.80,  0.80,  0.80,  0.80,  0.80
NIQUIA , D,  13.00,  13.00,  13.00,  13.00,  13.00,  13.00,  14.50,  14.50,  14.50,  14.50,  14.50,  14.50,  14.50,  14.50,  14.50,  14.50,  14.50,  14.50,  14.50,  14.50,  14.50,  14.50,  13.50,  13.50
NUTIBARA , D,  0.00,  0.00,  0.00,  0.00,  0.00,  0.00,  0.00,  0.00,  0.00,  0.00,  0.00,  0.00,  0.00,  0.00,  0.00,  0.00,  0.00,  0.00,  0.00,  0.00,  0.00,  0.00,  0.00,  0.00
CASCADA , D,  1.80,  1.80,  1.80,  1.80,  1.80,  1.80,  1.80,  1.80,  1.80,  1.80,  1.80,  1.80,  1.80,  1.80,  1.80,  1.80,  1.80,  1.80,  1.80,  1.80,  1.80,  1.80,  1.80,  1.80
PALMASSANGIL , D,  8.00,  8.00,  8.00,  8.00,  8.00,  8.00,  8.00,  8.00,  8.00,  8.00,  8.00,  8.00,  8.00,  8.00,  8.00,  8.00,  8.00,  8.00,  8.00,  8.00,  8.00,  8.00,  8.00,  8.00
RIOGRANDE , D,  0.30,  0.30,  0.30,  0.30,  0.30,  0.30,  0.30,  0.30,  0.30,  0.30,  0.30,  0.30,  0.30,  0.30,  0.30,  0.30,  0.30,  0.30,  0.30,  0.30,  0.30,  0.30,  0.30,  0.30
MUNICIPAL , D,  1.10,  1.10,  1.10,  1.10,  1.10,  1.10,  1.10,  1.10,  1.10,  1.10,  1.10,  1.10,  1.10,  1.10,  1.10,  1.10,  1.10,  1.10,  1.10,  1.10,  1.10,  1.10,  1.10,  1.10


AGENTE: EGECOL S.A. E.S.P.
PCHLALIBERTAD1 , D,  0.21,  0.21,  0.21,  0.21,  0.21,  0.21,  0.21,  0.21,  0.21,  0.21,  0.21,  0.21,  0.21,  0.21,  0.21,  0.21,  0.21,  0.21,  0.21,  0.21,  0.21,  0.21,  0.21,  0.21


AGENTE: ELECTROHUILA
IQUIRAI , D,  1.00,  1.00,  1.00,  1.00,  1.00,  1.00,  1.00,  1.00,  1.00,  1.00,  1.00,  1.00,  1.00,  1.00,  1.00,  1.00,  1.00,  1.00,  1.00,  1.00,  1.00,  1.00,  1.00,  1.00
IQUIRAII , D,  0.00,  0.00,  0.00,  0.00,  0.00,  0.00,  0.00,  0.00,  0.00,  0.00,  0.00,  0.00,  0.00,  0.00,  0.00,  0.00,  0.00,  0.00,  0.00,  0.00,  0.00,  0.00,  0.00,  0.00
LAPITA , D,  0.00,  0.00,  0.00,  0.00,  0.00,  0.00,  0.00,  0.00,  0.00,  0.00,  0.00,  0.00,  0.00,  0.00,  0.00,  0.00,  0.00,  0.00,  0.00,  0.00,  0.00,  0.00,  0.00,  0.00


AGENTE: EMEE(POPAYAN)
COCONUCO , D,  2.20,  2.20,  2.20,  2.20,  2.20,  2.20,  2.20,  2.20,  2.20,  2.20,  2.20,  2.20,  2.20,  2.20,  2.20,  2.20,  2.20,  2.20,  2.20,  2.20,  2.20,  2.20,  2.20,  2.20


AGENTE: EMGESA S.A.
BETANIA , P,  350000
BETANIA1 , D,  160,  160,  160,  160,  160,  160,  160,  160,  160,  160,  160,  160,  160,  160,  160,  160,  160,  160,  160,  160,  160,  160,  160,  160
BETANIA2 , D,  160,  160,  160,  160,  160,  160,  160,  160,  160,  160,  160,  160,  160,  160,  160,  160,  160,  160,  160,  160,  160,  160,  160,  160
BETANIA3 , D,  160,  160,  160,  160,  160,  160,  160,  160,  160,  160,  160,  160,  160,  160,  160,  160,  160,  160,  160,  160,  160,  160,  160,  160
BETANIA , MO,  60,  60,  60,  60,  60,  60,  60,  60,  60,  60,  60,  60,  60,  60,  60,  60,  60,  60,  60,  60,  60,  60,  60,  60
GUAVIO , P,  120000
GUAVIO1 , D,  243,  243,  243,  243,  243,  243,  243,  243,  243,  243,  243,  243,  243,  243,  243,  243,  243,  243,  243,  243,  243,  243,  243,  243
GUAVIO2 , D,  243,  243,  243,  243,  243,  243,  243,  243,  243,  243,  243,  243,  243,  243,  243,  243,  243,  243,  243,  243,  243,  243,  243,  243
GUAVIO3 , D,  243,  243,  243,  243,  243,  243,  243,  243,  243,  243,  243,  243,  243,  243,  243,  243,  243,  243,  243,  243,  243,  243,  243,  243
GUAVIO4 , D,  243,  243,  243,  243,  243,  243,  243,  243,  243,  243,  243,  243,  243,  243,  243,  243,  243,  243,  243,  243,  243,  243,  243,  243
GUAVIO5 , D,  243,  243,  243,  243,  243,  243,  243,  243,  243,  243,  243,  243,  243,  243,  243,  243,  243,  243,  243,  243,  243,  243,  243,  243
GUAVIO , AGCP,  0,  0,  0,  0,  0,  0,  0,  0,  0,  0,  0,  0,  0,  0,  0,  0,  0,  0,  0,  0,  0,  0,  0,  0
GUAVIO1 , AGCU,  183,  183,  183,  183,  183,  183,  183,  183,  183,  183,  183,  183,  183,  183,  183,  183,  183,  183,  183,  183,  183,  183,  183,  183
GUAVIO2 , AGCU,  183,  183,  183,  183,  183,  183,  183,  183,  183,  183,  183,  183,  183,  183,  183,  183,  183,  183,  183,  183,  183,  183,  183,  183
GUAVIO3 , AGCU,  183,  183,  183,  183,  183,  183,  183,  183,  183,  183,  183,  183,  183,  183,  183,  183,  183,  183,  183,  183,  183,  183,  183,  183
GUAVIO4 , AGCU,  0,  0,  0,  0,  0,  0,  0,  0,  0,  0,  0,  0,  0,  0,  0,  0,  0,  0,  0,  0,  0,  0,  0,  0
GUAVIO5 , AGCU,  183,  183,  183,  183,  183,  183,  183,  183,  183,  183,  183,  183,  183,  183,  183,  183,  183,  183,  183,  183,  183,  183,  183,  183
GUAVIO4 , PRU,  12,  12,  12,  12,  12,  12,  12,  12,  12,  12,  12,  12,  12,  12,  12,  12,  12,  12,  12,  12,  12,  12,  12,  12
PAGUA , P,  85000
LAGUACA1 , D,  108,  108,  108,  108,  108,  108,  108,  108,  108,  108,  108,  108,  108,  108,  108,  108,  108,  108,  108,  108,  108,  108,  108,  108
LAGUACA2 , D,  0,  0,  0,  0,  0,  0,  0,  0,  0,  0,  0,  0,  0,  0,  0,  0,  0,  0,  0,  0,  0,  0,  0,  0
LAGUACA3 , D,  108,  108,  108,  108,  108,  108,  108,  108,  108,  108,  108,  108,  108,  108,  108,  108,  108,  108,  108,  108,  108,  108,  108,  108
PARAISO1 , D,  0,  0,  0,  0,  0,  0,  0,  0,  0,  0,  0,  0,  0,  0,  0,  0,  0,  0,  0,  0,  0,  0,  0,  0
PARAISO2 , D,  92,  92,  92,  92,  92,  92,  92,  92,  92,  92,  92,  92,  92,  92,  92,  92,  92,  92,  92,  92,  92,  92,  92,  92
PARAISO3 , D,  92,  92,  92,  92,  92,  92,  92,  92,  92,  92,  92,  92,  92,  92,  92,  92,  92,  92,  92,  92,  92,  92,  92,  92
PAGUA , AGCP,  0,  0,  0,  0,  0,  0,  0,  0,  0,  0,  0,  0,  0,  0,  0,  0,  0,  0,  0,  0,  0,  0,  0,  0
LAGUACA1 , AGCU,  68,  68,  68,  68,  68,  68,  68,  68,  68,  68,  68,  68,  68,  68,  68,  68,  68,  68,  68,  68,  68,  68,  68,  68
LAGUACA2 , AGCU,  0,  0,  0,  0,  0,  0,  0,  0,  0,  0,  0,  0,  0,  0,  0,  0,  0,  0,  0,  0,  0,  0,  0,  0
LAGUACA3 , AGCU,  68,  68,  68,  68,  68,  68,  68,  68,  68,  68,  68,  68,  68,  68,  68,  68,  68,  68,  68,  68,  68,  68,  68,  68
PARAISO1 , AGCU,  0,  0,  0,  0,  0,  0,  0,  0,  0,  0,  0,  0,  0,  0,  0,  0,  0,  0,  0,  0,  0,  0,  0,  0
PARAISO2 , AGCU,  58,  58,  58,  58,  58,  58,  58,  58,  58,  58,  58,  58,  58,  58,  58,  58,  58,  58,  58,  58,  58,  58,  58,  58
PARAISO3 , AGCU,  58,  58,  58,  58,  58,  58,  58,  58,  58,  58,  58,  58,  58,  58,  58,  58,  58,  58,  58,  58,  58,  58,  58,  58
ELQUIMBO , P,  74230
ELQUIMBO1 , D,  180,  180,  180,  180,  180,  180,  180,  180,  180,  180,  180,  180,  180,  180,  180,  180,  180,  180,  180,  180,  180,  180,  180,  180
ELQUIMBO2 , D,  180,  180,  180,  180,  180,  180,  180,  180,  180,  180,  180,  180,  180,  180,  180,  180,  180,  180,  180,  180,  180,  180,  180,  180
ELQUIMBO , AGCP,  0,  0,  0,  0,  0,  0,  0,  0,  0,  0,  0,  0,  0,  0,  0,  0,  0,  0,  0,  0,  0,  0,  0,  0
ELQUIMBO1 , AGCU,  97,  97,  97,  97,  97,  97,  97,  97,  97,  97,  97,  97,  97,  97,  97,  97,  97,  97,  97,  97,  97,  97,  97,  97
ELQUIMBO2 , AGCU,  97,  97,  97,  97,  97,  97,  97,  97,  97,  97,  97,  97,  97,  97,  97,  97,  97,  97,  97,  97,  97,  97,  97,  97
ELQUIMBO , MO,  83,  83,  83,  83,  83,  83,  83,  83,  83,  83,  83,  83,  83,  83,  83,  83,  83,  83,  83,  83,  83,  83,  83,  83
DARIOVALENCIASAMPER , P,  80000
DARIOVALENCIASAMPER1 , D,  50,  50,  50,  50,  50,  50,  50,  50,  50,  50,  50,  50,  50,  50,  50,  50,  50,  50,  50,  50,  50,  50,  50,  50
DARIOVALENCIASAMPER2 , D,  50,  50,  50,  50,  50,  50,  50,  50,  50,  50,  50,  50,  50,  50,  50,  50,  50,  50,  50,  50,  50,  50,  50,  50
DARIOVALENCIASAMPER5 , D,  50,  50,  50,  50,  50,  50,  50,  50,  50,  50,  50,  50,  50,  50,  50,  50,  50,  50,  50,  50,  50,  50,  50,  50
SALTOII , P,  81000
SALTOII2 , D,  35,  35,  35,  35,  35,  35,  35,  35,  35,  35,  35,  35,  35,  35,  35,  35,  35,  35,  35,  35,  35,  35,  35,  35
ELPASOPANELES , D,  0,  0,  0,  0,  0,  0,  4,  14,  36,  50,  56,  50,  40,  32,  27,  22,  11,  1,  0,  0,  0,  0,  0,  0
ELPASOPANELES , PRU,  100,  100,  100,  100,  100,  100,  100,  100,  100,  100,  100,  100,  100,  100,  100,  100,  100,  100,  100,  100,  100,  100,  100,  100
ELPASOPANELES , INVD,  46,  46,  46,  46,  46,  46,  46,  46,  46,  46,  46,  46,  46,  46,  46,  46,  46,  46,  46,  46,  46,  46,  46,  46
CARTAGENA1 , P,  859507
CARTAGENA1 , PAP1, 61118988
CARTAGENA1 , PAP2, 61118988
CARTAGENA1 , PAPUSD1, 15877
CARTAGENA1 , PAPUSD2, 15877
CARTAGENA1 , D,  56,  56,  56,  56,  56,  56,  56,  56,  56,  56,  56,  56,  56,  56,  56,  56,  56,  56,  56,  56,  56,  56,  56,  56
CARTAGENA1 , CONF,  1
CARTAGENA1 , C,  COMBUSTOLEO
CARTAGENA2 , P,  823134
CARTAGENA2 , PAP1, 61134386
CARTAGENA2 , PAP2, 61134386
CARTAGENA2 , PAPUSD1, 15881
CARTAGENA2 , PAPUSD2, 15881
CARTAGENA2 , D,  62,  62,  62,  62,  62,  62,  62,  62,  62,  62,  62,  62,  62,  62,  62,  62,  62,  62,  62,  62,  62,  62,  62,  62
CARTAGENA2 , CONF,  1
CARTAGENA2 , C,  COMBUSTOLEO
CARTAGENA3 , P,  860107
CARTAGENA3 , PAP1, 61072793
CARTAGENA3 , PAP2, 61072793
CARTAGENA3 , PAPUSD1, 15865
CARTAGENA3 , PAPUSD2, 15865
CARTAGENA3 , D,  0,  0,  0,  0,  0,  0,  0,  0,  0,  0,  0,  0,  0,  0,  0,  0,  0,  0,  0,  0,  0,  0,  0,  0
CARTAGENA3 , CONF,  1
CARTAGENA3 , C,  COMBUSTOLEO
ZIPAEMG2 , P,  181753
ZIPAEMG2 , PAP1, 34638071
ZIPAEMG2 , PAPUSD1, 8998
ZIPAEMG2 , D,  35,  35,  35,  35,  35,  35,  35,  35,  35,  35,  35,  35,  35,  35,  35,  35,  35,  35,  35,  35,  35,  35,  35,  35
ZIPAEMG2 , CONF,  1
ZIPAEMG2 , C,  CARBON
ZIPAEMG3 , P,  197660
ZIPAEMG3 , PAP1, 53423777
ZIPAEMG3 , PAPUSD1, 13878
ZIPAEMG3 , D,  63,  63,  63,  63,  63,  63,  63,  63,  63,  63,  63,  63,  63,  63,  63,  63,  63,  63,  63,  63,  63,  63,  63,  63
ZIPAEMG3 , CONF,  1
ZIPAEMG3 , C,  CARBON
ZIPAEMG4 , P,  198790
ZIPAEMG4 , PAP1, 53423777
ZIPAEMG4 , PAPUSD1, 13878
ZIPAEMG4 , D,  64,  64,  64,  64,  64,  64,  64,  64,  64,  64,  64,  64,  64,  64,  64,  64,  64,  64,  64,  64,  64,  64,  64,  64
ZIPAEMG4 , CONF,  1
ZIPAEMG4 , C,  CARBON
ZIPAEMG5 , P,  197000
ZIPAEMG5 , PAP1, 53423777
ZIPAEMG5 , PAPUSD1, 13878
ZIPAEMG5 , D,  61,  61,  61,  61,  61,  61,  61,  61,  61,  61,  61,  61,  61,  61,  61,  61,  61,  61,  61,  61,  61,  61,  61,  61
ZIPAEMG5 , CONF,  1
ZIPAEMG5 , C,  CARBON
ZIPAEMG5 , PRU,  3,  3,  3,  3,  3,  3,  3,  3,  3,  3,  3,  3,  3,  3,  3,  3,  3,  3,  3,  3,  3,  3,  3,  3
SUBA , D,  0.80,  0.80,  0.80,  0.80,  0.80,  0.80,  0.80,  0.80,  0.80,  0.80,  0.80,  0.80,  0.80,  0.80,  0.80,  0.80,  0.80,  0.80,  0.80,  0.80,  0.80,  0.80,  0.80,  0.80
USAQUEN , D,  0.00,  0.00,  0.00,  0.00,  0.00,  0.00,  0.00,  0.00,  0.00,  0.00,  0.00,  0.00,  0.00,  0.00,  0.00,  0.00,  0.00,  0.00,  0.00,  0.00,  0.00,  0.00,  0.00,  0.00
LAGUNETA , D,  16.00,  16.00,  16.00,  16.00,  16.00,  16.00,  16.00,  16.00,  18.00,  18.00,  18.00,  18.00,  18.00,  18.00,  18.00,  18.00,  18.00,  18.00,  18.00,  18.00,  18.00,  18.00,  16.00,  16.00
GUAVIOMENOR , D,  5.00,  5.00,  5.00,  5.00,  5.00,  5.00,  5.00,  5.00,  5.00,  5.00,  5.00,  5.00,  5.00,  5.00,  5.00,  5.00,  5.00,  5.00,  5.00,  5.00,  5.00,  5.00,  5.00,  5.00
TEQUENDAMA1 , D,  8.00,  8.00,  8.00,  8.00,  8.00,  8.00,  8.00,  8.00,  13.00,  13.00,  13.00,  13.00,  13.00,  13.00,  13.00,  13.00,  13.00,  13.00,  13.00,  13.00,  13.00,  13.00,  8.00,  8.00
TEQUENDAMA2 , D,  8.00,  8.00,  8.00,  8.00,  8.00,  8.00,  8.00,  8.00,  13.00,  13.00,  13.00,  13.00,  13.00,  13.00,  13.00,  13.00,  13.00,  13.00,  13.00,  13.00,  13.00,  13.00,  8.00,  8.00
TEQUENDAMA3 , D,  7.00,  7.00,  7.00,  7.00,  7.00,  7.00,  7.00,  7.00,  13.00,  13.00,  13.00,  13.00,  13.00,  13.00,  13.00,  13.00,  13.00,  13.00,  13.00,  13.00,  13.00,  13.00,  7.00,  7.00
TEQUENDAMA4 , D,  0.00,  0.00,  0.00,  0.00,  0.00,  0.00,  0.00,  0.00,  13.00,  13.00,  13.00,  13.00,  13.00,  13.00,  13.00,  13.00,  13.00,  13.00,  13.00,  13.00,  13.00,  13.00,  0.00,  0.00
CHARQUITO , D,  5.00,  5.00,  5.00,  5.00,  5.00,  5.00,  5.00,  5.00,  18.00,  18.00,  18.00,  18.00,  18.00,  18.00,  18.00,  18.00,  18.00,  18.00,  18.00,  18.00,  18.00,  18.00,  5.00,  5.00
ELLIMONAR , D,  0.00,  0.00,  0.00,  0.00,  0.00,  0.00,  0.00,  0.00,  18.00,  18.00,  18.00,  18.00,  18.00,  18.00,  18.00,  18.00,  18.00,  18.00,  18.00,  18.00,  18.00,  18.00,  0.00,  0.00
RIONEGRO , D,  0.00,  0.00,  0.00,  0.00,  0.00,  0.00,  0.00,  0.00,  0.00,  0.00,  0.00,  0.00,  0.00,  0.00,  0.00,  0.00,  0.00,  0.00,  0.00,  0.00,  0.00,  0.00,  0.00,  0.00
SANTAANA , D,  0.00,  0.00,  0.00,  0.00,  0.00,  0.00,  0.00,  0.00,  0.00,  0.00,  0.00,  0.00,  0.00,  0.00,  0.00,  0.00,  0.00,  0.00,  0.00,  0.00,  0.00,  0.00,  0.00,  0.00


AGENTE: EMSA(META)
AUTOGYAGUARITO , D,  0.39,  0.60,  0.60,  0.49,  0.50,  0.50,  0.50,  0.36,  0.40,  0.60,  0.58,  0.60,  0.59,  0.60,  0.59,  0.60,  0.42,  0.45,  0.34,  0.27,  0.30,  0.30,  0.40,  0.40
AUTOGCDSTM2500 , D,  0.00,  0.00,  0.00,  0.00,  0.00,  0.00,  0.00,  0.00,  0.00,  0.00,  0.00,  0.00,  0.00,  0.00,  0.00,  0.00,  0.00,  0.00,  0.00,  0.00,  0.00,  0.00,  0.00,  0.00


AGENTE: ENERCO 
PUENTEGUILLERMO1 , D,  1.00,  1.00,  1.00,  1.00,  1.00,  1.00,  1.00,  1.00,  1.00,  1.00,  1.00,  1.00,  1.00,  1.00,  1.00,  1.00,  1.00,  1.00,  1.00,  1.00,  1.00,  1.00,  1.00,  1.00
PUENTEGUILLERMO3 , D,  0.00,  0.00,  0.00,  0.00,  0.00,  0.00,  0.00,  0.00,  0.00,  0.00,  0.00,  0.00,  0.00,  0.00,  0.00,  0.00,  0.00,  0.00,  0.00,  0.00,  0.00,  0.00,  0.00,  0.00
AUTOGECOPETROLORITO , D,  1.00,  1.00,  1.00,  1.00,  1.00,  1.00,  1.00,  1.00,  1.00,  1.00,  1.00,  1.00,  1.00,  1.00,  1.00,  1.00,  1.00,  1.00,  1.00,  1.00,  1.00,  1.00,  1.00,  1.00
CURRUCUCUES , D,  0.60,  0.60,  0.60,  0.60,  0.60,  0.60,  0.60,  0.60,  0.60,  0.60,  0.60,  0.60,  0.60,  0.60,  0.60,  0.60,  0.60,  0.60,  0.60,  0.60,  0.60,  0.60,  0.60,  0.60


AGENTE: ENERGETICA
COELLO , D,  0.60,  0.60,  0.60,  0.60,  0.60,  0.60,  0.60,  0.60,  0.60,  0.60,  0.60,  0.60,  0.60,  0.60,  0.60,  0.60,  0.60,  0.60,  0.60,  0.60,  0.60,  0.60,  0.60,  0.60


AGENTE: ENERGIA DEL SUROESTE
MULATOSII1 , D,  6.00,  6.00,  6.00,  6.00,  6.00,  6.00,  6.00,  6.00,  6.00,  6.00,  6.00,  6.00,  6.00,  6.00,  6.00,  6.00,  6.00,  6.00,  6.00,  6.00,  6.00,  6.00,  6.00,  6.00


AGENTE: ENERGIA RIO PIEDRAS
AGUAFRESCA , D,  7.29,  7.29,  7.29,  7.29,  7.29,  7.29,  7.29,  7.29,  7.29,  7.29,  7.29,  7.29,  7.29,  7.29,  7.29,  7.29,  7.29,  7.29,  7.29,  7.29,  7.29,  7.29,  7.29,  7.29


AGENTE: ENREVSA E.S.P.
ELBOSQUE , D,  1.60,  1.60,  1.60,  1.60,  1.60,  1.60,  1.60,  1.60,  1.60,  1.60,  1.60,  1.60,  1.60,  1.60,  1.60,  1.60,  1.60,  1.60,  1.60,  1.60,  1.60,  1.60,  1.60,  1.60


AGENTE: ESPROD SAS ESP
PLANTASOLARBAYUNCAI1 , D,  0.00,  0.00,  0.00,  0.00,  0.00,  0.36,  1.27,  1.80,  1.98,  2.13,  1.93,  2.07,  1.89,  1.66,  1.42,  0.86,  0.14,  0.00,  0.00,  0.00,  0.00,  0.00,  0.00,  0.00


AGENTE: GEC  
SANJOSE , D,  0.30,  0.30,  0.30,  0.30,  0.30,  0.30,  0.30,  0.30,  0.20,  0.00,  0.00,  0.30,  0.30,  0.30,  0.30,  0.30,  0.30,  0.30,  0.30,  0.30,  0.30,  0.30,  0.30,  0.30


AGENTE: GECELCA S.A. E.S.P
GUAJIRA1 , P,  305028
GUAJIRA1 , PAP1, 73891728
GUAJIRA1 , PAP2, 73891728
GUAJIRA1 , PAP3, 73891728
GUAJIRA1 , PAP4, 0
GUAJIRA1 , PAP5, 73891728
GUAJIRA1 , PAP6, 73891728
GUAJIRA1 , PAP7, 73891728
GUAJIRA1 , PAP8, 73891728
GUAJIRA1 , PAP9, 73891728
GUAJIRA1 , PAPUSD1, 19195
GUAJIRA1 , PAPUSD2, 19195
GUAJIRA1 , PAPUSD3, 19195
GUAJIRA1 , PAPUSD4, 0
GUAJIRA1 , PAPUSD5, 19195
GUAJIRA1 , PAPUSD6, 19195
GUAJIRA1 , PAPUSD7, 19195
GUAJIRA1 , PAPUSD8, 19195
GUAJIRA1 , PAPUSD9, 19195
GUAJIRA1 , D,  145,  145,  145,  145,  145,  145,  145,  145,  145,  145,  145,  145,  145,  145,  145,  145,  145,  145,  145,  145,  145,  145,  145,  145
GUAJIRA1 , CONF,  7
GUAJIRA1 , C,  MEZCLA GAS - CARBÓN
GUAJIRA2 , P,  368458
GUAJIRA2 , PAP1, 73891728
GUAJIRA2 , PAP2, 73891728
GUAJIRA2 , PAP3, 73891728
GUAJIRA2 , PAP4, 0
GUAJIRA2 , PAP5, 73891728
GUAJIRA2 , PAP6, 73891728
GUAJIRA2 , PAP7, 73891728
GUAJIRA2 , PAP8, 73891728
GUAJIRA2 , PAP9, 73891728
GUAJIRA2 , PAPUSD1, 19195
GUAJIRA2 , PAPUSD2, 19195
GUAJIRA2 , PAPUSD3, 19195
GUAJIRA2 , PAPUSD4, 0
GUAJIRA2 , PAPUSD5, 19195
GUAJIRA2 , PAPUSD6, 19195
GUAJIRA2 , PAPUSD7, 19195
GUAJIRA2 , PAPUSD8, 19195
GUAJIRA2 , PAPUSD9, 19195
GUAJIRA2 , D,  0,  0,  0,  0,  0,  0,  0,  0,  0,  0,  0,  0,  0,  0,  0,  0,  0,  0,  0,  0,  0,  0,  0,  0
GUAJIRA2 , CONF,  7
GUAJIRA2 , C,  MEZCLA GAS - CARBÓN
GECELCA3 , P,  181678
GECELCA3 , PAP1, 174472248
GECELCA3 , PAP2, 174472248
GECELCA3 , PAP3, 174472248
GECELCA3 , PAPUSD1, 45323
GECELCA3 , PAPUSD2, 45323
GECELCA3 , PAPUSD3, 45323
GECELCA3 , D,  164,  164,  164,  164,  164,  164,  164,  164,  164,  164,  164,  164,  164,  164,  164,  164,  164,  164,  164,  164,  164,  164,  164,  164
GECELCA3 , CONF,  1
GECELCA3 , C,  CARBON
GECELCA32 , P,  224631
GECELCA32 , PAP1, 150212510
GECELCA32 , PAP2, 150212510
GECELCA32 , PAPUSD1, 39021
GECELCA32 , PAPUSD2, 39021
GECELCA32 , D,  273,  273,  273,  273,  273,  273,  273,  273,  273,  273,  273,  273,  273,  273,  273,  273,  273,  273,  273,  273,  273,  273,  273,  273
GECELCA32 , CONF,  1
GECELCA32 , C,  CARBON


AGENTE: GENERADORA LUZMA
LUZMAI1 , D,  9.50,  9.50,  9.50,  9.50,  9.50,  9.50,  9.50,  9.50,  9.50,  9.50,  9.50,  9.50,  9.50,  9.50,  9.50,  9.50,  9.50,  9.50,  9.50,  9.50,  9.50,  9.50,  9.50,  9.50
LUZMAII1 , D,  9.00,  9.00,  9.00,  9.00,  9.00,  9.00,  9.00,  9.00,  9.00,  9.00,  9.00,  9.00,  9.00,  9.00,  9.00,  9.00,  9.00,  9.00,  9.00,  9.00,  9.00,  9.00,  9.00,  9.00
LUZMAII2 , D,  9.00,  9.00,  9.00,  9.00,  9.00,  9.00,  9.00,  9.00,  9.00,  9.00,  9.00,  9.00,  9.00,  9.00,  9.00,  9.00,  9.00,  9.00,  9.00,  9.00,  9.00,  9.00,  9.00,  9.00
LUZMAI2 , D,  9.50,  9.50,  9.50,  9.50,  9.50,  9.50,  9.50,  9.50,  9.50,  9.50,  9.50,  9.50,  9.50,  9.50,  9.50,  9.50,  9.50,  9.50,  9.50,  9.50,  9.50,  9.50,  9.50,  9.50


AGENTE: GENERAMOS ENERGIA
URRAO , D,  0.80,  0.80,  0.80,  0.80,  0.80,  0.80,  0.80,  0.80,  0.80,  0.80,  0.80,  0.80,  0.80,  0.80,  0.80,  0.80,  0.80,  0.80,  0.80,  0.80,  0.80,  0.80,  0.80,  0.80


AGENTE: GENERPUTUMAYO
SANFRANCISCO(PUTUMAYO) , D,  0.33,  0.33,  0.33,  0.33,  0.33,  0.33,  0.33,  0.33,  0.33,  0.33,  0.33,  0.33,  0.33,  0.33,  0.33,  0.33,  0.33,  0.33,  0.33,  0.33,  0.33,  0.33,  0.33,  0.33
LAFRISOLERA , D,  0.27,  0.27,  0.27,  0.27,  0.27,  0.27,  0.27,  0.27,  0.27,  0.27,  0.27,  0.27,  0.27,  0.27,  0.27,  0.27,  0.27,  0.27,  0.27,  0.27,  0.27,  0.27,  0.27,  0.27


AGENTE: GENERSA
TERMOBOLIVAR1 , D,  0.00,  0.00,  0.00,  0.00,  0.00,  0.00,  0.00,  0.00,  0.00,  0.00,  0.00,  0.00,  0.00,  0.00,  0.00,  0.00,  0.00,  0.00,  0.00,  0.00,  0.00,  0.00,  0.00,  0.00
TERMOCAPACHOS , D,  9.90,  9.90,  9.90,  9.90,  9.90,  9.90,  9.90,  9.90,  9.90,  9.90,  9.90,  9.90,  9.90,  9.90,  9.90,  9.90,  9.90,  9.90,  9.90,  9.90,  9.90,  9.90,  9.90,  9.90


AGENTE: GENMAS S.A. E.S.P.
SANJOSEDELAMONTAÑAII1 , D,  0.55,  0.55,  0.55,  0.55,  0.55,  0.55,  0.55,  0.55,  0.55,  0.55,  0.55,  0.55,  0.55,  0.55,  0.55,  0.55,  0.55,  0.55,  0.55,  0.55,  0.55,  0.55,  0.55,  0.55
JUANGARCIA1 , D,  0.85,  0.85,  0.85,  0.85,  0.85,  0.85,  0.85,  0.85,  0.85,  0.85,  0.85,  0.85,  0.85,  0.85,  0.85,  0.85,  0.85,  0.85,  0.85,  0.85,  0.85,  0.85,  0.85,  0.85
JUANGARCIA2 , D,  0.85,  0.85,  0.85,  0.85,  0.85,  0.85,  0.85,  0.85,  0.85,  0.85,  0.85,  0.85,  0.85,  0.85,  0.85,  0.85,  0.85,  0.85,  0.85,  0.85,  0.85,  0.85,  0.85,  0.85
SANJOSEDELAMONTAÑA , D,  0.00,  0.00,  0.00,  0.00,  0.00,  0.00,  0.00,  0.00,  0.00,  0.00,  0.00,  0.00,  0.00,  0.00,  0.00,  0.00,  0.00,  0.00,  0.00,  0.00,  0.00,  0.00,  0.00,  0.00
LACASCADA(ABEJORRAL) , D,  0.85,  0.85,  0.85,  0.85,  0.85,  0.85,  0.85,  0.85,  0.85,  0.85,  0.85,  0.85,  0.85,  0.85,  0.85,  0.85,  0.85,  0.85,  0.85,  0.85,  0.85,  0.85,  0.85,  0.85
SANTARITA , D,  0.55,  0.55,  0.55,  0.55,  0.55,  0.55,  0.55,  0.55,  0.55,  0.55,  0.55,  0.55,  0.55,  0.55,  0.55,  0.55,  0.55,  0.55,  0.55,  0.55,  0.55,  0.55,  0.55,  0.55


AGENTE: GENSA
PAIPA1 , P,  156664
PAIPA1 , PAP1, 5712703
PAIPA1 , PAPUSD1, 1484
PAIPA1 , D,  36,  36,  36,  36,  36,  36,  36,  36,  36,  36,  36,  36,  36,  36,  36,  36,  36,  36,  36,  36,  36,  36,  36,  36
PAIPA1 , CONF,  1
PAIPA1 , C,  CARBON
PAIPA2 , P,  149140
PAIPA2 , PAP1, 8980953
PAIPA2 , PAPUSD1, 2333
PAIPA2 , D,  66,  66,  66,  66,  66,  66,  66,  66,  66,  66,  66,  66,  66,  66,  66,  66,  66,  66,  66,  66,  66,  66,  66,  66
PAIPA2 , CONF,  1
PAIPA2 , C,  CARBON
PAIPA3 , P,  145853
PAIPA3 , PAP1, 8980953
PAIPA3 , PAPUSD1, 2333
PAIPA3 , D,  70,  70,  70,  70,  70,  70,  70,  70,  70,  70,  70,  70,  70,  70,  70,  70,  70,  70,  70,  70,  70,  70,  70,  70
PAIPA3 , CONF,  1
PAIPA3 , C,  CARBON


AGENTE: HIDRALPOR SAS ESP
CARLOSLLERAS , P,  69000
CARLOSLLERAS1 , D,  35,  35,  35,  35,  35,  35,  35,  35,  35,  35,  35,  35,  35,  35,  35,  35,  35,  35,  35,  35,  35,  35,  35,  35
CARLOSLLERAS2 , D,  35,  35,  35,  35,  35,  35,  35,  35,  35,  35,  35,  35,  35,  35,  35,  35,  35,  35,  35,  35,  35,  35,  35,  35
ESCUELADEMINAS , P,  69000
ESCUELADEMINAS1 , D,  19,  19,  19,  19,  19,  19,  19,  19,  19,  19,  19,  19,  19,  19,  19,  19,  19,  19,  19,  19,  19,  19,  19,  19
ESCUELADEMINAS2 , D,  18,  18,  18,  18,  18,  18,  18,  18,  18,  18,  18,  18,  18,  18,  18,  18,  18,  18,  18,  18,  18,  18,  18,  18
ESCUELADEMINAS3 , D,  18,  18,  18,  18,  18,  18,  18,  18,  18,  18,  18,  18,  18,  18,  18,  18,  18,  18,  18,  18,  18,  18,  18,  18


AGENTE: HIDROBARRANCAS
HIDROBARRANCAS1 , D,  4.70,  4.70,  4.70,  4.70,  4.70,  4.70,  4.70,  4.70,  4.70,  4.70,  4.70,  4.70,  4.70,  4.70,  4.70,  4.70,  4.70,  4.70,  4.70,  4.70,  4.70,  4.70,  4.70,  4.70


AGENTE: HZ ENERGY
PROVIDENCIA , D,  4.90,  4.90,  4.90,  4.90,  4.90,  4.90,  4.90,  4.90,  4.90,  4.90,  4.90,  4.90,  4.90,  4.90,  4.90,  4.90,  4.90,  4.90,  4.90,  4.90,  4.90,  4.90,  4.90,  4.90
REMEDIOS , D,  0.40,  0.40,  0.40,  0.40,  0.40,  0.40,  0.40,  0.40,  0.40,  0.40,  0.40,  0.40,  0.40,  0.40,  0.40,  0.40,  0.40,  0.40,  0.40,  0.40,  0.40,  0.40,  0.40,  0.40
AMALFI , D,  0.60,  0.60,  0.60,  0.60,  0.60,  0.60,  0.60,  0.60,  0.60,  0.60,  0.60,  0.60,  0.60,  0.60,  0.60,  0.60,  0.60,  0.60,  0.60,  0.60,  0.60,  0.60,  0.60,  0.60
LAREBUSCA , D,  0.66,  0.66,  0.66,  0.66,  0.66,  0.66,  0.66,  0.66,  0.66,  0.66,  0.66,  0.66,  0.66,  0.66,  0.66,  0.66,  0.66,  0.66,  0.66,  0.66,  0.66,  0.66,  0.66,  0.66


AGENTE: IAC ENERGY
LANAVETA , D,  4.00,  4.00,  4.00,  4.00,  4.00,  4.00,  4.00,  4.00,  4.00,  4.00,  4.00,  4.00,  4.00,  4.00,  4.00,  4.00,  4.00,  4.00,  4.00,  4.00,  4.00,  4.00,  4.00,  4.00


AGENTE: ISAGEN
JAGUAS , P,  361000
JAGUAS1 , D,  85,  85,  85,  85,  85,  85,  85,  85,  85,  85,  85,  85,  85,  85,  85,  85,  85,  85,  85,  85,  85,  85,  85,  85
JAGUAS2 , D,  85,  85,  85,  85,  85,  85,  85,  85,  85,  85,  85,  85,  85,  85,  85,  85,  85,  85,  85,  85,  85,  85,  85,  85
JAGUAS , AGCP,  140,  140,  140,  140,  140,  140,  140,  140,  140,  140,  140,  140,  140,  140,  140,  140,  140,  140,  140,  140,  140,  140,  140,  140
JAGUAS1 , AGCU,  70,  70,  70,  70,  70,  70,  70,  70,  70,  70,  70,  70,  70,  70,  70,  70,  70,  70,  70,  70,  70,  70,  70,  70
JAGUAS2 , AGCU,  70,  70,  70,  70,  70,  70,  70,  70,  70,  70,  70,  70,  70,  70,  70,  70,  70,  70,  70,  70,  70,  70,  70,  70
SANCARLOS , P,  74230
SANCARLOS1 , D,  155,  155,  155,  155,  155,  155,  155,  155,  155,  155,  155,  155,  155,  155,  155,  155,  155,  155,  155,  155,  155,  155,  155,  155
SANCARLOS2 , D,  155,  155,  155,  155,  155,  155,  155,  155,  155,  155,  155,  155,  155,  155,  155,  155,  155,  155,  155,  155,  155,  155,  155,  155
SANCARLOS3 , D,  155,  155,  155,  155,  155,  155,  155,  155,  155,  155,  155,  155,  155,  155,  155,  155,  155,  155,  155,  155,  155,  155,  155,  155
SANCARLOS4 , D,  155,  155,  155,  155,  155,  155,  155,  155,  155,  155,  155,  155,  155,  155,  155,  155,  155,  155,  155,  155,  155,  155,  155,  155
SANCARLOS5 , D,  155,  155,  155,  155,  155,  155,  155,  155,  155,  155,  155,  155,  155,  155,  155,  155,  155,  155,  155,  155,  155,  155,  155,  155
SANCARLOS6 , D,  155,  155,  155,  155,  155,  155,  155,  155,  155,  155,  155,  155,  155,  155,  155,  155,  155,  155,  155,  155,  155,  155,  155,  155
SANCARLOS7 , D,  155,  155,  155,  155,  155,  155,  155,  155,  155,  155,  155,  155,  155,  155,  155,  155,  155,  155,  155,  155,  155,  155,  155,  155
SANCARLOS8 , D,  155,  155,  155,  155,  155,  155,  155,  155,  155,  155,  155,  155,  155,  155,  155,  155,  155,  155,  155,  155,  155,  155,  155,  155
SANCARLOS , AGCP,  1040,  1040,  1040,  1040,  1040,  1040,  1040,  1040,  1040,  1040,  1040,  1040,  1040,  1040,  1040,  1040,  1040,  1040,  0,  0,  0,  1040,  1040,  1040
SANCARLOS1 , AGCU,  130,  130,  130,  130,  130,  130,  130,  130,  130,  130,  130,  130,  130,  130,  130,  130,  130,  130,  0,  0,  0,  130,  130,  130
SANCARLOS2 , AGCU,  130,  130,  130,  130,  130,  130,  130,  130,  130,  130,  130,  130,  130,  130,  130,  130,  130,  130,  0,  0,  0,  130,  130,  130
SANCARLOS3 , AGCU,  130,  130,  130,  130,  130,  130,  130,  130,  130,  130,  130,  130,  130,  130,  130,  130,  130,  130,  0,  0,  0,  130,  130,  130
SANCARLOS4 , AGCU,  130,  130,  130,  130,  130,  130,  130,  130,  130,  130,  130,  130,  130,  130,  130,  130,  130,  130,  0,  0,  0,  130,  130,  130
SANCARLOS5 , AGCU,  130,  130,  130,  130,  130,  130,  130,  130,  130,  130,  130,  130,  130,  130,  130,  130,  130,  130,  0,  0,  0,  130,  130,  130
SANCARLOS6 , AGCU,  130,  130,  130,  130,  130,  130,  130,  130,  130,  130,  130,  130,  130,  130,  130,  130,  130,  130,  0,  0,  0,  130,  130,  130
SANCARLOS7 , AGCU,  130,  130,  130,  130,  130,  130,  130,  130,  130,  130,  130,  130,  130,  130,  130,  130,  130,  130,  0,  0,  0,  130,  130,  130
SANCARLOS8 , AGCU,  130,  130,  130,  130,  130,  130,  130,  130,  130,  130,  130,  130,  130,  130,  130,  130,  130,  130,  0,  0,  0,  130,  130,  130
MIELI , P,  359000
MIELI1 , D,  129,  129,  129,  129,  129,  129,  129,  129,  129,  129,  129,  129,  129,  129,  129,  129,  129,  129,  129,  129,  129,  129,  129,  129
MIELI2 , D,  129,  129,  129,  129,  129,  129,  129,  129,  129,  129,  129,  129,  129,  129,  129,  129,  129,  129,  129,  129,  129,  129,  129,  129
MIELI3 , D,  129,  129,  129,  129,  129,  129,  129,  129,  129,  129,  129,  129,  129,  129,  129,  129,  129,  129,  129,  129,  129,  129,  129,  129
MIELI , AGCP,  225,  225,  225,  225,  225,  225,  225,  225,  225,  225,  225,  225,  225,  225,  225,  225,  225,  225,  225,  225,  225,  225,  225,  225
MIELI1 , AGCU,  75,  75,  75,  75,  75,  75,  75,  75,  75,  75,  75,  75,  75,  75,  75,  75,  75,  75,  75,  75,  75,  75,  75,  75
MIELI2 , AGCU,  75,  75,  75,  75,  75,  75,  75,  75,  75,  75,  75,  75,  75,  75,  75,  75,  75,  75,  75,  75,  75,  75,  75,  75
MIELI3 , AGCU,  75,  75,  75,  75,  75,  75,  75,  75,  75,  75,  75,  75,  75,  75,  75,  75,  75,  75,  75,  75,  75,  75,  75,  75
MIELI , MO,  33,  33,  33,  33,  33,  33,  33,  33,  33,  33,  33,  33,  33,  33,  33,  33,  33,  33,  33,  33,  33,  33,  33,  33
AMOYALAESPERANZA , P,  80896
AMOYALAESPERANZA1 , D,  38,  38,  38,  38,  38,  38,  38,  38,  38,  38,  38,  38,  38,  38,  38,  38,  38,  38,  38,  38,  38,  38,  38,  38
AMOYALAESPERANZA2 , D,  37,  37,  37,  37,  37,  37,  37,  37,  37,  37,  37,  37,  37,  37,  37,  37,  37,  37,  37,  37,  37,  37,  37,  37
SOGAMOSO , P,  360000
SOGAMOSO1 , D,  273,  273,  273,  273,  273,  273,  273,  273,  273,  273,  273,  273,  273,  273,  273,  273,  273,  273,  273,  273,  273,  273,  273,  273
SOGAMOSO2 , D,  273,  273,  273,  273,  273,  273,  273,  273,  273,  273,  273,  273,  273,  273,  273,  273,  273,  273,  273,  273,  273,  273,  273,  273
SOGAMOSO3 , D,  273,  273,  273,  273,  273,  273,  273,  273,  273,  273,  273,  273,  273,  273,  273,  273,  273,  273,  273,  273,  273,  273,  273,  273
SOGAMOSO , AGCP,  459,  459,  459,  459,  459,  459,  459,  459,  459,  459,  459,  459,  459,  459,  459,  459,  459,  459,  459,  459,  459,  459,  459,  459
SOGAMOSO1 , AGCU,  153,  153,  153,  153,  153,  153,  153,  153,  153,  153,  153,  153,  153,  153,  153,  153,  153,  153,  153,  153,  153,  153,  153,  153
SOGAMOSO2 , AGCU,  153,  153,  153,  153,  153,  153,  153,  153,  153,  153,  153,  153,  153,  153,  153,  153,  153,  153,  153,  153,  153,  153,  153,  153
SOGAMOSO3 , AGCU,  153,  153,  153,  153,  153,  153,  153,  153,  153,  153,  153,  153,  153,  153,  153,  153,  153,  153,  153,  153,  153,  153,  153,  153
SOGAMOSO , MO,  120,  120,  120,  120,  120,  120,  120,  120,  120,  120,  120,  120,  120,  120,  120,  120,  120,  120,  120,  120,  120,  120,  120,  120
TERMOCENTROCC , P,  541939
TERMOCENTROCC , PAP1, 242197029
TERMOCENTROCC , PAP2, 241203851
TERMOCENTROCC , PAP3, 239987399
TERMOCENTROCC , PAP4, 121348734
TERMOCENTROCC , PAP5, 120001399
TERMOCENTROCC , PAPUSD1, 62916
TERMOCENTROCC , PAPUSD2, 62658
TERMOCENTROCC , PAPUSD3, 62342
TERMOCENTROCC , PAPUSD4, 31523
TERMOCENTROCC , PAPUSD5, 31173
TERMOCENTRO1 , D,  0,  0,  0,  0,  0,  0,  0,  0,  0,  0,  0,  0,  0,  0,  0,  0,  0,  94,  94,  94,  94,  94,  0,  0
TERMOCENTRO2 , D,  0,  0,  0,  0,  0,  0,  0,  0,  0,  0,  0,  0,  0,  0,  0,  0,  0,  0,  0,  0,  0,  0,  0,  0
TERMOCENTRO3 , D,  0,  0,  0,  0,  0,  0,  0,  0,  0,  0,  0,  0,  0,  0,  0,  0,  0,  44,  44,  44,  44,  44,  0,  0
TERMOCENTROCC , CONF,  4
TERMOCENTROCC , C,  GAS
CALDERAS1 , D,  3.00,  3.00,  3.00,  3.00,  4.00,  4.00,  4.00,  3.00,  3.00,  3.00,  4.00,  4.00,  4.00,  3.00,  3.00,  3.00,  3.00,  5.00,  5.00,  5.00,  5.00,  3.00,  3.00,  3.00
CALDERAS2 , D,  3.00,  3.00,  3.00,  3.00,  4.00,  4.00,  4.00,  3.00,  3.00,  3.00,  4.00,  4.00,  4.00,  3.00,  3.00,  3.00,  3.00,  5.00,  5.00,  5.00,  5.00,  3.00,  3.00,  3.00


AGENTE: MULCALARCA
BAYONA , D,  0.35,  0.35,  0.35,  0.35,  0.35,  0.35,  0.35,  0.35,  0.35,  0.35,  0.35,  0.35,  0.30,  0.35,  0.35,  0.35,  0.35,  0.35,  0.35,  0.35,  0.35,  0.35,  0.35,  0.35
CAMPESTRE(CALARCA) , D,  0.70,  0.70,  0.70,  0.70,  0.70,  0.70,  0.70,  0.70,  0.70,  0.70,  0.70,  0.70,  0.70,  0.70,  0.70,  0.70,  0.70,  0.70,  0.70,  0.70,  0.70,  0.70,  0.70,  0.70
UNION , D,  0.65,  0.65,  0.65,  0.65,  0.65,  0.65,  0.65,  0.65,  0.65,  0.65,  0.65,  0.65,  0.65,  0.65,  0.65,  0.65,  0.65,  0.65,  0.65,  0.65,  0.65,  0.65,  0.65,  0.65


AGENTE: NITRO ENERGY
INCAUCA1 , D,  6.80,  6.80,  6.80,  6.80,  6.80,  6.80,  6.80,  6.80,  6.80,  6.80,  6.80,  6.80,  6.80,  6.80,  6.80,  6.80,  6.80,  6.80,  6.80,  6.80,  6.80,  6.80,  6.80,  6.80
INGENIOPROVIDENCIA2 , D,  16.36,  16.36,  16.36,  16.36,  16.36,  16.36,  16.36,  16.36,  16.36,  16.36,  16.36,  16.36,  16.36,  16.36,  16.36,  16.36,  16.36,  16.36,  16.36,  16.36,  16.36,  16.36,  16.36,  16.36


AGENTE: PCH ALEJANDRÍA
ALEJANDRÍA , D,  11.00,  11.00,  11.00,  11.00,  11.00,  11.00,  11.00,  11.00,  11.00,  11.00,  11.00,  11.00,  11.00,  11.00,  11.00,  11.00,  11.00,  11.00,  11.00,  11.00,  11.00,  11.00,  11.00,  11.00


AGENTE: PROELECTRICA
PROELECTRICA , P,  409306
PROELECTRICA , PAP1, 36362660
PROELECTRICA , PAPUSD1, 9446
PROELECTRICA1 , D,  45,  45,  45,  45,  45,  45,  45,  45,  44,  44,  44,  44,  44,  44,  44,  44,  44,  44,  44,  45,  45,  45,  45,  45
PROELECTRICA2 , D,  45,  45,  45,  45,  45,  45,  45,  45,  45,  45,  45,  45,  45,  45,  45,  45,  45,  45,  45,  45,  45,  45,  45,  45
PROELECTRICA , CONF,  1
PROELECTRICA , C,  GAS


AGENTE: PROENCA 
COGENERADORPROENCA , D,  15.00,  15.00,  15.00,  15.00,  15.00,  15.00,  15.00,  15.00,  15.00,  15.00,  15.00,  15.00,  15.00,  15.00,  15.00,  15.00,  15.00,  15.00,  15.00,  15.00,  15.00,  15.00,  15.00,  15.00
PROENCAII , D,  13.00,  13.00,  13.00,  13.00,  13.00,  13.00,  13.00,  13.00,  13.00,  13.00,  13.00,  13.00,  13.00,  13.00,  13.00,  13.00,  13.00,  13.00,  13.00,  13.00,  13.00,  13.00,  13.00,  13.00


AGENTE: RIOEN SAS  E.S.P.
CENTRALCASTILLA1 , D,  3.00,  3.00,  3.00,  3.00,  3.00,  3.00,  3.00,  3.00,  3.00,  3.00,  3.00,  3.00,  3.00,  3.00,  3.00,  3.00,  3.00,  3.00,  3.00,  3.00,  3.00,  3.00,  3.00,  3.00
INGENIORIOPAILA1 , D,  16.00,  16.00,  16.00,  16.00,  16.00,  16.00,  16.00,  16.00,  16.00,  16.00,  16.00,  16.00,  16.00,  16.00,  16.00,  16.00,  16.00,  16.00,  16.00,  16.00,  16.00,  16.00,  16.00,  16.00


AGENTE: RISARALDA ENERGIA
MORROAZUL , D,  12.27,  12.27,  12.27,  12.27,  12.27,  12.27,  12.27,  12.27,  12.27,  12.27,  12.27,  12.27,  12.27,  12.27,  12.27,  12.27,  12.27,  12.27,  12.27,  12.27,  12.27,  12.27,  12.27,  12.27


AGENTE: TEBSA S.A. (E.S.P.)
TEBSABCC , P,  498760
TEBSABCC , PAP1, 233435499
TEBSABCC , PAP2, 138844848
TEBSABCC , PAP3, 94590651
TEBSABCC , PAP4, 0
TEBSABCC , PAP5, 189185152
TEBSABCC , PAP6, 94590651
TEBSABCC , PAP7, 44250347
TEBSABCC , PAP8, 189185152
TEBSABCC , PAP9, 94590651
TEBSABCC , PAP10, 44250347
TEBSABCC , PAP11, 227345543
TEBSABCC , PAP12, 132751042
TEBSABCC , PAP13, 88500695
TEBSABCC , PAP14, 44250347
TEBSABCC , PAP15, 183095195
TEBSABCC , PAP16, 88500695
TEBSABCC , PAP17, 44250347
TEBSABCC , PAP18, 183095195
TEBSABCC , PAP19, 88500695
TEBSABCC , PAP20, 44250347
TEBSABCC , PAP21, 221251737
TEBSABCC , PAP22, 132751042
TEBSABCC , PAP23, 88500695
TEBSABCC , PAP24, 44250347
TEBSABCC , PAP25, 138844848
TEBSABCC , PAP26, 44250347
TEBSABCC , PAP27, 138844848
TEBSABCC , PAP28, 44250347
TEBSABCC , PAP29, 138844848
TEBSABCC , PAP30, 44250347
TEBSABCC , PAP31, 177001389
TEBSABCC , PAP32, 88500695
TEBSABCC , PAP33, 44250347
TEBSABCC , PAP34, 177001389
TEBSABCC , PAP35, 88500695
TEBSABCC , PAP36, 44250347
TEBSABCC , PAP37, 94590651
TEBSABCC , PAP38, 94590651
TEBSABCC , PAP39, 94590651
TEBSABCC , PAP40, 132751042
TEBSABCC , PAP41, 44250347
TEBSABCC , PAP42, 132751042
TEBSABCC , PAP43, 44250347
TEBSABCC , PAP44, 132751042
TEBSABCC , PAP45, 44250347
TEBSABCC , PAP46, 88500695
TEBSABCC , PAP47, 88500695
TEBSABCC , PAP48, 88500695
TEBSABCC , PAPUSD1, 60640
TEBSABCC , PAPUSD2, 36068
TEBSABCC , PAPUSD3, 24572
TEBSABCC , PAPUSD4, 0
TEBSABCC , PAPUSD5, 49145
TEBSABCC , PAPUSD6, 24572
TEBSABCC , PAPUSD7, 11495
TEBSABCC , PAPUSD8, 49145
TEBSABCC , PAPUSD9, 24572
TEBSABCC , PAPUSD10, 11495
TEBSABCC , PAPUSD11, 59058
TEBSABCC , PAPUSD12, 34485
TEBSABCC , PAPUSD13, 22990
TEBSABCC , PAPUSD14, 11495
TEBSABCC , PAPUSD15, 47563
TEBSABCC , PAPUSD16, 22990
TEBSABCC , PAPUSD17, 11495
TEBSABCC , PAPUSD18, 47563
TEBSABCC , PAPUSD19, 22990
TEBSABCC , PAPUSD20, 11495
TEBSABCC , PAPUSD21, 57475
TEBSABCC , PAPUSD22, 34485
TEBSABCC , PAPUSD23, 22990
TEBSABCC , PAPUSD24, 11495
TEBSABCC , PAPUSD25, 36068
TEBSABCC , PAPUSD26, 11495
TEBSABCC , PAPUSD27, 36068
TEBSABCC , PAPUSD28, 11495
TEBSABCC , PAPUSD29, 36068
TEBSABCC , PAPUSD30, 11495
TEBSABCC , PAPUSD31, 45980
TEBSABCC , PAPUSD32, 22990
TEBSABCC , PAPUSD33, 11495
TEBSABCC , PAPUSD34, 45980
TEBSABCC , PAPUSD35, 22990
TEBSABCC , PAPUSD36, 11495
TEBSABCC , PAPUSD37, 24572
TEBSABCC , PAPUSD38, 24572
TEBSABCC , PAPUSD39, 24572
TEBSABCC , PAPUSD40, 34485
TEBSABCC , PAPUSD41, 11495
TEBSABCC , PAPUSD42, 34485
TEBSABCC , PAPUSD43, 11495
TEBSABCC , PAPUSD44, 34485
TEBSABCC , PAPUSD45, 11495
TEBSABCC , PAPUSD46, 22990
TEBSABCC , PAPUSD47, 22990
TEBSABCC , PAPUSD48, 22990
TEBSA11 , D,  92,  92,  92,  92,  92,  92,  92,  92,  92,  92,  92,  92,  92,  92,  92,  92,  92,  92,  92,  92,  92,  92,  92,  92
TEBSA12 , D,  92,  92,  92,  92,  92,  92,  92,  92,  92,  92,  92,  92,  92,  92,  92,  92,  92,  92,  92,  92,  92,  92,  92,  92
TEBSA13 , D,  92,  92,  92,  92,  92,  92,  92,  92,  92,  92,  92,  92,  92,  92,  92,  92,  92,  92,  92,  92,  92,  92,  92,  92
TEBSA14 , D,  164,  164,  164,  164,  164,  164,  164,  164,  164,  164,  164,  164,  164,  164,  164,  164,  164,  164,  164,  164,  164,  164,  164,  164
TEBSA21 , D,  92,  92,  92,  92,  92,  92,  92,  92,  92,  92,  92,  92,  92,  92,  92,  92,  92,  92,  92,  92,  92,  92,  92,  92
TEBSA22 , D,  92,  92,  92,  92,  92,  92,  92,  92,  92,  92,  92,  92,  92,  92,  92,  92,  92,  92,  92,  92,  92,  92,  92,  92
TEBSA24 , D,  0,  0,  0,  0,  0,  0,  0,  0,  0,  0,  0,  0,  0,  0,  0,  0,  0,  0,  0,  0,  0,  0,  0,  0
TEBSABCC , CONF,  14
TEBSABCC , C,  GAS
BARRANQUILLA3 , P,  641250
BARRANQUILLA3 , PAP1, 62158361
BARRANQUILLA3 , PAP2, 62158361
BARRANQUILLA3 , PAP3, 62158361
BARRANQUILLA3 , PAPUSD1, 16147
BARRANQUILLA3 , PAPUSD2, 16147
BARRANQUILLA3 , PAPUSD3, 16147
BARRANQUILLA3 , D,  60,  60,  60,  60,  60,  60,  60,  60,  60,  60,  60,  60,  60,  60,  60,  60,  60,  60,  60,  60,  60,  60,  60,  60
BARRANQUILLA3 , CONF,  1
BARRANQUILLA3 , C,  GAS
BARRANQUILLA4 , P,  642260
BARRANQUILLA4 , PAP1, 62158361
BARRANQUILLA4 , PAP2, 62158361
BARRANQUILLA4 , PAP3, 62158361
BARRANQUILLA4 , PAPUSD1, 16147
BARRANQUILLA4 , PAPUSD2, 16147
BARRANQUILLA4 , PAPUSD3, 16147
BARRANQUILLA4 , D,  60,  60,  60,  60,  60,  60,  60,  60,  60,  60,  60,  60,  60,  60,  60,  60,  60,  60,  60,  60,  60,  60,  60,  60
BARRANQUILLA4 , CONF,  1
BARRANQUILLA4 , C,  GAS


AGENTE: TERMO MECHERO
TERMOMECHERO4 , D,  19.30,  19.30,  19.30,  19.30,  19.30,  19.30,  19.30,  19.30,  19.30,  19.30,  19.30,  19.30,  19.30,  19.30,  19.30,  19.30,  19.30,  19.30,  19.30,  19.30,  19.30,  19.30,  19.30,  19.30
TERMOMECHERO5 , D,  10.00,  10.00,  10.00,  10.00,  10.00,  10.00,  10.00,  10.00,  10.00,  10.00,  10.00,  10.00,  10.00,  10.00,  10.00,  10.00,  10.00,  10.00,  10.00,  10.00,  10.00,  10.00,  10.00,  10.00
TERMOMECHERO6 , D,  19.30,  19.30,  19.30,  19.30,  19.30,  19.30,  19.30,  19.30,  19.30,  19.30,  19.30,  19.30,  19.30,  19.30,  19.30,  19.30,  19.30,  19.30,  19.30,  19.30,  19.30,  19.30,  19.30,  19.30


AGENTE: TERMOCANDELARIA
TERMOCANDELARIA1 , P,  624414
TERMOCANDELARIA1 , PAP1, 87942513
TERMOCANDELARIA1 , PAP2, 87942513
TERMOCANDELARIA1 , PAP3, 87942513
TERMOCANDELARIA1 , PAP4, 87942513
TERMOCANDELARIA1 , PAPUSD1, 22845
TERMOCANDELARIA1 , PAPUSD2, 22845
TERMOCANDELARIA1 , PAPUSD3, 22845
TERMOCANDELARIA1 , PAPUSD4, 22845
TERMOCANDELARIA1 , D,  0,  0,  0,  0,  0,  0,  0,  0,  0,  0,  0,  0,  0,  0,  0,  0,  0,  0,  0,  0,  0,  0,  0,  0
TERMOCANDELARIA1 , CONF,  1
TERMOCANDELARIA1 , C,  GAS
TERMOCANDELARIA2 , P,  636472
TERMOCANDELARIA2 , PAP1, 87942513
TERMOCANDELARIA2 , PAP2, 87942513
TERMOCANDELARIA2 , PAP3, 87942513
TERMOCANDELARIA2 , PAP4, 87942513
TERMOCANDELARIA2 , PAPUSD1, 22845
TERMOCANDELARIA2 , PAPUSD2, 22845
TERMOCANDELARIA2 , PAPUSD3, 22845
TERMOCANDELARIA2 , PAPUSD4, 22845
TERMOCANDELARIA2 , D,  157,  157,  157,  157,  157,  157,  157,  157,  157,  157,  157,  157,  157,  157,  157,  157,  157,  157,  157,  157,  157,  157,  157,  157
TERMOCANDELARIA2 , CONF,  1
TERMOCANDELARIA2 , C,  GAS


AGENTE: TERMOEMCALI
TERMOEMCALICC , P,  788974
TERMOEMCALICC , PAP1, 161464686
TERMOEMCALICC , PAP2, 260705570
TERMOEMCALICC , PAPUSD1, 41944
TERMOEMCALICC , PAPUSD2, 67724
TERMOEMCALI1GAS , D,  138,  138,  138,  138,  138,  138,  138,  138,  138,  138,  138,  138,  138,  138,  138,  138,  138,  138,  138,  138,  138,  138,  138,  138
TERMOEMCALI1VAPOR , D,  75,  75,  75,  75,  75,  75,  75,  75,  75,  75,  75,  75,  75,  75,  75,  75,  75,  75,  75,  75,  75,  75,  75,  75
TERMOEMCALICC , CONF,  2
TERMOEMCALICC , C,  ACPM


AGENTE: TERMOFLORES
FLORESICC , P,  506837
FLORESICC , PAP1, 69684192
FLORESICC , PAP2, 69684192
FLORESICC , PAP3, 69684192
FLORESICC , PAPUSD1, 18102
FLORESICC , PAPUSD2, 18102
FLORESICC , PAPUSD3, 18102
FLORES1GAS , D,  116,  116,  116,  116,  116,  116,  116,  116,  116,  116,  116,  116,  116,  116,  116,  116,  116,  116,  116,  116,  116,  116,  116,  116
FLORES1VAPOR , D,  44,  44,  44,  44,  44,  44,  44,  44,  44,  44,  44,  44,  44,  44,  44,  44,  44,  44,  44,  44,  44,  44,  44,  44
FLORESICC , CONF,  1
FLORESICC , C,  GAS
FLORES4CC , P,  384113
FLORES4CC , PAP1, 127188471
FLORES4CC , PAP2, 127188471
FLORES4CC , PAP3, 127188471
FLORES4CC , PAP8, 58320380
FLORES4CC , PAP9, 68864242
FLORES4CC , PAP10, 68864242
FLORES4CC , PAP11, 68864242
FLORES4CC , PAPUSD1, 33040
FLORES4CC , PAPUSD2, 33040
FLORES4CC , PAPUSD3, 33040
FLORES4CC , PAPUSD8, 15150
FLORES4CC , PAPUSD9, 17889
FLORES4CC , PAPUSD10, 17889
FLORES4CC , PAPUSD11, 17889
FLORES2 , D,  118,  118,  118,  118,  118,  118,  118,  118,  118,  118,  118,  118,  118,  118,  118,  118,  118,  118,  118,  118,  118,  118,  118,  118
FLORES3 , D,  165,  165,  165,  165,  165,  165,  165,  165,  165,  165,  165,  165,  165,  165,  165,  165,  165,  165,  165,  165,  165,  165,  165,  165
FLORES4 , D,  167,  167,  167,  167,  167,  167,  167,  167,  167,  167,  167,  167,  167,  167,  167,  167,  167,  167,  167,  167,  167,  167,  167,  167
FLORES4CC , CONF,  1
FLORES4CC , C,  GAS


AGENTE: TERMONORTE
TERMONORTE , P,  595000
TERMONORTE , PAP1, 142278629
TERMONORTE , PAP2, 87399729
TERMONORTE , PAP3, 43191727
TERMONORTE , PAP4, 130961011
TERMONORTE , PAP5, 80447478
TERMONORTE , PAP6, 39757946
TERMONORTE , PAP7, 116409787
TERMONORTE , PAP8, 71508869
TERMONORTE , PAP9, 35338685
TERMONORTE , PAP10, 101858564
TERMONORTE , PAP11, 62570261
TERMONORTE , PAP12, 30923274
TERMONORTE , PAP13, 87307340
TERMONORTE , PAP14, 53631652
TERMONORTE , PAP15, 26504014
TERMONORTE , PAP16, 72756117
TERMONORTE , PAP17, 44693043
TERMONORTE , PAP18, 22088603
TERMONORTE , PAP19, 58204894
TERMONORTE , PAP20, 35754435
TERMONORTE , PAP21, 17669343
TERMONORTE , PAP22, 43653670
TERMONORTE , PAP23, 26815826
TERMONORTE , PAP24, 13253932
TERMONORTE , PAPUSD1, 36960
TERMONORTE , PAPUSD2, 22704
TERMONORTE , PAPUSD3, 11220
TERMONORTE , PAPUSD4, 34020
TERMONORTE , PAPUSD5, 20898
TERMONORTE , PAPUSD6, 10328
TERMONORTE , PAPUSD7, 30240
TERMONORTE , PAPUSD8, 18576
TERMONORTE , PAPUSD9, 9180
TERMONORTE , PAPUSD10, 26460
TERMONORTE , PAPUSD11, 16254
TERMONORTE , PAPUSD12, 8033
TERMONORTE , PAPUSD13, 22680
TERMONORTE , PAPUSD14, 13932
TERMONORTE , PAPUSD15, 6885
TERMONORTE , PAPUSD16, 18900
TERMONORTE , PAPUSD17, 11610
TERMONORTE , PAPUSD18, 5738
TERMONORTE , PAPUSD19, 15120
TERMONORTE , PAPUSD20, 9288
TERMONORTE , PAPUSD21, 4590
TERMONORTE , PAPUSD22, 11340
TERMONORTE , PAPUSD23, 6966
TERMONORTE , PAPUSD24, 3443
TERMONORTE1 , D,  8,  8,  8,  8,  8,  8,  8,  8,  8,  8,  8,  8,  8,  8,  8,  8,  8,  8,  8,  8,  8,  8,  8,  8
TERMONORTE2 , D,  8,  8,  8,  8,  8,  8,  8,  8,  8,  8,  8,  8,  8,  8,  8,  8,  8,  8,  8,  8,  8,  8,  8,  8
TERMONORTE3 , D,  8,  8,  8,  8,  8,  8,  8,  8,  8,  8,  8,  8,  8,  8,  8,  8,  8,  8,  8,  8,  8,  8,  8,  8
TERMONORTE4 , D,  8,  8,  8,  8,  8,  8,  8,  8,  8,  8,  8,  8,  8,  8,  8,  8,  8,  8,  8,  8,  8,  8,  8,  8
TERMONORTE5 , D,  8,  8,  8,  8,  8,  8,  8,  8,  8,  8,  8,  8,  8,  8,  8,  8,  8,  8,  8,  8,  8,  8,  8,  8
TERMONORTE6 , D,  8,  8,  8,  8,  8,  8,  8,  8,  8,  8,  8,  8,  8,  8,  8,  8,  8,  8,  8,  8,  8,  8,  8,  8
TERMONORTE7 , D,  8,  8,  8,  8,  8,  8,  8,  8,  8,  8,  8,  8,  8,  8,  8,  8,  8,  8,  8,  8,  8,  8,  8,  8
TERMONORTE8 , D,  8,  8,  8,  8,  8,  8,  8,  8,  8,  8,  8,  8,  8,  8,  8,  8,  8,  8,  8,  8,  8,  8,  8,  8
TERMONORTE9 , D,  8,  8,  8,  8,  8,  8,  8,  8,  8,  8,  8,  8,  8,  8,  8,  8,  8,  8,  8,  8,  8,  8,  8,  8
TERMONORTE10 , D,  8,  8,  8,  8,  8,  8,  8,  8,  8,  8,  8,  8,  8,  8,  8,  8,  8,  8,  8,  8,  8,  8,  8,  8
TERMONORTE , CONF,  1
TERMONORTE , C,  ACPM


AGENTE: TERMOPIEDRAS S.A.
TERMOPIEDRAS , D,  3.75,  3.75,  3.75,  3.75,  3.75,  3.75,  3.75,  3.75,  3.75,  3.75,  3.75,  3.75,  3.75,  3.75,  3.75,  3.75,  3.75,  3.75,  3.75,  3.75,  3.75,  3.75,  3.75,  3.75
AUTOGTURGAS , D,  3.50,  3.50,  3.50,  3.50,  3.50,  3.50,  3.50,  3.50,  3.50,  3.50,  3.50,  3.50,  3.50,  3.50,  3.50,  3.50,  3.50,  3.50,  3.50,  3.50,  3.50,  3.50,  3.50,  3.50


AGENTE: TERMOTASAJERO
TASAJERO1 , P,  144980
TASAJERO1 , PAP1, 55390887
TASAJERO1 , PAP2, 55390887
TASAJERO1 , PAP3, 55390887
TASAJERO1 , PAPUSD1, 14389
TASAJERO1 , PAPUSD2, 14389
TASAJERO1 , PAPUSD3, 14389
TASAJERO1 , D,  163,  163,  163,  163,  163,  163,  163,  163,  163,  163,  163,  163,  163,  163,  163,  163,  163,  163,  163,  163,  163,  163,  163,  163
TASAJERO1 , CONF,  1
TASAJERO1 , C,  CARBON


AGENTE: TERMOTASAJERO DOS
TASAJERO2 , P,  149980
TASAJERO2 , PAP1, 55656505
TASAJERO2 , PAP2, 55656505
TASAJERO2 , PAPUSD1, 14458
TASAJERO2 , PAPUSD2, 14458
TASAJERO2 , D,  170,  170,  170,  170,  170,  170,  170,  170,  170,  170,  170,  170,  170,  170,  170,  170,  170,  170,  170,  170,  170,  170,  170,  170
TASAJERO2 , CONF,  1
TASAJERO2 , C,  CARBON


AGENTE: TERMOVALLE
TERMOVALLECC , P,  690000
TERMOVALLECC , PAP1, 92388720
TERMOVALLECC , PAP2, 92388720
TERMOVALLECC , PAP3, 92388720
TERMOVALLECC , PAP4, 257918510
TERMOVALLECC , PAP5, 257918510
TERMOVALLECC , PAP6, 257918510
TERMOVALLECC , PAP7, 92388720
TERMOVALLECC , PAP8, 257918510
TERMOVALLECC , PAPUSD1, 24000
TERMOVALLECC , PAPUSD2, 24000
TERMOVALLECC , PAPUSD3, 24000
TERMOVALLECC , PAPUSD4, 67000
TERMOVALLECC , PAPUSD5, 67000
TERMOVALLECC , PAPUSD6, 67000
TERMOVALLECC , PAPUSD7, 24000
TERMOVALLECC , PAPUSD8, 67000
TERMOVALLE1GAS , D,  165,  165,  165,  165,  165,  165,  165,  165,  165,  165,  165,  165,  165,  165,  165,  165,  165,  165,  165,  165,  165,  165,  165,  165
TERMOVALLE1VAPOR , D,  76,  76,  76,  76,  76,  76,  76,  76,  76,  76,  76,  76,  76,  76,  76,  76,  76,  76,  76,  76,  76,  76,  76,  76
TERMOVALLECC , CONF,  4
TERMOVALLECC , C,  ACPM


AGENTE: TERMOYOPAL
TERMOYOPAL2 , P,  73500
TERMOYOPAL2 , PAP1, 6274734
TERMOYOPAL2 , PAPUSD1, 1630
TERMOYOPAL2 , D,  30,  30,  30,  30,  30,  30,  30,  30,  30,  30,  30,  30,  30,  30,  30,  30,  30,  30,  30,  30,  30,  30,  30,  30
TERMOYOPAL2 , CONF,  1
TERMOYOPAL2 , C,  GAS
TERMOYOPALG3 , P,  73500
TERMOYOPALG3 , PAP1, 2194232
TERMOYOPALG3 , PAPUSD1, 570
TERMOYOPALG3 , D,  44,  44,  44,  44,  44,  44,  44,  44,  42,  40,  40,  40,  40,  40,  40,  40,  40,  42,  42,  42,  44,  44,  44,  44
TERMOYOPALG3 , CONF,  1
TERMOYOPALG3 , C,  GAS
TERMOYOPALG4 , P,  73500
TERMOYOPALG4 , PAP1, 2194232
TERMOYOPALG4 , PAPUSD1, 570
TERMOYOPALG4 , D,  45,  45,  45,  45,  45,  45,  45,  45,  43,  41,  41,  41,  41,  41,  41,  41,  41,  43,  43,  43,  45,  45,  45,  45
TERMOYOPALG4 , CONF,  1
TERMOYOPALG4 , C,  GAS
TERMOYOPAL1 , D,  19.90,  19.90,  19.90,  19.90,  19.90,  19.90,  19.90,  19.90,  19.00,  19.00,  19.00,  19.00,  19.00,  19.00,  19.00,  19.00,  19.00,  19.00,  19.00,  19.00,  19.90,  19.90,  19.90,  19.90


AGENTE: URRA
URRA , P,  74230
URRA1 , D,  0,  0,  0,  0,  0,  0,  0,  0,  0,  0,  0,  0,  78,  78,  78,  78,  0,  0,  78,  78,  0,  0,  0,  0
URRA2 , D,  82,  82,  82,  82,  82,  82,  82,  82,  82,  82,  81,  81,  78,  78,  78,  78,  81,  81,  78,  78,  81,  81,  82,  82
URRA3 , D,  0,  0,  0,  0,  0,  0,  0,  0,  0,  0,  81,  81,  78,  78,  78,  78,  81,  81,  78,  78,  81,  81,  0,  0
URRA4 , D,  0,  0,  0,  0,  0,  0,  0,  0,  0,  0,  0,  0,  78,  78,  78,  78,  0,  0,  78,  78,  0,  0,  0,  0
URRA , AGCP,  0,  0,  0,  0,  0,  0,  0,  0,  0,  0,  0,  0,  0,  0,  0,  0,  0,  0,  0,  0,  0,  0,  0,  0
URRA1 , AGCU,  0,  0,  0,  0,  0,  0,  0,  0,  0,  0,  0,  0,  0,  0,  0,  0,  0,  0,  0,  0,  0,  0,  0,  0
URRA2 , AGCU,  0,  0,  0,  0,  0,  0,  0,  0,  0,  0,  0,  0,  0,  0,  0,  0,  0,  0,  0,  0,  0,  0,  0,  0
URRA3 , AGCU,  0,  0,  0,  0,  0,  0,  0,  0,  0,  0,  0,  0,  0,  0,  0,  0,  0,  0,  0,  0,  0,  0,  0,  0
URRA4 , AGCU,  0,  0,  0,  0,  0,  0,  0,  0,  0,  0,  0,  0,  0,  0,  0,  0,  0,  0,  0,  0,  0,  0,  0,  0
URRA , MO,  82,  82,  82,  82,  82,  82,  82,  82,  82,  82,  162,  162,  312,  312,  312,  312,  162,  162,  312,  312,  162,  162,  82,  82


AGENTE: VATIA S.A.
TRINA-VATIABSLI1 , D,  0.18,  0.18,  0.18,  0.18,  0.18,  0.18,  0.18,  0.18,  0.18,  0.18,  0.18,  0.18,  0.18,  0.18,  0.18,  0.18,  0.18,  0.18,  0.18,  0.18,  0.18,  0.18,  0.18,  0.18
TRINA-VATIABSLI1 , INVD,  126.00,  126.00,  126.00,  126.00,  126.00,  126.00,  126.00,  126.00,  126.00,  126.00,  126.00,  126.00,  126.00,  126.00,  126.00,  126.00,  126.00,  126.00,  126.00,  126.00,  126.00,  126.00,  126.00,  126.00
TRINA-VATIABSLII1 , D,  0.00,  0.00,  0.00,  0.00,  0.00,  0.00,  0.00,  0.00,  0.00,  0.00,  0.00,  0.00,  0.00,  0.00,  0.00,  0.00,  0.00,  0.00,  0.00,  0.00,  0.00,  0.00,  0.00,  0.00
TRINA-VATIABSLIII1 , D,  0.00,  0.00,  0.00,  0.00,  0.00,  0.00,  0.00,  0.00,  0.00,  0.00,  0.00,  0.00,  0.00,  0.00,  0.00,  0.00,  0.00,  0.00,  0.00,  0.00,  0.00,  0.00,  0.00,  0.00
FLORIDA21 , D,  0.00,  0.00,  0.00,  0.00,  0.00,  0.00,  0.00,  0.00,  0.00,  0.00,  0.00,  0.00,  0.00,  0.00,  0.00,  0.00,  9.50,  9.50,  9.50,  9.50,  0.00,  0.00,  0.00,  0.00
FLORIDA22 , D,  0.00,  0.00,  0.00,  0.00,  0.00,  0.00,  0.00,  0.00,  0.00,  6.50,  6.50,  6.50,  6.50,  6.50,  6.50,  6.50,  9.50,  9.50,  9.50,  9.50,  9.50,  6.20,  6.20,  6.20
LASPALMAS1 , D,  0.00,  0.00,  0.00,  0.00,  0.00,  0.00,  0.00,  0.00,  0.00,  0.00,  0.00,  0.00,  0.00,  0.00,  0.00,  0.00,  0.00,  0.00,  0.00,  0.00,  0.00,  0.00,  0.00,  0.00
LASPALMAS2 , D,  1.40,  1.40,  1.40,  1.40,  1.40,  1.40,  1.40,  1.40,  1.40,  1.40,  1.40,  1.40,  1.40,  1.40,  1.40,  1.40,  1.40,  1.40,  1.40,  1.40,  1.40,  1.40,  1.40,  1.40
OVEJAS , D,  0.80,  0.80,  0.80,  0.80,  0.80,  0.80,  0.80,  0.80,  0.80,  0.80,  0.80,  0.80,  0.80,  0.80,  0.80,  0.80,  0.80,  0.80,  0.80,  0.80,  0.80,  0.80,  0.80,  0.80
PASTALES , D,  0.51,  0.51,  0.51,  0.51,  0.51,  0.51,  0.51,  0.51,  0.51,  0.51,  0.51,  0.51,  0.51,  0.51,  0.51,  0.51,  0.51,  0.51,  0.51,  0.51,  0.51,  0.51,  0.51,  0.51
MONDOMO , D,  0.46,  0.46,  0.46,  0.46,  0.46,  0.46,  0.46,  0.46,  0.46,  0.46,  0.46,  0.46,  0.46,  0.46,  0.46,  0.46,  0.46,  0.46,  0.46,  0.46,  0.46,  0.46,  0.46,  0.46
ASNAZU , D,  0.45,  0.45,  0.45,  0.45,  0.45,  0.45,  0.45,  0.45,  0.45,  0.45,  0.45,  0.45,  0.45,  0.45,  0.45,  0.45,  0.45,  0.45,  0.45,  0.45,  0.45,  0.45,  0.45,  0.45
INZA , D,  0.35,  0.35,  0.35,  0.35,  0.35,  0.35,  0.35,  0.35,  0.35,  0.35,  0.35,  0.35,  0.35,  0.35,  0.35,  0.35,  0.35,  0.35,  0.35,  0.35,  0.35,  0.35,  0.35,  0.35
MIROLINDO , D,  2.31,  2.31,  2.31,  2.31,  2.31,  2.31,  2.31,  2.31,  2.31,  2.31,  2.31,  2.31,  2.31,  2.31,  2.31,  2.31,  2.31,  2.31,  2.31,  2.31,  2.31,  2.31,  2.31,  2.31
SAJANDI , D,  0.00,  0.00,  0.00,  0.00,  0.00,  0.00,  0.00,  0.00,  0.00,  0.00,  0.00,  0.00,  0.00,  0.00,  0.00,  0.00,  0.00,  0.00,  0.00,  0.00,  0.00,  0.00,  0.00,  0.00
SILVIA , D,  0.00,  0.00,  0.00,  0.00,  0.00,  0.00,  0.00,  0.00,  0.00,  0.00,  0.00,  0.00,  0.00,  0.00,  0.00,  0.00,  0.00,  0.00,  0.00,  0.00,  0.00,  0.00,  0.00,  0.00
RIORECIO , D,  0.30,  0.30,  0.30,  0.30,  0.30,  0.30,  0.30,  0.30,  0.30,  0.30,  0.30,  0.30,  0.30,  0.30,  0.30,  0.30,  0.30,  0.30,  0.30,  0.30,  0.30,  0.30,  0.30,  0.30
VENTANAA , D,  2.50,  2.50,  2.50,  2.50,  2.50,  2.50,  2.50,  2.50,  2.50,  2.50,  2.50,  2.50,  2.50,  2.50,  2.50,  2.50,  2.50,  2.50,  2.50,  2.50,  2.50,  2.50,  2.50,  2.50
VENTANAB , D,  0.00,  0.00,  0.00,  0.00,  0.00,  0.00,  0.00,  0.00,  0.00,  0.00,  0.00,  0.00,  0.00,  0.00,  0.00,  0.00,  0.00,  0.00,  0.00,  0.00,  0.00,  0.00,  0.00,  0.00
RIOPALO , D,  0.60,  0.60,  0.60,  0.60,  0.60,  0.60,  0.60,  0.60,  0.60,  0.60,  0.60,  0.60,  0.60,  0.60,  0.60,  0.60,  0.60,  0.60,  0.60,  0.60,  0.60,  0.60,  0.60,  0.60
SANTIAGO , D,  1.27,  1.27,  1.27,  1.27,  1.27,  1.27,  1.27,  1.27,  1.27,  1.27,  1.27,  1.27,  1.27,  1.27,  1.27,  1.27,  1.27,  1.27,  1.27,  1.27,  1.27,  1.27,  1.27,  1.27


