Ofertas Iniciales para: 2020-10-01


AGENTE: AES CHIVOR
CHIVOR , P,  125000
CHIVOR1 , D,  125,  125,  125,  125,  125,  125,  125,  125,  125,  125,  125,  125,  125,  125,  125,  125,  125,  125,  125,  125,  125,  125,  125,  125
CHIVOR2 , D,  125,  125,  125,  125,  125,  125,  125,  125,  125,  125,  125,  125,  125,  125,  125,  125,  125,  125,  125,  125,  125,  125,  125,  125
CHIVOR3 , D,  0,  0,  0,  0,  0,  0,  0,  0,  0,  0,  0,  0,  0,  0,  0,  0,  0,  0,  0,  0,  0,  0,  0,  0
CHIVOR4 , D,  125,  125,  125,  125,  125,  125,  125,  125,  125,  125,  125,  125,  125,  125,  125,  125,  125,  125,  125,  125,  125,  125,  125,  125
CHIVOR5 , D,  125,  125,  125,  125,  125,  125,  125,  125,  125,  125,  125,  125,  125,  125,  125,  125,  125,  125,  125,  125,  125,  125,  125,  125
CHIVOR6 , D,  125,  125,  125,  125,  125,  125,  125,  125,  125,  125,  125,  125,  125,  125,  125,  125,  125,  125,  125,  125,  125,  125,  125,  125
CHIVOR7 , D,  125,  125,  125,  125,  125,  125,  125,  125,  125,  125,  125,  125,  125,  125,  125,  125,  125,  125,  125,  125,  125,  125,  125,  125
CHIVOR8 , D,  125,  125,  125,  125,  125,  125,  125,  125,  125,  125,  125,  125,  125,  125,  125,  125,  125,  125,  125,  125,  125,  125,  125,  125
CHIVOR , AGCP,  735,  735,  735,  735,  735,  735,  735,  735,  735,  735,  735,  735,  735,  735,  735,  735,  735,  735,  735,  735,  735,  735,  735,  735
CHIVOR1 , AGCU,  105,  105,  105,  105,  105,  105,  105,  105,  105,  105,  105,  105,  105,  105,  105,  105,  105,  105,  105,  105,  105,  105,  105,  105
CHIVOR2 , AGCU,  105,  105,  105,  105,  105,  105,  105,  105,  105,  105,  105,  105,  105,  105,  105,  105,  105,  105,  105,  105,  105,  105,  105,  105
CHIVOR3 , AGCU,  0,  0,  0,  0,  0,  0,  0,  0,  0,  0,  0,  0,  0,  0,  0,  0,  0,  0,  0,  0,  0,  0,  0,  0
CHIVOR4 , AGCU,  105,  105,  105,  105,  105,  105,  105,  105,  105,  105,  105,  105,  105,  105,  105,  105,  105,  105,  105,  105,  105,  105,  105,  105
CHIVOR5 , AGCU,  105,  105,  105,  105,  105,  105,  105,  105,  105,  105,  105,  105,  105,  105,  105,  105,  105,  105,  105,  105,  105,  105,  105,  105
CHIVOR6 , AGCU,  105,  105,  105,  105,  105,  105,  105,  105,  105,  105,  105,  105,  105,  105,  105,  105,  105,  105,  105,  105,  105,  105,  105,  105
CHIVOR7 , AGCU,  105,  105,  105,  105,  105,  105,  105,  105,  105,  105,  105,  105,  105,  105,  105,  105,  105,  105,  105,  105,  105,  105,  105,  105
CHIVOR8 , AGCU,  105,  105,  105,  105,  105,  105,  105,  105,  105,  105,  105,  105,  105,  105,  105,  105,  105,  105,  105,  105,  105,  105,  105,  105
TUNJITA , D,  19.60,  19.60,  19.60,  19.60,  19.60,  19.60,  19.60,  19.60,  19.60,  19.60,  19.60,  19.60,  19.60,  19.60,  19.60,  19.60,  19.60,  19.60,  19.60,  19.60,  19.60,  19.60,  19.60,  19.60


AGENTE: AURES BAJO
AURESBAJO1 , D,  8.00,  8.00,  8.00,  8.00,  8.00,  8.00,  8.00,  8.00,  5.00,  6.00,  6.00,  6.00,  6.00,  6.00,  6.00,  6.00,  6.00,  6.00,  6.00,  6.00,  6.00,  6.00,  6.00,  6.00
AURESBAJO2 , D,  8.50,  8.50,  8.50,  8.50,  8.50,  8.50,  8.50,  8.50,  8.50,  8.50,  8.50,  8.50,  8.50,  8.50,  8.50,  8.50,  8.50,  8.50,  8.50,  8.50,  8.50,  8.50,  8.50,  8.50


AGENTE: AXIA ENERGIA
AUTOGUNIBOL , D,  1.00,  1.00,  1.00,  1.00,  1.00,  1.00,  1.00,  1.00,  1.00,  1.00,  1.00,  1.00,  1.00,  1.00,  1.00,  1.00,  1.00,  1.00,  1.00,  1.00,  1.00,  1.00,  1.00,  1.00
AUTOGFAMILIA , D,  1.00,  1.00,  1.00,  1.00,  1.00,  1.00,  1.00,  1.00,  1.00,  1.00,  1.00,  1.00,  1.00,  1.00,  1.00,  1.00,  1.00,  1.00,  1.00,  1.00,  1.00,  1.00,  1.00,  1.00


AGENTE: BIOGAS DOÑA JUANA
DOÑAJUANA , D,  0.25,  0.25,  0.25,  0.25,  0.25,  0.25,  0.25,  0.25,  0.25,  0.25,  0.25,  0.25,  0.25,  0.25,  0.25,  0.25,  0.25,  0.25,  0.25,  0.25,  0.25,  0.25,  0.25,  0.25


AGENTE: CANTAYÚS
CANTAYUS1 , D,  2.00,  2.00,  2.00,  2.00,  2.00,  2.00,  2.00,  2.00,  2.00,  2.00,  2.00,  2.00,  2.00,  2.00,  2.00,  2.00,  2.00,  2.00,  2.00,  2.00,  2.00,  2.00,  2.00,  2.00
CANTAYUS2 , D,  2.00,  2.00,  2.00,  2.00,  2.00,  2.00,  2.00,  2.00,  2.00,  2.00,  2.00,  2.00,  2.00,  2.00,  2.00,  2.00,  2.00,  2.00,  2.00,  2.00,  2.00,  2.00,  2.00,  2.00


AGENTE: CASCADA
SANMIGUEL , P,  70000
SANMIGUEL1 , D,  22,  22,  22,  22,  22,  22,  22,  22,  22,  22,  22,  22,  22,  22,  22,  22,  22,  22,  22,  22,  22,  22,  22,  22
SANMIGUEL2 , D,  22,  22,  22,  22,  22,  22,  22,  22,  22,  22,  22,  22,  22,  22,  22,  22,  22,  22,  22,  22,  22,  22,  22,  22
ELPOPAL1 , D,  9.95,  9.95,  9.95,  9.95,  9.95,  9.95,  9.95,  9.95,  9.95,  9.95,  9.95,  9.95,  9.95,  9.95,  9.95,  9.95,  9.95,  9.95,  9.95,  9.95,  9.95,  9.95,  9.95,  9.95
ELPOPAL2 , D,  9.95,  9.95,  9.95,  9.95,  9.95,  9.95,  9.95,  9.95,  9.95,  9.95,  9.95,  9.95,  9.95,  9.95,  9.95,  9.95,  9.95,  9.95,  9.95,  9.95,  9.95,  9.95,  9.95,  9.95
ELMOLINO1 , D,  9.45,  9.45,  9.45,  9.45,  9.45,  9.45,  9.45,  9.45,  9.45,  9.45,  9.45,  9.45,  9.45,  9.45,  9.45,  9.45,  9.45,  9.45,  9.45,  9.45,  9.45,  9.45,  9.45,  9.45
ELMOLINO2 , D,  9.45,  9.45,  9.45,  9.45,  9.45,  9.45,  9.45,  9.45,  9.45,  9.45,  9.45,  9.45,  9.45,  9.45,  9.45,  9.45,  9.45,  9.45,  9.45,  9.45,  9.45,  9.45,  9.45,  9.45
SANMATIAS1 , D,  9.44,  9.44,  9.44,  9.44,  9.44,  9.44,  9.44,  9.44,  9.44,  9.44,  9.44,  9.44,  9.44,  9.44,  9.44,  9.44,  9.44,  9.44,  9.44,  9.44,  9.44,  9.44,  9.44,  9.44
SANMATIAS2 , D,  9.44,  9.44,  9.44,  9.44,  9.44,  9.44,  9.44,  9.44,  9.44,  9.44,  9.44,  9.44,  9.44,  9.44,  9.44,  9.44,  9.44,  9.44,  9.44,  9.44,  9.44,  9.44,  9.44,  9.44
LACASCADA(ANTIOQUIA) , D,  2.17,  2.17,  2.17,  2.17,  2.17,  2.17,  2.17,  2.17,  2.17,  2.17,  2.17,  2.17,  2.17,  2.17,  2.17,  2.17,  2.17,  2.17,  2.17,  2.17,  2.17,  2.17,  2.17,  2.17
CARUQUIA , D,  8.51,  8.51,  8.51,  8.51,  8.51,  8.51,  8.51,  8.51,  8.51,  8.51,  8.51,  8.51,  8.51,  8.51,  8.51,  8.51,  8.51,  8.51,  8.51,  8.51,  8.51,  8.51,  8.51,  8.51
GUANAQUITAS , D,  9.50,  9.50,  9.50,  9.50,  9.50,  9.50,  9.50,  9.50,  9.50,  9.50,  9.50,  9.50,  9.50,  9.50,  9.50,  9.50,  9.50,  9.50,  9.50,  9.50,  9.50,  9.50,  9.50,  9.50
BARROSO , D,  10.00,  10.00,  10.00,  10.00,  10.00,  10.00,  10.00,  10.00,  0.00,  0.00,  0.00,  0.00,  10.00,  10.00,  10.00,  10.00,  10.00,  10.00,  10.00,  10.00,  10.00,  19.90,  19.90,  19.90


AGENTE: CCG ENERGY SAS ESP
PATICO-LACABRERA , D,  1.30,  1.30,  1.30,  1.30,  1.30,  1.30,  1.30,  1.30,  1.30,  1.30,  1.30,  1.30,  1.30,  1.30,  1.30,  1.30,  1.30,  1.30,  1.30,  1.30,  1.30,  1.30,  1.30,  1.30


AGENTE: CEDENAR
RIOMAYO1 , D,  0.00,  0.00,  0.00,  0.00,  0.00,  0.00,  0.00,  0.00,  6.40,  6.40,  6.40,  6.40,  0.00,  0.00,  0.00,  0.00,  0.00,  0.00,  6.40,  6.40,  6.40,  6.40,  6.40,  0.00
RIOMAYO2 , D,  0.00,  0.00,  0.00,  0.00,  0.00,  0.00,  0.00,  0.00,  6.60,  6.60,  6.60,  6.60,  0.00,  0.00,  0.00,  0.00,  0.00,  0.00,  6.60,  6.60,  6.60,  6.60,  6.60,  0.00
RIOMAYO3 , D,  0.00,  0.00,  0.00,  0.00,  0.00,  0.00,  0.00,  0.00,  6.70,  6.70,  6.70,  6.70,  0.00,  0.00,  0.00,  0.00,  0.00,  0.00,  6.70,  6.70,  6.70,  6.70,  6.70,  0.00
RIOSAPUYES , D,  1.11,  1.11,  1.11,  1.11,  1.11,  1.11,  1.11,  1.11,  1.11,  1.11,  1.11,  1.11,  1.11,  1.11,  1.11,  1.11,  1.11,  1.11,  1.11,  1.11,  1.11,  1.11,  1.11,  1.11
JULIOBRAVO , D,  0.00,  0.00,  0.00,  0.00,  0.00,  0.00,  0.00,  0.00,  0.00,  0.00,  0.00,  0.00,  0.00,  0.00,  0.00,  0.00,  0.00,  0.00,  0.00,  0.00,  0.00,  0.00,  0.00,  0.00
RIOBOBO , D,  1.05,  1.05,  1.05,  1.05,  1.05,  1.05,  1.05,  1.05,  1.05,  1.05,  1.05,  1.05,  1.05,  1.05,  1.05,  1.05,  1.05,  1.05,  1.05,  1.05,  1.05,  1.05,  1.05,  1.05


AGENTE: CELSIA COLOMBIA
CALIMA , P,  188900
CALIMA1 , D,  33,  33,  33,  33,  33,  33,  33,  33,  33,  33,  33,  33,  33,  33,  33,  33,  33,  33,  33,  33,  33,  33,  33,  33
CALIMA2 , D,  33,  33,  33,  33,  33,  33,  33,  33,  33,  33,  33,  33,  33,  33,  33,  33,  33,  33,  33,  33,  33,  33,  33,  33
CALIMA3 , D,  33,  33,  33,  33,  33,  33,  33,  33,  33,  33,  33,  33,  33,  33,  33,  33,  33,  33,  33,  33,  33,  33,  33,  33
CALIMA4 , D,  33,  33,  33,  33,  33,  33,  33,  33,  33,  33,  33,  33,  33,  33,  33,  33,  33,  33,  33,  33,  33,  33,  33,  33
CALIMA , AGCP,  68,  68,  68,  68,  68,  68,  68,  68,  68,  68,  68,  68,  68,  68,  68,  68,  68,  68,  68,  68,  68,  68,  68,  68
CALIMA1 , AGCU,  17,  17,  17,  17,  17,  17,  17,  17,  17,  17,  17,  17,  17,  17,  17,  17,  17,  17,  17,  17,  17,  17,  17,  17
CALIMA2 , AGCU,  17,  17,  17,  17,  17,  17,  17,  17,  17,  17,  17,  17,  17,  17,  17,  17,  17,  17,  17,  17,  17,  17,  17,  17
CALIMA3 , AGCU,  17,  17,  17,  17,  17,  17,  17,  17,  17,  17,  17,  17,  17,  17,  17,  17,  17,  17,  17,  17,  17,  17,  17,  17
CALIMA4 , AGCU,  17,  17,  17,  17,  17,  17,  17,  17,  17,  17,  17,  17,  17,  17,  17,  17,  17,  17,  17,  17,  17,  17,  17,  17
PRADO , P,  94000
PRADO1 , D,  14,  14,  14,  14,  14,  14,  14,  14,  14,  14,  14,  14,  14,  14,  14,  14,  14,  14,  14,  14,  14,  14,  14,  14
PRADO2 , D,  14,  14,  14,  14,  14,  14,  14,  14,  14,  14,  14,  14,  14,  14,  14,  14,  14,  14,  14,  14,  14,  14,  14,  14
PRADO3 , D,  14,  14,  14,  14,  14,  14,  14,  14,  14,  14,  14,  14,  14,  14,  14,  14,  14,  14,  14,  14,  14,  14,  14,  14
SALVAJINA , P,  250000
SALVAJINA1 , D,  0,  0,  0,  0,  0,  0,  0,  0,  0,  0,  0,  0,  0,  0,  0,  0,  0,  0,  0,  0,  0,  0,  0,  0
SALVAJINA2 , D,  76,  76,  76,  76,  76,  76,  76,  76,  76,  76,  76,  76,  76,  76,  76,  76,  76,  76,  76,  76,  76,  76,  76,  76
SALVAJINA3 , D,  76,  76,  76,  76,  76,  76,  76,  76,  76,  76,  76,  76,  76,  76,  76,  76,  76,  76,  76,  76,  76,  76,  76,  76
SALVAJINA , AGCP,  0,  0,  0,  0,  0,  0,  0,  0,  0,  0,  0,  0,  0,  0,  0,  0,  0,  0,  0,  0,  0,  0,  0,  0
SALVAJINA2 , AGCU,  0,  0,  0,  0,  0,  0,  0,  0,  0,  0,  0,  0,  0,  0,  0,  0,  0,  0,  0,  0,  0,  0,  0,  0
SALVAJINA3 , AGCU,  0,  0,  0,  0,  0,  0,  0,  0,  0,  0,  0,  0,  0,  0,  0,  0,  0,  0,  0,  0,  0,  0,  0,  0
SALVAJINA , MO,  60,  60,  60,  60,  60,  60,  60,  60,  60,  60,  60,  60,  60,  60,  60,  60,  60,  60,  60,  60,  60,  60,  60,  60
ALBAN , P,  87990
ALTOANCHICAYA1 , D,  115,  115,  115,  115,  115,  115,  115,  115,  115,  115,  115,  115,  115,  115,  115,  115,  115,  115,  115,  115,  115,  115,  115,  115
ALTOANCHICAYA2 , D,  115,  115,  115,  115,  115,  115,  115,  115,  115,  115,  115,  115,  115,  115,  115,  115,  115,  115,  115,  115,  115,  115,  115,  115
ALTOANCHICAYA3 , D,  0,  0,  0,  0,  0,  0,  0,  0,  0,  0,  0,  0,  0,  0,  0,  0,  0,  0,  115,  115,  115,  115,  115,  115
BAJOANCHICAYA1 , D,  13,  13,  13,  13,  13,  13,  13,  13,  13,  13,  13,  13,  13,  13,  13,  13,  13,  13,  13,  13,  13,  13,  13,  13
BAJOANCHICAYA2 , D,  12,  12,  12,  12,  12,  12,  12,  12,  12,  12,  12,  12,  12,  12,  12,  12,  12,  12,  12,  12,  12,  12,  12,  12
BAJOANCHICAYA3 , D,  12,  12,  12,  12,  12,  12,  12,  12,  12,  12,  12,  12,  12,  12,  12,  12,  12,  12,  21,  21,  21,  21,  21,  21
BAJOANCHICAYA4 , D,  12,  12,  12,  12,  12,  12,  12,  12,  12,  12,  12,  12,  12,  12,  12,  12,  12,  12,  22,  22,  22,  22,  22,  22
ALBAN , AGCP,  170,  170,  170,  170,  170,  170,  170,  170,  170,  170,  170,  170,  170,  170,  170,  170,  170,  170,  254,  254,  254,  254,  254,  254
ALTOANCHICAYA1 , AGCU,  85,  85,  85,  85,  85,  85,  85,  85,  85,  85,  85,  85,  85,  85,  85,  85,  85,  85,  85,  85,  85,  85,  85,  85
ALTOANCHICAYA2 , AGCU,  85,  85,  85,  85,  85,  85,  85,  85,  85,  85,  85,  85,  85,  85,  85,  85,  85,  85,  85,  85,  85,  85,  85,  85
ALTOANCHICAYA3 , AGCU,  0,  0,  0,  0,  0,  0,  0,  0,  0,  0,  0,  0,  0,  0,  0,  0,  0,  0,  85,  85,  85,  85,  85,  85
BAJOANCHICAYA1 , AGCU,  0,  0,  0,  0,  0,  0,  0,  0,  0,  0,  0,  0,  0,  0,  0,  0,  0,  0,  0,  0,  0,  0,  0,  0
BAJOANCHICAYA3 , AGCU,  0,  0,  0,  0,  0,  0,  0,  0,  0,  0,  0,  0,  0,  0,  0,  0,  0,  0,  0,  0,  0,  0,  0,  0
ALBAN , MO,  10,  10,  10,  10,  10,  10,  10,  10,  10,  10,  10,  10,  10,  10,  10,  10,  10,  10,  10,  10,  10,  10,  10,  10
CUCUANA , P,  75609
CUCUANA1 , D,  28,  28,  28,  28,  28,  28,  28,  28,  28,  28,  28,  28,  28,  28,  28,  28,  28,  28,  28,  28,  28,  28,  28,  28
CUCUANA2 , D,  28,  28,  28,  28,  28,  28,  28,  28,  28,  28,  28,  28,  28,  28,  28,  28,  28,  28,  28,  28,  28,  28,  28,  28
MERILECTRICA1 , P,  664508
MERILECTRICA1 , PAP1, 64908078
MERILECTRICA1 , PAPUSD1, 16816
MERILECTRICA1 , D,  167,  167,  167,  167,  167,  167,  167,  167,  167,  167,  167,  167,  167,  167,  167,  167,  167,  167,  167,  167,  167,  167,  167,  167
MERILECTRICA1 , CONF,  1
MERILECTRICA1 , C,  GAS
CELSIASOLARESPINAL1 , D,  0.00,  0.00,  0.00,  0.00,  0.00,  0.00,  0.00,  0.00,  0.00,  0.00,  0.00,  0.00,  0.00,  0.00,  0.00,  0.00,  0.00,  0.00,  0.00,  0.00,  0.00,  0.00,  0.00,  0.00
PRADO4 , D,  4.00,  4.00,  4.00,  4.00,  4.00,  4.00,  4.00,  3.00,  3.00,  3.00,  3.00,  3.00,  3.00,  3.00,  3.00,  3.00,  3.00,  3.00,  3.00,  3.00,  3.00,  3.00,  3.00,  3.00
RIOCALI1 , D,  0.00,  0.00,  0.00,  0.00,  0.00,  0.00,  0.00,  0.00,  0.00,  0.00,  0.00,  0.00,  0.00,  0.00,  0.00,  0.00,  0.00,  0.00,  0.00,  0.00,  0.00,  0.00,  0.00,  0.00
RIOCALI2 , D,  0.00,  0.00,  0.00,  0.00,  0.00,  0.00,  0.00,  0.00,  0.00,  0.00,  0.00,  0.00,  0.00,  0.00,  0.00,  0.00,  0.00,  0.00,  0.00,  0.00,  0.00,  0.00,  0.00,  0.00
BAJOTULUA1 , D,  3.00,  3.00,  2.00,  2.00,  2.00,  2.00,  2.00,  2.00,  2.00,  2.00,  2.00,  2.00,  2.00,  2.00,  2.00,  2.00,  2.00,  2.00,  2.00,  2.00,  1.00,  2.00,  2.00,  2.00
BAJOTULUA2 , D,  3.00,  3.00,  2.00,  2.00,  2.00,  2.00,  2.00,  2.00,  2.00,  2.00,  2.00,  2.00,  2.00,  2.00,  2.00,  2.00,  2.00,  2.00,  2.00,  2.00,  1.00,  2.00,  2.00,  2.00
ALTOTULUA1 , D,  1.00,  1.00,  1.00,  1.00,  1.00,  1.00,  1.00,  1.00,  1.00,  1.00,  1.00,  1.00,  1.00,  1.00,  0.00,  0.00,  0.00,  0.00,  0.00,  0.00,  0.00,  0.00,  0.00,  0.00
ALTOTULUA2 , D,  1.00,  1.00,  1.00,  1.00,  1.00,  1.00,  1.00,  1.00,  1.00,  1.00,  1.00,  1.00,  1.00,  1.00,  0.00,  0.00,  0.00,  0.00,  0.00,  0.00,  0.00,  0.00,  0.00,  0.00
HIDROMONTAÑITAS1 , D,  9.00,  9.00,  9.00,  9.00,  9.00,  9.00,  9.00,  9.00,  9.00,  9.00,  9.00,  9.00,  9.00,  9.00,  9.00,  9.00,  9.00,  9.00,  9.00,  9.00,  9.00,  9.00,  9.00,  9.00
HIDROMONTAÑITAS2 , D,  9.00,  9.00,  9.00,  9.00,  9.00,  9.00,  9.00,  9.00,  9.00,  9.00,  9.00,  9.00,  9.00,  9.00,  9.00,  9.00,  9.00,  9.00,  9.00,  9.00,  9.00,  9.00,  9.00,  9.00
RIOPIEDRAS1 , D,  9.00,  9.00,  9.00,  9.00,  9.00,  9.00,  9.00,  9.00,  9.00,  9.00,  9.00,  9.00,  9.00,  9.00,  9.00,  9.00,  9.00,  9.00,  9.00,  9.00,  9.00,  9.00,  9.00,  9.00
RIOPIEDRAS2 , D,  9.00,  9.00,  9.00,  9.00,  9.00,  9.00,  9.00,  9.00,  9.00,  9.00,  9.00,  9.00,  9.00,  9.00,  9.00,  9.00,  9.00,  9.00,  9.00,  9.00,  9.00,  9.00,  9.00,  9.00
SANANDRESDECUERQUIA1 , D,  8.00,  8.00,  8.00,  8.00,  9.00,  9.00,  9.00,  9.00,  9.00,  8.00,  8.00,  8.00,  8.00,  8.00,  8.00,  8.00,  8.00,  8.00,  7.00,  7.00,  7.00,  7.00,  7.00,  7.00
SANANDRESDECUERQUIA2 , D,  8.00,  8.00,  8.00,  8.00,  9.00,  9.00,  9.00,  9.00,  9.00,  8.00,  8.00,  8.00,  8.00,  8.00,  8.00,  8.00,  8.00,  8.00,  7.00,  7.00,  7.00,  7.00,  7.00,  7.00
AMAIME , D,  3.00,  3.00,  3.00,  3.00,  3.00,  3.00,  3.00,  3.00,  3.00,  3.00,  3.00,  3.00,  2.00,  2.00,  2.00,  2.00,  2.00,  2.00,  2.00,  2.00,  2.00,  2.00,  2.00,  2.00
ELCOCUYO , D,  0.00,  0.00,  0.00,  0.00,  0.00,  0.00,  0.00,  0.00,  0.00,  0.00,  0.00,  0.00,  0.00,  0.00,  0.00,  0.00,  0.00,  0.00,  0.00,  0.00,  0.00,  0.00,  0.00,  0.00
MAYAGUEZ1 , D,  15.00,  15.00,  15.00,  15.00,  15.00,  15.00,  15.00,  15.00,  14.00,  15.00,  15.00,  14.00,  14.00,  14.00,  13.00,  12.00,  13.00,  13.00,  14.00,  14.00,  14.00,  14.00,  13.00,  13.00
COGENERADORMANUELITA2 , D,  6.00,  7.00,  7.00,  5.00,  5.00,  6.00,  7.00,  7.00,  6.00,  6.00,  6.00,  6.00,  6.00,  6.00,  5.00,  5.00,  3.00,  3.00,  2.00,  8.00,  6.00,  5.00,  5.00,  5.00
AUTOGARGOSCARTAGENA , D,  0.00,  0.00,  0.00,  0.00,  0.00,  0.00,  0.00,  0.00,  0.00,  0.00,  0.00,  0.00,  0.00,  0.00,  0.00,  0.00,  0.00,  0.00,  0.00,  0.00,  0.00,  0.00,  0.00,  0.00
AUTOGARGOSYUMBO , D,  0.00,  0.00,  0.00,  0.00,  0.00,  0.00,  0.00,  0.00,  0.00,  0.00,  0.00,  0.00,  0.00,  0.00,  0.00,  0.00,  0.00,  0.00,  0.00,  0.00,  0.00,  0.00,  0.00,  0.00
TEQUENDAMABIOGAS , D,  0.00,  0.00,  0.00,  0.00,  0.00,  0.00,  0.00,  0.00,  0.00,  0.00,  0.00,  0.00,  0.00,  0.00,  0.00,  0.00,  0.00,  0.00,  0.00,  0.00,  0.00,  0.00,  0.00,  0.00
AUTOGCELSIASOLARYUMBO , D,  0.00,  0.00,  0.00,  0.00,  0.00,  0.00,  0.00,  0.00,  1.00,  2.00,  3.00,  2.00,  3.00,  3.00,  0.00,  0.00,  0.00,  0.00,  0.00,  0.00,  0.00,  0.00,  0.00,  0.00
AUTOGCELSIASOLARYUMBO , INVD,  9.00,  9.00,  9.00,  9.00,  9.00,  9.00,  9.00,  9.00,  9.00,  9.00,  9.00,  9.00,  9.00,  9.00,  9.00,  9.00,  9.00,  9.00,  9.00,  9.00,  9.00,  9.00,  9.00,  9.00
CELSIASOLARBOLIVAR , D,  0.00,  0.00,  0.00,  0.00,  0.00,  0.00,  0.00,  2.00,  3.00,  4.00,  4.00,  6.00,  7.00,  6.00,  3.00,  1.00,  2.00,  0.00,  0.00,  0.00,  0.00,  0.00,  0.00,  0.00
CELSIASOLARBOLIVAR , INVD,  5.00,  5.00,  5.00,  5.00,  5.00,  5.00,  5.00,  5.00,  5.00,  5.00,  5.00,  5.00,  5.00,  5.00,  5.00,  5.00,  5.00,  5.00,  5.00,  5.00,  5.00,  5.00,  5.00,  5.00
NIMA , D,  2.00,  2.00,  2.00,  2.00,  2.00,  2.00,  2.00,  2.00,  2.00,  2.00,  2.00,  2.00,  2.00,  2.00,  2.00,  2.00,  2.00,  2.00,  2.00,  2.00,  2.00,  2.00,  2.00,  2.00


AGENTE: CEMEX ENERGY
SUEVA2 , D,  5.00,  5.00,  5.00,  5.00,  5.00,  5.00,  5.00,  5.00,  5.00,  5.00,  5.00,  5.00,  5.00,  5.00,  5.00,  5.00,  5.00,  5.00,  5.00,  5.00,  5.00,  5.00,  5.00,  5.00
BIOENERGY , D,  17.00,  17.00,  17.00,  17.00,  17.00,  17.00,  17.00,  17.00,  17.00,  17.00,  17.00,  17.00,  17.00,  17.00,  17.00,  17.00,  17.00,  17.00,  17.00,  17.00,  17.00,  17.00,  17.00,  17.00
AUTOGREFICAR , D,  7.50,  7.50,  7.50,  7.50,  7.50,  7.50,  7.50,  7.50,  7.50,  7.50,  7.50,  7.50,  7.50,  7.50,  7.50,  7.50,  7.50,  7.50,  7.50,  7.50,  7.50,  7.50,  7.50,  7.50
AUTOGFERTICOL , D,  16.00,  16.00,  16.00,  16.00,  16.00,  16.00,  16.00,  16.00,  16.00,  16.00,  16.00,  16.00,  16.00,  16.00,  16.00,  16.00,  16.00,  16.00,  16.00,  16.00,  16.00,  16.00,  16.00,  16.00


AGENTE: CES
PAIPA4 , P,  164236
PAIPA4 , PAP1, 20503789
PAIPA4 , PAPUSD1, 5312
PAIPA4 , D,  0,  0,  0,  0,  0,  0,  0,  0,  0,  0,  0,  0,  0,  0,  0,  0,  0,  0,  0,  0,  0,  0,  0,  0
PAIPA4 , CONF,  1
PAIPA4 , C,  CARBON


AGENTE: CETSA(TULUA)
RIOFRIOII1 , D,  3.00,  2.00,  3.00,  3.00,  3.00,  3.00,  3.00,  3.00,  3.00,  3.00,  3.00,  3.00,  3.00,  3.00,  3.00,  3.00,  3.00,  3.00,  3.00,  3.00,  2.00,  3.00,  3.00,  3.00
RIOFRIOII2 , D,  3.00,  2.00,  3.00,  3.00,  3.00,  3.00,  3.00,  3.00,  3.00,  3.00,  3.00,  3.00,  3.00,  3.00,  3.00,  3.00,  3.00,  3.00,  3.00,  3.00,  2.00,  3.00,  3.00,  3.00
RIOFRIOI , D,  1.00,  1.00,  1.00,  1.00,  1.00,  1.00,  1.00,  1.00,  1.00,  1.00,  1.00,  1.00,  1.00,  1.00,  1.00,  1.00,  1.00,  1.00,  1.00,  1.00,  1.00,  1.00,  1.00,  1.00
RUMOR , D,  1.00,  1.00,  1.00,  1.00,  1.00,  1.00,  1.00,  1.00,  1.00,  1.00,  1.00,  1.00,  1.00,  1.00,  1.00,  1.00,  1.00,  1.00,  1.00,  1.00,  1.00,  1.00,  1.00,  1.00


AGENTE: CH EL EDEN
ELEDÉN , D,  11.00,  11.00,  11.00,  11.00,  11.00,  11.00,  11.00,  11.00,  11.00,  11.00,  11.00,  11.00,  11.00,  11.00,  11.00,  11.00,  11.00,  11.00,  11.00,  11.00,  11.00,  11.00,  11.00,  11.00


AGENTE: CHC S.A.S. E.S.P.
MAGALLO , D,  4.60,  4.60,  4.60,  4.60,  4.60,  4.60,  4.60,  4.60,  4.60,  4.60,  4.60,  4.60,  4.60,  4.60,  4.60,  4.60,  4.60,  4.60,  4.60,  4.60,  4.60,  4.60,  4.60,  4.60


AGENTE: DICELER 
INGENIOSANCARLOS1 , D,  0.00,  0.00,  0.00,  0.00,  0.00,  0.00,  0.00,  0.00,  0.00,  0.00,  0.00,  0.00,  0.00,  0.00,  0.00,  0.00,  0.00,  0.00,  0.00,  0.00,  0.00,  0.00,  0.00,  0.00


AGENTE: EEP(PEREIRA)
BELMONTE , D,  3.00,  3.00,  3.00,  3.00,  3.00,  3.00,  3.00,  3.00,  3.00,  3.00,  3.00,  3.00,  3.00,  3.00,  3.00,  3.00,  3.00,  3.00,  3.00,  3.00,  3.00,  3.00,  3.00,  3.00
INGENIORISARALDA1 , D,  15.00,  15.00,  15.00,  15.00,  15.00,  15.00,  15.00,  15.00,  15.00,  15.00,  15.00,  15.00,  15.00,  15.00,  15.00,  15.00,  15.00,  15.00,  15.00,  15.00,  15.00,  15.00,  15.00,  15.00
NUEVOLIBARE , D,  1.00,  1.00,  1.00,  1.00,  1.00,  1.00,  1.00,  1.00,  1.00,  1.00,  1.00,  1.00,  1.00,  1.00,  1.00,  1.00,  1.00,  1.00,  1.00,  1.00,  1.00,  1.00,  1.00,  1.00


AGENTE: EEPPM
ESMERALDA , P,  75609
ESMERALDA1 , D,  14,  14,  14,  14,  14,  14,  14,  14,  14,  14,  14,  14,  14,  14,  14,  14,  14,  14,  14,  14,  14,  14,  14,  14
ESMERALDA2 , D,  14,  14,  14,  14,  14,  14,  14,  14,  14,  14,  14,  14,  14,  14,  14,  14,  14,  14,  14,  14,  14,  14,  14,  14
GUATAPE , P,  75609
GUATAPE1 , D,  70,  70,  70,  70,  70,  70,  70,  70,  70,  70,  70,  70,  70,  70,  70,  70,  70,  70,  70,  70,  70,  70,  70,  70
GUATAPE2 , D,  70,  70,  70,  70,  70,  70,  70,  70,  70,  70,  70,  70,  70,  70,  70,  70,  70,  70,  70,  70,  70,  70,  70,  70
GUATAPE3 , D,  70,  70,  70,  70,  70,  70,  70,  70,  70,  70,  70,  70,  70,  70,  70,  70,  70,  70,  70,  70,  70,  70,  70,  70
GUATAPE4 , D,  70,  70,  70,  70,  70,  70,  70,  70,  70,  70,  70,  70,  70,  70,  70,  70,  70,  70,  70,  70,  70,  70,  70,  70
GUATAPE5 , D,  70,  70,  70,  70,  70,  70,  70,  70,  70,  70,  70,  70,  70,  70,  70,  70,  70,  70,  70,  70,  70,  70,  70,  70
GUATAPE6 , D,  70,  70,  70,  70,  70,  70,  70,  70,  70,  70,  70,  70,  70,  70,  70,  70,  70,  70,  70,  70,  70,  70,  70,  70
GUATAPE7 , D,  70,  70,  70,  70,  70,  70,  70,  70,  70,  70,  70,  70,  70,  70,  70,  70,  70,  70,  70,  70,  70,  70,  70,  70
GUATAPE8 , D,  70,  70,  70,  70,  70,  70,  70,  70,  70,  70,  70,  70,  70,  70,  70,  70,  70,  70,  70,  70,  70,  70,  70,  70
GUATAPE , AGCP,  560,  560,  560,  560,  560,  560,  560,  560,  560,  560,  560,  560,  560,  560,  560,  560,  560,  560,  560,  560,  560,  560,  560,  560
GUATAPE1 , AGCU,  70,  70,  70,  70,  70,  70,  70,  70,  70,  70,  70,  70,  70,  70,  70,  70,  70,  70,  70,  70,  70,  70,  70,  70
GUATAPE2 , AGCU,  70,  70,  70,  70,  70,  70,  70,  70,  70,  70,  70,  70,  70,  70,  70,  70,  70,  70,  70,  70,  70,  70,  70,  70
GUATAPE3 , AGCU,  70,  70,  70,  70,  70,  70,  70,  70,  70,  70,  70,  70,  70,  70,  70,  70,  70,  70,  70,  70,  70,  70,  70,  70
GUATAPE4 , AGCU,  70,  70,  70,  70,  70,  70,  70,  70,  70,  70,  70,  70,  70,  70,  70,  70,  70,  70,  70,  70,  70,  70,  70,  70
GUATAPE5 , AGCU,  70,  70,  70,  70,  70,  70,  70,  70,  70,  70,  70,  70,  70,  70,  70,  70,  70,  70,  70,  70,  70,  70,  70,  70
GUATAPE6 , AGCU,  70,  70,  70,  70,  70,  70,  70,  70,  70,  70,  70,  70,  70,  70,  70,  70,  70,  70,  70,  70,  70,  70,  70,  70
GUATAPE7 , AGCU,  70,  70,  70,  70,  70,  70,  70,  70,  70,  70,  70,  70,  70,  70,  70,  70,  70,  70,  70,  70,  70,  70,  70,  70
GUATAPE8 , AGCU,  70,  70,  70,  70,  70,  70,  70,  70,  70,  70,  70,  70,  70,  70,  70,  70,  70,  70,  70,  70,  70,  70,  70,  70
LATASAJERA , P,  75609
LATASAJERA1 , D,  102,  102,  102,  102,  102,  102,  102,  102,  102,  102,  102,  102,  102,  102,  102,  102,  102,  102,  102,  102,  102,  102,  102,  102
LATASAJERA2 , D,  102,  102,  102,  102,  102,  102,  102,  102,  102,  102,  102,  102,  102,  102,  102,  102,  102,  102,  102,  102,  102,  102,  102,  102
LATASAJERA3 , D,  102,  102,  102,  102,  102,  102,  102,  102,  102,  102,  102,  102,  102,  102,  102,  102,  102,  102,  102,  102,  102,  102,  102,  102
LATASAJERA , AGCP,  306,  306,  306,  306,  306,  306,  306,  306,  306,  306,  306,  306,  306,  306,  306,  306,  306,  306,  306,  306,  306,  306,  306,  306
LATASAJERA1 , AGCU,  102,  102,  102,  102,  102,  102,  102,  102,  102,  102,  102,  102,  102,  102,  102,  102,  102,  102,  102,  102,  102,  102,  102,  102
LATASAJERA2 , AGCU,  102,  102,  102,  102,  102,  102,  102,  102,  102,  102,  102,  102,  102,  102,  102,  102,  102,  102,  102,  102,  102,  102,  102,  102
LATASAJERA3 , AGCU,  102,  102,  102,  102,  102,  102,  102,  102,  102,  102,  102,  102,  102,  102,  102,  102,  102,  102,  102,  102,  102,  102,  102,  102
PLAYAS , P,  75609
PLAYAS1 , D,  69,  69,  69,  69,  69,  69,  69,  69,  69,  69,  69,  69,  69,  69,  69,  69,  69,  69,  69,  69,  69,  69,  69,  69
PLAYAS2 , D,  69,  69,  69,  69,  69,  69,  69,  69,  69,  69,  69,  69,  69,  69,  69,  69,  69,  69,  69,  69,  69,  69,  69,  69
PLAYAS3 , D,  69,  69,  69,  69,  69,  69,  69,  69,  69,  69,  69,  69,  69,  69,  69,  69,  69,  69,  69,  69,  69,  69,  69,  69
SANFRANCISCO , P,  75609
SANFRANCISCO1 , D,  0,  0,  0,  0,  0,  0,  0,  0,  0,  0,  0,  0,  0,  0,  0,  0,  0,  0,  0,  0,  0,  0,  0,  0
SANFRANCISCO2 , D,  35,  35,  35,  35,  35,  35,  35,  35,  35,  35,  35,  35,  35,  35,  35,  35,  35,  35,  35,  35,  35,  35,  35,  35
SANFRANCISCO3 , D,  0,  0,  0,  0,  0,  0,  0,  0,  0,  0,  0,  0,  0,  0,  0,  0,  0,  0,  0,  0,  0,  0,  0,  0
GUATRON , P,  75609
GUADALUPE31 , D,  45,  45,  45,  45,  45,  45,  45,  45,  45,  45,  45,  45,  45,  45,  45,  45,  45,  45,  45,  45,  45,  45,  45,  45
GUADALUPE32 , D,  45,  45,  45,  45,  45,  45,  45,  45,  45,  45,  45,  45,  45,  45,  45,  45,  45,  45,  45,  45,  45,  45,  45,  45
GUADALUPE33 , D,  0,  0,  0,  0,  0,  0,  0,  0,  0,  0,  0,  0,  0,  0,  0,  0,  0,  0,  0,  0,  0,  0,  0,  0
GUADALUPE34 , D,  45,  45,  45,  45,  45,  45,  45,  45,  45,  45,  45,  45,  45,  45,  45,  45,  45,  45,  45,  45,  45,  45,  45,  45
GUADALUPE35 , D,  45,  45,  45,  45,  45,  45,  45,  45,  45,  45,  45,  45,  45,  45,  45,  45,  45,  45,  45,  45,  45,  45,  45,  45
GUADALUPE36 , D,  45,  45,  45,  45,  45,  45,  45,  45,  45,  45,  45,  45,  45,  45,  45,  45,  45,  45,  45,  45,  45,  45,  45,  45
GUADALUPE41 , D,  67,  67,  67,  67,  67,  67,  67,  67,  67,  67,  67,  67,  67,  67,  67,  67,  67,  67,  67,  67,  67,  67,  67,  67
GUADALUPE42 , D,  67,  67,  67,  67,  67,  67,  67,  67,  67,  67,  67,  67,  67,  67,  67,  67,  67,  67,  67,  67,  67,  67,  67,  67
GUADALUPE43 , D,  35,  35,  35,  35,  35,  35,  35,  35,  35,  35,  35,  35,  35,  35,  35,  35,  35,  35,  35,  35,  35,  35,  35,  35
TRONERAS1 , D,  20,  20,  20,  20,  20,  20,  20,  20,  20,  20,  20,  20,  20,  20,  20,  20,  20,  20,  20,  20,  20,  20,  20,  20
TRONERAS2 , D,  20,  20,  20,  20,  20,  20,  20,  20,  20,  20,  20,  20,  20,  20,  20,  20,  20,  20,  20,  20,  20,  20,  20,  20
GUATRON , MO,  0,  0,  0,  0,  0,  0,  0,  0,  0,  0,  0,  0,  0,  0,  0,  0,  0,  0,  0,  0,  0,  0,  0,  0
PORCEII , P,  115000
PORCEII1 , D,  135,  135,  135,  135,  135,  135,  135,  135,  135,  135,  135,  135,  135,  135,  135,  135,  135,  135,  135,  135,  135,  135,  135,  135
PORCEII2 , D,  135,  135,  135,  135,  135,  135,  135,  135,  135,  135,  135,  135,  135,  135,  135,  135,  135,  135,  135,  135,  135,  135,  135,  135
PORCEII3 , D,  135,  135,  135,  135,  135,  135,  135,  135,  135,  135,  135,  135,  135,  135,  135,  135,  135,  135,  135,  135,  135,  135,  135,  135
PORCEII , AGCP,  116,  116,  116,  116,  116,  116,  116,  116,  116,  116,  116,  116,  116,  116,  116,  116,  116,  116,  116,  116,  116,  116,  116,  116
PORCEII1 , AGCU,  58,  58,  58,  58,  58,  58,  58,  58,  58,  58,  58,  58,  58,  58,  58,  58,  58,  58,  58,  58,  58,  58,  58,  58
PORCEII2 , AGCU,  58,  58,  58,  58,  58,  58,  58,  58,  58,  58,  58,  58,  58,  58,  58,  58,  58,  58,  58,  58,  58,  58,  58,  58
PORCEIII , P,  75609
PORCEIII4 , D,  0,  0,  0,  0,  0,  0,  0,  0,  0,  0,  0,  0,  0,  0,  0,  0,  0,  0,  0,  0,  0,  0,  0,  0
PORCEIII3 , D,  0,  0,  0,  0,  0,  0,  0,  0,  0,  0,  0,  0,  0,  0,  0,  0,  0,  180,  180,  180,  180,  180,  180,  180
PORCEIII2 , D,  180,  180,  180,  180,  180,  180,  180,  180,  180,  180,  180,  180,  180,  180,  180,  180,  180,  180,  180,  180,  180,  180,  180,  180
PORCEIII1 , D,  180,  180,  180,  180,  180,  180,  180,  180,  180,  180,  180,  180,  180,  180,  180,  180,  180,  180,  180,  180,  180,  180,  180,  180
PORCEIII , AGCP,  55,  55,  55,  55,  55,  55,  0,  0,  0,  0,  0,  0,  0,  0,  0,  0,  0,  0,  0,  0,  0,  0,  0,  0
PORCEIII4 , AGCU,  0,  0,  0,  0,  0,  0,  0,  0,  0,  0,  0,  0,  0,  0,  0,  0,  0,  0,  0,  0,  0,  0,  0,  0
PORCEIII3 , AGCU,  0,  0,  0,  0,  0,  0,  0,  0,  0,  0,  0,  0,  0,  0,  0,  0,  0,  55,  55,  55,  55,  55,  55,  55
PORCEIII1 , AGCU,  55,  55,  55,  55,  55,  55,  55,  55,  55,  55,  55,  55,  55,  55,  55,  55,  55,  55,  55,  55,  55,  55,  55,  55
TERMOSIERRAB , P,  73754
TERMOSIERRAB , PAP1, 80764548
TERMOSIERRAB , PAP2, 185059046
TERMOSIERRAB , PAP3, 114009866
TERMOSIERRAB , PAP4, 251646180
TERMOSIERRAB , PAP5, 217320090
TERMOSIERRAB , PAP6, 293634173
TERMOSIERRAB , PAP7, 511297794
TERMOSIERRAB , PAP8, 322714659
TERMOSIERRAB , PAP9, 563800153
TERMOSIERRAB , PAP10, 554957122
TERMOSIERRAB , PAP11, 349896075
TERMOSIERRAB , PAP12, 349896075
TERMOSIERRAB , PAP13, 324787426
TERMOSIERRAB , PAP14, 321904080
TERMOSIERRAB , PAPUSD1, 20924
TERMOSIERRAB , PAPUSD2, 47944
TERMOSIERRAB , PAPUSD3, 29537
TERMOSIERRAB , PAPUSD4, 65195
TERMOSIERRAB , PAPUSD5, 56302
TERMOSIERRAB , PAPUSD6, 76073
TERMOSIERRAB , PAPUSD7, 132464
TERMOSIERRAB , PAPUSD8, 83607
TERMOSIERRAB , PAPUSD9, 146066
TERMOSIERRAB , PAPUSD10, 143775
TERMOSIERRAB , PAPUSD11, 90649
TERMOSIERRAB , PAPUSD12, 90649
TERMOSIERRAB , PAPUSD13, 84144
TERMOSIERRAB , PAPUSD14, 83397
TERMOSIERRAB , D,  202,  202,  202,  202,  202,  202,  202,  202,  200,  200,  200,  198,  193,  193,  193,  193,  193,  193,  196,  198,  198,  198,  202,  202
TERMOSIERRAB , CONF,  3
TERMOSIERRAB , C,  GAS
TERMODORADA1 , P,  760609
TERMODORADA1 , PAP1, 24603003
TERMODORADA1 , PAP2, 25432881
TERMODORADA1 , PAP3, 25444461
TERMODORADA1 , PAPUSD1, 6374
TERMODORADA1 , PAPUSD2, 6589
TERMODORADA1 , PAPUSD3, 6592
TERMODORADA1 , D,  45,  45,  45,  45,  45,  45,  45,  45,  45,  45,  45,  45,  45,  45,  45,  45,  45,  45,  45,  45,  45,  45,  45,  45
TERMODORADA1 , CONF,  3
TERMODORADA1 , C,  ACPM
INSULA1 , D,  0.00,  0.00,  0.00,  0.00,  0.00,  0.00,  0.00,  0.00,  0.00,  0.00,  0.00,  0.00,  0.00,  0.00,  0.00,  0.00,  0.00,  0.00,  0.00,  0.00,  0.00,  0.00,  0.00,  0.00
INSULA2 , D,  4.00,  4.00,  4.00,  4.00,  4.00,  4.00,  4.00,  4.00,  4.00,  4.00,  4.00,  4.00,  4.00,  4.00,  4.00,  4.00,  4.00,  4.00,  4.00,  4.00,  4.00,  4.00,  4.00,  4.00
INSULA3 , D,  7.00,  7.00,  7.00,  7.00,  0.00,  0.00,  0.00,  0.00,  0.00,  0.00,  0.00,  0.00,  0.00,  0.00,  0.00,  0.00,  0.00,  0.00,  0.00,  0.00,  0.00,  0.00,  7.00,  7.00
LAHERRADURA1 , D,  8.20,  8.20,  8.20,  8.20,  8.20,  8.20,  8.20,  8.20,  8.20,  8.20,  8.20,  8.20,  8.20,  8.20,  8.20,  8.20,  8.20,  8.20,  8.20,  8.20,  8.20,  8.20,  8.20,  8.20
LAHERRADURA2 , D,  8.20,  8.20,  8.20,  8.20,  8.20,  8.20,  8.20,  8.20,  8.20,  8.20,  8.20,  8.20,  8.20,  8.20,  8.20,  8.20,  8.20,  8.20,  8.20,  8.20,  8.20,  8.20,  8.20,  8.20
PAJARITO1 , D,  4.00,  4.00,  4.00,  4.00,  4.00,  4.00,  4.00,  4.00,  4.00,  4.00,  2.80,  2.80,  2.80,  2.80,  2.80,  2.80,  2.80,  2.80,  2.80,  2.80,  2.80,  2.80,  2.80,  2.80
PAJARITO2 , D,  5.80,  5.80,  5.80,  5.80,  5.80,  5.80,  5.80,  5.80,  5.80,  5.80,  5.80,  5.80,  5.80,  5.80,  5.80,  5.80,  5.80,  5.80,  5.80,  5.80,  5.80,  5.80,  5.80,  5.80
LAVUELTA , D,  11.00,  11.00,  11.00,  11.00,  11.00,  11.00,  11.00,  11.00,  11.00,  11.00,  11.00,  11.00,  11.00,  11.00,  11.00,  11.00,  11.00,  11.00,  11.00,  11.00,  11.00,  11.00,  11.00,  11.00
CARACOLI , D,  0.00,  0.00,  0.00,  0.00,  0.00,  0.00,  0.00,  0.00,  0.00,  0.00,  0.00,  0.00,  0.00,  0.00,  0.00,  0.00,  0.00,  0.00,  0.00,  0.00,  0.00,  0.00,  0.00,  0.00
RIOGRANDEI , D,  0.00,  0.00,  0.00,  0.00,  0.00,  0.00,  0.00,  0.00,  0.00,  0.00,  0.00,  0.00,  0.00,  0.00,  0.00,  0.00,  0.00,  0.00,  0.00,  0.00,  0.00,  0.00,  0.00,  0.00
SONSON , D,  16.50,  16.50,  16.50,  16.50,  16.50,  16.50,  16.50,  16.50,  16.50,  16.50,  16.50,  16.50,  16.50,  16.50,  16.50,  16.50,  16.50,  16.50,  16.50,  16.50,  16.50,  16.50,  16.50,  16.50
SANJOSEDELAMONTAÑA , D,  0.00,  0.00,  0.00,  0.00,  0.00,  0.00,  0.00,  0.00,  0.00,  0.00,  0.00,  0.00,  0.00,  0.00,  0.00,  0.00,  0.00,  0.00,  0.00,  0.00,  0.00,  0.00,  0.00,  0.00
RIOFRIO(TAMESIS) , D,  0.69,  0.69,  0.69,  0.69,  0.69,  0.69,  0.69,  0.69,  0.69,  0.69,  0.69,  0.69,  0.69,  0.69,  0.69,  0.69,  0.69,  0.69,  0.69,  0.69,  0.69,  0.69,  0.69,  0.69
GUACAICA , D,  0.86,  0.86,  0.86,  0.86,  0.86,  0.86,  0.86,  0.86,  0.86,  0.86,  0.86,  0.86,  0.86,  0.86,  0.86,  0.86,  0.86,  0.86,  0.86,  0.86,  0.86,  0.86,  0.86,  0.86
INTERMEDIA , D,  0.00,  0.00,  0.00,  0.00,  0.00,  0.00,  0.00,  0.00,  0.00,  0.00,  0.00,  0.00,  0.00,  0.00,  0.00,  0.00,  0.00,  0.00,  0.00,  0.00,  0.00,  0.00,  0.00,  0.00
SANCANCIO , D,  0.90,  0.90,  0.90,  0.90,  0.90,  0.90,  0.90,  0.90,  0.90,  0.90,  0.90,  0.90,  0.90,  0.90,  0.90,  0.90,  0.90,  0.90,  0.90,  0.90,  0.90,  0.90,  0.90,  0.90
NIQUIA , D,  13.00,  13.00,  13.00,  13.00,  13.00,  13.00,  13.00,  13.00,  14.20,  14.00,  14.20,  14.20,  15.00,  15.00,  15.00,  15.00,  15.00,  15.00,  15.00,  14.00,  14.00,  14.00,  14.00,  13.20
NUTIBARA , D,  0.00,  0.00,  0.00,  0.00,  0.00,  0.00,  0.00,  0.00,  0.00,  0.00,  0.00,  0.00,  0.00,  0.00,  0.00,  0.00,  0.00,  0.00,  0.00,  0.00,  0.00,  0.00,  0.00,  0.00
CASCADA , D,  1.80,  1.80,  1.80,  1.80,  1.80,  1.80,  1.80,  1.80,  1.80,  1.80,  1.80,  1.80,  1.80,  1.80,  1.80,  1.80,  1.80,  1.80,  1.80,  1.80,  1.80,  1.80,  1.80,  1.80
PALMASSANGIL , D,  8.00,  8.00,  8.00,  8.00,  8.00,  8.00,  8.00,  8.00,  8.00,  8.00,  8.00,  8.00,  8.00,  8.00,  8.00,  8.00,  8.00,  8.00,  8.00,  8.00,  8.00,  8.00,  8.00,  8.00
RIOGRANDE , D,  0.30,  0.30,  0.30,  0.30,  0.30,  0.30,  0.30,  0.30,  0.30,  0.30,  0.30,  0.30,  0.30,  0.30,  0.30,  0.30,  0.30,  0.30,  0.30,  0.30,  0.30,  0.30,  0.30,  0.30
MUNICIPAL , D,  0.45,  0.45,  0.45,  0.45,  0.45,  0.45,  0.45,  0.45,  0.45,  0.45,  0.45,  0.45,  0.45,  0.45,  0.45,  0.45,  0.45,  0.45,  0.45,  0.45,  0.45,  0.45,  0.45,  0.45
AUTOGARGOSELCAIRO , D,  6.40,  6.40,  6.40,  6.40,  6.40,  6.40,  6.40,  6.40,  6.40,  6.40,  6.40,  6.40,  6.40,  6.40,  6.40,  6.40,  6.40,  6.40,  6.40,  6.40,  6.40,  6.40,  6.40,  6.40
PORCEIIIMENOR , D,  1.00,  1.00,  1.00,  1.00,  1.00,  1.00,  1.00,  1.00,  1.00,  1.00,  1.00,  1.00,  1.00,  1.00,  1.00,  1.00,  1.00,  1.00,  1.00,  1.00,  1.00,  1.00,  1.00,  1.00
COGENERADORCOLTEJER1 , D,  9.40,  9.40,  9.40,  9.40,  9.40,  9.40,  9.40,  9.40,  9.40,  9.40,  9.40,  9.40,  9.40,  9.40,  9.40,  9.40,  9.40,  9.40,  9.40,  9.40,  9.40,  9.40,  9.40,  9.40
JEPIRACHI1-15 , D,  1.19,  1.00,  1.00,  1.00,  1.00,  1.00,  0.00,  0.00,  0.00,  0.00,  1.00,  1.55,  1.00,  1.53,  1.24,  1.18,  4.75,  6.21,  4.21,  3.02,  2.72,  2.80,  1.67,  1.84
JEPIRACHI1-15 , INVD,  12.00,  12.00,  12.00,  12.00,  12.00,  12.00,  12.00,  12.00,  12.00,  12.00,  12.00,  12.00,  12.00,  12.00,  12.00,  12.00,  12.00,  12.00,  12.00,  12.00,  12.00,  12.00,  12.00,  12.00
AUTOGARGOSSOGAMOSO , D,  0.50,  0.50,  0.50,  0.50,  0.50,  0.50,  0.50,  0.50,  0.50,  0.50,  0.50,  0.50,  0.50,  0.50,  0.50,  0.50,  0.50,  0.50,  0.50,  0.50,  0.50,  0.50,  0.50,  0.50
AUTOGCOCA-COLAFEMSA , D,  0.20,  0.20,  0.20,  0.20,  0.20,  0.20,  0.20,  0.20,  0.20,  0.20,  0.20,  0.20,  0.20,  0.20,  0.20,  0.20,  0.20,  0.20,  0.20,  0.20,  0.20,  0.20,  0.20,  0.20
AMERICA , D,  0.31,  0.31,  0.31,  0.31,  0.31,  0.31,  0.31,  0.31,  0.31,  0.31,  0.31,  0.31,  0.31,  0.31,  0.31,  0.31,  0.31,  0.31,  0.31,  0.31,  0.31,  0.31,  0.31,  0.31
AYURA , D,  11.30,  11.30,  11.30,  11.30,  11.30,  11.30,  11.30,  11.30,  11.30,  11.30,  11.30,  11.30,  11.30,  11.30,  11.30,  11.30,  11.30,  11.30,  11.30,  11.30,  11.30,  11.30,  11.30,  11.30
BELLO , D,  0.00,  0.00,  0.00,  0.00,  0.00,  0.00,  0.00,  0.00,  0.00,  0.00,  0.00,  0.00,  0.00,  0.00,  0.00,  0.00,  0.00,  0.00,  0.00,  0.00,  0.00,  0.00,  0.00,  0.00
CAMPESTRE(EPM) , D,  0.00,  0.00,  0.00,  0.00,  0.00,  0.00,  0.00,  0.00,  0.00,  0.00,  0.00,  0.00,  0.00,  0.00,  0.00,  0.00,  0.00,  0.00,  0.00,  0.00,  0.00,  0.00,  0.00,  0.00
MANANTIALES , D,  0.00,  0.00,  0.00,  0.00,  0.00,  0.00,  0.00,  0.00,  0.00,  0.00,  0.00,  0.00,  0.00,  0.00,  0.00,  0.00,  0.00,  0.00,  0.00,  0.00,  0.00,  0.00,  0.00,  0.00
AUTGCEMENTOSDELNARE , D,  6.40,  6.40,  6.40,  6.40,  6.40,  6.40,  6.40,  3.60,  3.60,  3.60,  3.60,  3.60,  3.60,  3.60,  3.60,  4.10,  4.10,  4.10,  4.10,  4.10,  4.10,  4.10,  4.10,  6.40


AGENTE: EGECOL S.A. E.S.P.
PCHLALIBERTAD1 , D,  0.21,  0.21,  0.21,  0.21,  0.21,  0.21,  0.21,  0.21,  0.21,  0.21,  0.21,  0.21,  0.21,  0.21,  0.21,  0.21,  0.21,  0.21,  0.21,  0.21,  0.21,  0.21,  0.21,  0.21


AGENTE: ELECTROHUILA
IQUIRAI , D,  1.00,  1.00,  1.00,  1.00,  1.00,  1.00,  1.00,  1.00,  1.00,  1.00,  1.00,  1.00,  1.00,  1.00,  1.00,  1.00,  1.00,  1.00,  1.00,  1.00,  1.00,  1.00,  1.00,  1.00
IQUIRAII , D,  0.00,  0.00,  0.00,  0.00,  0.00,  0.00,  0.00,  0.00,  0.00,  0.00,  0.00,  0.00,  0.00,  0.00,  0.00,  0.00,  0.00,  0.00,  0.00,  0.00,  0.00,  0.00,  0.00,  0.00
LAPITA , D,  0.00,  0.00,  0.00,  0.00,  0.00,  0.00,  0.00,  0.00,  0.00,  0.00,  0.00,  0.00,  0.00,  0.00,  0.00,  0.00,  0.00,  0.00,  0.00,  0.00,  0.00,  0.00,  0.00,  0.00


AGENTE: EMEE(POPAYAN)
COCONUCO , D,  2.20,  2.20,  2.20,  2.20,  2.20,  2.20,  2.20,  2.20,  2.20,  2.20,  2.20,  2.20,  2.20,  2.20,  2.20,  2.20,  2.20,  2.20,  2.20,  2.20,  2.20,  2.20,  2.20,  2.20


AGENTE: EMGESA S.A.
BETANIA , P,  95000
BETANIA1 , D,  163,  163,  163,  163,  163,  163,  163,  163,  163,  163,  163,  163,  163,  163,  163,  163,  163,  163,  163,  163,  163,  163,  163,  163
BETANIA2 , D,  163,  163,  163,  163,  163,  163,  163,  163,  163,  163,  163,  163,  163,  163,  163,  163,  163,  163,  163,  163,  163,  163,  163,  163
BETANIA3 , D,  163,  163,  163,  163,  163,  163,  163,  163,  163,  163,  163,  163,  163,  163,  163,  163,  163,  163,  163,  163,  163,  163,  163,  163
BETANIA , MO,  60,  60,  60,  60,  60,  60,  60,  60,  60,  60,  60,  60,  60,  60,  60,  60,  60,  60,  60,  60,  60,  60,  60,  60
BETANIA3 , PRU,  2,  2,  2,  2,  2,  2,  2,  2,  2,  2,  2,  2,  2,  2,  2,  2,  2,  2,  2,  2,  2,  2,  2,  2
GUAVIO , P,  130000
GUAVIO1 , D,  245,  245,  245,  245,  245,  245,  245,  245,  245,  245,  245,  245,  245,  245,  245,  245,  245,  245,  245,  245,  245,  245,  245,  245
GUAVIO2 , D,  245,  245,  245,  245,  245,  245,  245,  245,  245,  245,  245,  245,  245,  245,  245,  245,  245,  245,  245,  245,  245,  245,  245,  245
GUAVIO3 , D,  245,  245,  245,  245,  245,  245,  245,  245,  245,  245,  245,  245,  245,  245,  245,  245,  245,  245,  245,  245,  245,  245,  245,  245
GUAVIO4 , D,  0,  0,  0,  0,  0,  0,  0,  0,  0,  0,  0,  0,  0,  0,  0,  0,  0,  0,  0,  0,  0,  0,  0,  0
GUAVIO5 , D,  0,  0,  0,  0,  0,  0,  0,  0,  0,  0,  0,  0,  0,  0,  0,  0,  0,  0,  0,  0,  0,  0,  0,  0
GUAVIO , AGCP,  0,  0,  0,  0,  0,  0,  0,  0,  0,  0,  0,  0,  0,  0,  0,  0,  0,  0,  0,  0,  0,  0,  0,  0
GUAVIO1 , AGCU,  185,  185,  185,  185,  185,  185,  185,  185,  185,  185,  185,  185,  185,  185,  185,  185,  185,  185,  185,  185,  185,  185,  185,  185
GUAVIO2 , AGCU,  185,  185,  185,  185,  185,  185,  185,  185,  185,  185,  185,  185,  185,  185,  185,  185,  185,  185,  185,  185,  185,  185,  185,  185
GUAVIO3 , AGCU,  185,  185,  185,  185,  185,  185,  185,  185,  185,  185,  185,  185,  185,  185,  185,  185,  185,  185,  185,  185,  185,  185,  185,  185
GUAVIO4 , AGCU,  0,  0,  0,  0,  0,  0,  0,  0,  0,  0,  0,  0,  0,  0,  0,  0,  0,  0,  0,  0,  0,  0,  0,  0
GUAVIO5 , AGCU,  0,  0,  0,  0,  0,  0,  0,  0,  0,  0,  0,  0,  0,  0,  0,  0,  0,  0,  0,  0,  0,  0,  0,  0
PAGUA , P,  185000
LAGUACA1 , D,  108,  108,  108,  108,  108,  108,  108,  108,  108,  108,  108,  108,  108,  108,  108,  108,  108,  108,  108,  108,  108,  108,  108,  108
LAGUACA2 , D,  108,  108,  108,  108,  108,  108,  108,  108,  108,  108,  108,  108,  108,  108,  108,  108,  108,  108,  108,  108,  108,  108,  108,  108
LAGUACA3 , D,  108,  108,  108,  108,  108,  108,  108,  108,  108,  108,  108,  108,  108,  108,  108,  108,  108,  108,  108,  108,  108,  108,  108,  108
PARAISO1 , D,  92,  92,  92,  92,  92,  92,  92,  92,  92,  92,  92,  92,  92,  92,  92,  92,  92,  92,  92,  92,  92,  92,  92,  92
PARAISO2 , D,  92,  92,  92,  92,  92,  92,  92,  92,  92,  92,  92,  92,  92,  92,  92,  92,  92,  92,  92,  92,  92,  92,  92,  92
PARAISO3 , D,  92,  92,  92,  92,  92,  92,  92,  92,  92,  92,  92,  92,  92,  92,  92,  92,  92,  92,  92,  92,  92,  92,  92,  92
PAGUA , AGCP,  0,  0,  0,  0,  0,  0,  0,  0,  0,  0,  0,  0,  0,  0,  0,  0,  0,  0,  0,  0,  0,  0,  0,  0
LAGUACA1 , AGCU,  68,  68,  68,  68,  68,  68,  68,  68,  68,  68,  68,  68,  68,  68,  68,  68,  68,  68,  68,  68,  68,  68,  68,  68
LAGUACA2 , AGCU,  68,  68,  68,  68,  68,  68,  68,  68,  68,  68,  68,  68,  68,  68,  68,  68,  68,  68,  68,  68,  68,  68,  68,  68
LAGUACA3 , AGCU,  68,  68,  68,  68,  68,  68,  68,  68,  68,  68,  68,  68,  68,  68,  68,  68,  68,  68,  68,  68,  68,  68,  68,  68
PARAISO1 , AGCU,  58,  58,  58,  58,  58,  58,  58,  58,  58,  58,  58,  58,  58,  58,  58,  58,  58,  58,  58,  58,  58,  58,  58,  58
PARAISO2 , AGCU,  58,  58,  58,  58,  58,  58,  58,  58,  58,  58,  58,  58,  58,  58,  58,  58,  58,  58,  58,  58,  58,  58,  58,  58
PARAISO3 , AGCU,  58,  58,  58,  58,  58,  58,  58,  58,  58,  58,  58,  58,  58,  58,  58,  58,  58,  58,  58,  58,  58,  58,  58,  58
ELQUIMBO , P,  75609
ELQUIMBO1 , D,  180,  180,  180,  180,  180,  180,  180,  180,  180,  180,  180,  180,  180,  180,  180,  180,  180,  180,  180,  180,  180,  180,  180,  180
ELQUIMBO2 , D,  180,  180,  180,  180,  180,  180,  180,  180,  180,  180,  180,  180,  180,  180,  180,  180,  180,  180,  180,  180,  180,  180,  180,  180
ELQUIMBO , AGCP,  0,  0,  0,  0,  0,  0,  0,  0,  0,  0,  0,  0,  0,  0,  0,  0,  0,  0,  0,  0,  0,  0,  0,  0
ELQUIMBO1 , AGCU,  97,  97,  97,  97,  97,  97,  97,  97,  97,  97,  97,  97,  97,  97,  97,  97,  97,  97,  97,  97,  97,  97,  97,  97
ELQUIMBO2 , AGCU,  97,  97,  97,  97,  97,  97,  97,  97,  97,  97,  97,  97,  97,  97,  97,  97,  97,  97,  97,  97,  97,  97,  97,  97
ELQUIMBO , MO,  83,  83,  83,  83,  83,  83,  83,  83,  83,  83,  83,  83,  83,  83,  83,  83,  83,  83,  83,  83,  83,  83,  83,  83
DARIOVALENCIASAMPER , P,  79000
DARIOVALENCIASAMPER1 , D,  50,  50,  50,  50,  50,  50,  50,  50,  50,  50,  50,  50,  50,  50,  50,  50,  50,  50,  50,  50,  50,  50,  50,  50
DARIOVALENCIASAMPER2 , D,  50,  50,  50,  50,  50,  50,  50,  50,  50,  50,  50,  50,  50,  50,  50,  50,  50,  50,  50,  50,  50,  50,  50,  50
DARIOVALENCIASAMPER5 , D,  50,  50,  50,  50,  50,  50,  50,  50,  50,  50,  50,  50,  50,  50,  50,  50,  50,  50,  50,  50,  50,  50,  50,  50
SALTOII , P,  81000
SALTOII2 , D,  35,  35,  35,  35,  35,  35,  35,  35,  35,  35,  35,  35,  35,  35,  35,  35,  35,  35,  35,  35,  35,  35,  35,  35
ELPASOPANELES , D,  0,  0,  0,  0,  0,  0,  10,  25,  40,  48,  61,  57,  50,  46,  39,  26,  17,  3,  0,  0,  0,  0,  0,  0
ELPASOPANELES , PRU,  100,  100,  100,  100,  100,  100,  100,  100,  100,  100,  100,  100,  100,  100,  100,  100,  100,  100,  100,  100,  100,  100,  100,  100
ELPASOPANELES , INVD,  46,  46,  46,  46,  46,  46,  46,  46,  46,  46,  46,  46,  46,  46,  46,  46,  46,  46,  46,  46,  46,  46,  46,  46
CARTAGENA1 , P,  859507
CARTAGENA1 , PAP1, 61283632
CARTAGENA1 , PAP2, 61283632
CARTAGENA1 , PAPUSD1, 15877
CARTAGENA1 , PAPUSD2, 15877
CARTAGENA1 , D,  56,  56,  56,  56,  56,  56,  56,  56,  56,  56,  56,  56,  56,  56,  56,  56,  56,  56,  56,  56,  56,  56,  56,  56
CARTAGENA1 , CONF,  1
CARTAGENA1 , C,  COMBUSTOLEO
CARTAGENA2 , P,  823134
CARTAGENA2 , PAP1, 61299072
CARTAGENA2 , PAP2, 61299072
CARTAGENA2 , PAPUSD1, 15881
CARTAGENA2 , PAPUSD2, 15881
CARTAGENA2 , D,  62,  62,  62,  62,  62,  62,  62,  62,  62,  62,  62,  62,  62,  62,  62,  62,  62,  62,  62,  62,  62,  62,  62,  62
CARTAGENA2 , CONF,  1
CARTAGENA2 , C,  COMBUSTOLEO
CARTAGENA3 , P,  842278
CARTAGENA3 , PAP1, 61237314
CARTAGENA3 , PAP2, 61237314
CARTAGENA3 , PAPUSD1, 15865
CARTAGENA3 , PAPUSD2, 15865
CARTAGENA3 , D,  0,  0,  0,  0,  0,  0,  0,  0,  0,  0,  0,  0,  0,  0,  0,  0,  0,  0,  0,  0,  0,  0,  0,  0
CARTAGENA3 , CONF,  1
CARTAGENA3 , C,  COMBUSTOLEO
ZIPAEMG2 , P,  181753
ZIPAEMG2 , PAP1, 34731380
ZIPAEMG2 , PAPUSD1, 8998
ZIPAEMG2 , D,  35,  35,  35,  35,  35,  35,  35,  35,  35,  35,  35,  35,  35,  35,  35,  35,  35,  35,  35,  35,  35,  35,  35,  35
ZIPAEMG2 , CONF,  1
ZIPAEMG2 , C,  CARBON
ZIPAEMG3 , P,  189167
ZIPAEMG3 , PAP1, 53567692
ZIPAEMG3 , PAPUSD1, 13878
ZIPAEMG3 , D,  63,  63,  63,  63,  63,  63,  63,  63,  63,  63,  63,  63,  63,  63,  63,  63,  63,  63,  63,  63,  63,  63,  63,  63
ZIPAEMG3 , CONF,  1
ZIPAEMG3 , C,  CARBON
ZIPAEMG4 , P,  198793
ZIPAEMG4 , PAP1, 53567692
ZIPAEMG4 , PAPUSD1, 13878
ZIPAEMG4 , D,  63,  63,  63,  63,  63,  63,  63,  63,  63,  63,  63,  63,  63,  63,  63,  63,  63,  63,  63,  63,  63,  63,  63,  63
ZIPAEMG4 , CONF,  1
ZIPAEMG4 , C,  CARBON
ZIPAEMG5 , P,  197187
ZIPAEMG5 , PAP1, 53567692
ZIPAEMG5 , PAPUSD1, 13878
ZIPAEMG5 , D,  61,  61,  61,  61,  61,  61,  61,  61,  61,  61,  61,  61,  61,  61,  61,  61,  61,  61,  61,  61,  61,  61,  61,  61
ZIPAEMG5 , CONF,  1
ZIPAEMG5 , C,  CARBON
CHARQUITO , D,  12.00,  12.00,  12.00,  12.00,  12.00,  12.00,  12.00,  12.00,  12.00,  12.00,  12.00,  12.00,  12.00,  12.00,  12.00,  12.00,  12.00,  18.00,  18.00,  18.00,  18.00,  18.00,  18.00,  18.00
ELLIMONAR , D,  10.00,  10.00,  10.00,  10.00,  10.00,  10.00,  10.00,  10.00,  10.00,  10.00,  10.00,  10.00,  10.00,  10.00,  10.00,  10.00,  10.00,  18.00,  18.00,  18.00,  18.00,  18.00,  18.00,  18.00
RIONEGRO , D,  0.00,  0.00,  0.00,  0.00,  0.00,  0.00,  0.00,  0.00,  0.00,  0.00,  0.00,  0.00,  0.00,  0.00,  0.00,  0.00,  0.00,  0.00,  0.00,  0.00,  0.00,  0.00,  0.00,  0.00
SANTAANA , D,  0.00,  0.00,  0.00,  0.00,  0.00,  0.00,  0.00,  0.00,  0.00,  0.00,  0.00,  0.00,  0.00,  0.00,  0.00,  0.00,  0.00,  0.00,  0.00,  0.00,  0.00,  0.00,  0.00,  0.00
SUBA , D,  0.00,  0.00,  0.00,  0.00,  0.00,  0.00,  0.00,  0.00,  0.00,  0.00,  0.00,  0.00,  0.00,  0.00,  0.00,  0.00,  0.00,  0.00,  0.00,  0.00,  0.00,  0.00,  0.00,  0.00
USAQUEN , D,  0.00,  0.00,  0.00,  0.00,  0.00,  0.00,  0.00,  0.00,  0.00,  0.00,  0.00,  0.00,  0.00,  0.00,  0.00,  0.00,  0.00,  0.00,  0.00,  0.00,  0.00,  0.00,  0.00,  0.00
LAGUNETA , D,  18.00,  18.00,  18.00,  18.00,  18.00,  18.00,  18.00,  18.00,  18.00,  18.00,  18.00,  18.00,  18.00,  18.00,  18.00,  18.00,  18.00,  18.00,  18.00,  18.00,  18.00,  18.00,  18.00,  18.00
GUAVIOMENOR , D,  5.00,  5.00,  5.00,  5.00,  5.00,  5.00,  5.00,  5.00,  5.00,  5.00,  5.00,  5.00,  5.00,  5.00,  5.00,  5.00,  5.00,  5.00,  5.00,  5.00,  5.00,  5.00,  5.00,  5.00
TEQUENDAMA1 , D,  10.00,  10.00,  10.00,  10.00,  10.00,  10.00,  10.00,  14.00,  14.00,  14.00,  14.00,  14.00,  14.00,  14.00,  14.00,  14.00,  14.00,  13.00,  13.00,  13.00,  13.00,  13.00,  13.00,  13.00
TEQUENDAMA2 , D,  10.00,  10.00,  10.00,  10.00,  10.00,  10.00,  10.00,  13.00,  13.00,  13.00,  13.00,  13.00,  13.00,  13.00,  13.00,  13.00,  13.00,  13.00,  13.00,  13.00,  13.00,  13.00,  13.00,  13.00
TEQUENDAMA3 , D,  10.00,  10.00,  10.00,  10.00,  10.00,  10.00,  10.00,  0.00,  0.00,  0.00,  0.00,  0.00,  0.00,  0.00,  0.00,  0.00,  0.00,  13.00,  13.00,  13.00,  13.00,  13.00,  13.00,  13.00
TEQUENDAMA4 , D,  10.00,  10.00,  10.00,  10.00,  10.00,  10.00,  10.00,  13.00,  13.00,  13.00,  13.00,  13.00,  13.00,  13.00,  13.00,  13.00,  13.00,  13.00,  13.00,  13.00,  13.00,  13.00,  13.00,  13.00


AGENTE: EMSA(META)
AUTOGYAGUARITO , D,  0.44,  0.57,  0.65,  0.63,  0.46,  0.50,  0.46,  0.50,  0.50,  0.53,  0.50,  0.53,  0.49,  0.50,  0.47,  0.53,  0.53,  0.55,  0.63,  0.59,  0.56,  0.59,  0.50,  0.44
AUTOGCDSTM2500 , D,  0.00,  0.00,  0.00,  0.00,  0.00,  0.00,  0.00,  0.00,  0.00,  0.00,  0.00,  0.00,  0.00,  0.00,  0.00,  0.00,  0.00,  0.00,  0.00,  0.00,  0.00,  0.00,  0.00,  0.00


AGENTE: ENERCO 
PUENTEGUILLERMO1 , D,  1.00,  1.00,  1.00,  1.00,  1.00,  1.00,  1.00,  1.00,  1.00,  1.00,  1.00,  1.00,  1.00,  1.00,  1.00,  1.00,  1.00,  1.00,  1.00,  1.00,  1.00,  1.00,  1.00,  1.00
PUENTEGUILLERMO3 , D,  0.00,  0.00,  0.00,  0.00,  0.00,  0.00,  0.00,  0.00,  0.00,  0.00,  0.00,  0.00,  0.00,  0.00,  0.00,  0.00,  0.00,  0.00,  0.00,  0.00,  0.00,  0.00,  0.00,  0.00
LACASCADA(ABEJORRAL) , D,  0.00,  0.00,  0.00,  0.00,  0.00,  0.00,  0.00,  0.00,  0.00,  0.00,  0.00,  0.00,  0.00,  0.00,  0.00,  0.00,  0.00,  0.00,  0.00,  0.00,  0.00,  0.00,  0.00,  0.00
CURRUCUCUES , D,  0.60,  0.60,  0.60,  0.60,  0.60,  0.60,  0.60,  0.60,  0.60,  0.60,  0.60,  0.60,  0.60,  0.60,  0.60,  0.60,  0.60,  0.60,  0.60,  0.60,  0.60,  0.60,  0.60,  0.60
SANTARITA , D,  0.00,  0.00,  0.00,  0.00,  0.00,  0.00,  0.00,  0.00,  0.00,  0.00,  0.00,  0.00,  0.00,  0.00,  0.00,  0.00,  0.00,  0.00,  0.00,  0.00,  0.00,  0.00,  0.00,  0.00
AUTOGECOPETROLORITO , D,  1.00,  1.00,  1.00,  1.00,  1.00,  1.00,  1.00,  1.00,  1.00,  1.00,  1.00,  1.00,  1.00,  1.00,  1.00,  1.00,  1.00,  1.00,  1.00,  1.00,  1.00,  1.00,  1.00,  1.00


AGENTE: ENERGETICA
COELLO , D,  0.60,  0.60,  0.60,  0.60,  0.60,  0.60,  0.60,  0.60,  0.60,  0.60,  0.60,  0.60,  0.60,  0.60,  0.60,  0.60,  0.60,  0.60,  0.60,  0.60,  0.60,  0.60,  0.60,  0.60


AGENTE: ENERGIA DEL SUROESTE
MULATOSII1 , D,  5.50,  5.50,  5.50,  5.50,  5.50,  5.50,  5.50,  5.50,  5.50,  5.50,  5.50,  5.50,  5.50,  5.50,  5.50,  5.50,  5.50,  5.50,  5.50,  5.50,  5.50,  5.50,  5.50,  5.50


AGENTE: ENERGIA RIO PIEDRAS
AGUAFRESCA , D,  7.29,  7.29,  7.29,  7.29,  7.29,  7.29,  7.29,  7.29,  7.29,  7.29,  7.29,  7.29,  7.29,  7.29,  7.29,  7.29,  7.29,  7.29,  7.29,  7.29,  7.29,  7.29,  7.29,  7.29


AGENTE: ENREVSA E.S.P.
ELBOSQUE , D,  1.40,  1.40,  1.40,  1.40,  1.40,  1.40,  1.40,  1.40,  1.40,  1.40,  1.40,  1.40,  1.40,  1.40,  1.40,  1.40,  1.40,  1.40,  1.40,  1.40,  1.40,  1.40,  1.40,  1.40


AGENTE: ESPROD SAS ESP
PLANTASOLARBAYUNCAI1 , D,  0.00,  0.00,  0.00,  0.00,  0.00,  0.36,  1.27,  1.80,  1.98,  2.13,  1.93,  2.07,  1.89,  1.66,  1.42,  0.86,  0.14,  0.00,  0.00,  0.00,  0.00,  0.00,  0.00,  0.00
PLANTASOLARBAYUNCAI1 , INVD,  0.00,  0.00,  0.00,  0.00,  0.00,  1.00,  1.00,  2.00,  2.00,  2.00,  2.00,  2.00,  2.00,  2.00,  1.00,  1.00,  1.00,  0.00,  0.00,  0.00,  0.00,  0.00,  0.00,  0.00

AGENTE: GEC  
SANJOSE , D,  0.32,  0.32,  0.32,  0.32,  0.32,  0.32,  0.32,  0.32,  0.32,  0.32,  0.32,  0.32,  0.32,  0.32,  0.32,  0.32,  0.32,  0.32,  0.32,  0.32,  0.32,  0.32,  0.32,  0.32


AGENTE: GECELCA S.A. E.S.P
GUAJIRA1 , P,  397247
GUAJIRA1 , PAP1, 74090780
GUAJIRA1 , PAP2, 74090780
GUAJIRA1 , PAP3, 74090780
GUAJIRA1 , PAP4, 0
GUAJIRA1 , PAP5, 74090780
GUAJIRA1 , PAP6, 74090780
GUAJIRA1 , PAP7, 74090780
GUAJIRA1 , PAP8, 74090780
GUAJIRA1 , PAP9, 74090780
GUAJIRA1 , PAPUSD1, 19195
GUAJIRA1 , PAPUSD2, 19195
GUAJIRA1 , PAPUSD3, 19195
GUAJIRA1 , PAPUSD4, 0
GUAJIRA1 , PAPUSD5, 19195
GUAJIRA1 , PAPUSD6, 19195
GUAJIRA1 , PAPUSD7, 19195
GUAJIRA1 , PAPUSD8, 19195
GUAJIRA1 , PAPUSD9, 19195
GUAJIRA1 , D,  145,  145,  145,  145,  145,  145,  145,  145,  145,  145,  145,  145,  145,  145,  145,  145,  145,  145,  145,  145,  145,  145,  145,  145
GUAJIRA1 , CONF,  7
GUAJIRA1 , C,  MEZCLA GAS - CARBÓN
GUAJIRA2 , P,  326714
GUAJIRA2 , PAP1, 74090780
GUAJIRA2 , PAP2, 74090780
GUAJIRA2 , PAP3, 74090780
GUAJIRA2 , PAP4, 0
GUAJIRA2 , PAP5, 74090780
GUAJIRA2 , PAP6, 74090780
GUAJIRA2 , PAP7, 74090780
GUAJIRA2 , PAP8, 74090780
GUAJIRA2 , PAP9, 74090780
GUAJIRA2 , PAPUSD1, 19195
GUAJIRA2 , PAPUSD2, 19195
GUAJIRA2 , PAPUSD3, 19195
GUAJIRA2 , PAPUSD4, 0
GUAJIRA2 , PAPUSD5, 19195
GUAJIRA2 , PAPUSD6, 19195
GUAJIRA2 , PAPUSD7, 19195
GUAJIRA2 , PAPUSD8, 19195
GUAJIRA2 , PAPUSD9, 19195
GUAJIRA2 , D,  72,  72,  72,  72,  72,  72,  72,  72,  72,  72,  72,  72,  140,  140,  140,  140,  140,  140,  140,  140,  140,  140,  140,  140
GUAJIRA2 , CONF,  7
GUAJIRA2 , C,  MEZCLA GAS - CARBÓN
GECELCA3 , P,  225244
GECELCA3 , PAP1, 174942248
GECELCA3 , PAP2, 174942248
GECELCA3 , PAP3, 174942248
GECELCA3 , PAPUSD1, 45323
GECELCA3 , PAPUSD2, 45323
GECELCA3 , PAPUSD3, 45323
GECELCA3 , D,  164,  164,  164,  164,  164,  164,  164,  164,  164,  164,  164,  164,  164,  164,  164,  164,  164,  164,  164,  164,  164,  164,  164,  164
GECELCA3 , CONF,  1
GECELCA3 , C,  CARBON
GECELCA32 , P,  213954
GECELCA32 , PAP1, 150617158
GECELCA32 , PAP2, 150617158
GECELCA32 , PAPUSD1, 39021
GECELCA32 , PAPUSD2, 39021
GECELCA32 , D,  273,  273,  273,  273,  273,  273,  273,  273,  273,  273,  273,  273,  273,  273,  273,  273,  273,  273,  273,  273,  273,  273,  273,  273
GECELCA32 , CONF,  1
GECELCA32 , C,  CARBON


AGENTE: GENERADORA LUZMA
LUZMAI1 , D,  8.00,  8.00,  8.00,  8.00,  8.00,  8.00,  8.00,  8.00,  8.00,  8.00,  8.00,  8.00,  8.00,  8.00,  8.00,  8.00,  8.00,  8.00,  8.00,  8.00,  8.00,  8.00,  8.00,  8.00
LUZMAII1 , D,  7.70,  7.70,  7.70,  7.70,  7.70,  7.70,  7.70,  7.70,  7.70,  7.70,  7.70,  7.70,  7.70,  7.70,  7.70,  7.70,  7.70,  7.70,  7.70,  7.70,  7.70,  7.70,  7.70,  7.70
LUZMAII2 , D,  7.70,  7.70,  7.70,  7.70,  7.70,  7.70,  7.70,  7.70,  7.70,  7.70,  7.70,  7.70,  7.70,  7.70,  7.70,  7.70,  7.70,  7.70,  7.70,  7.70,  7.70,  7.70,  7.70,  7.70
LUZMAI2 , D,  8.00,  8.00,  8.00,  8.00,  8.00,  8.00,  8.00,  8.00,  8.00,  8.00,  8.00,  8.00,  8.00,  8.00,  8.00,  8.00,  8.00,  8.00,  8.00,  8.00,  8.00,  8.00,  8.00,  8.00


AGENTE: GENERAMOS ENERGIA
URRAO , D,  0.80,  0.80,  0.80,  0.80,  0.80,  0.80,  0.80,  0.80,  0.80,  0.80,  0.80,  0.80,  0.80,  0.80,  0.80,  0.80,  0.80,  0.80,  0.80,  0.80,  0.80,  0.80,  0.80,  0.80


AGENTE: GENERPUTUMAYO
SANFRANCISCO(PUTUMAYO) , D,  0.33,  0.33,  0.33,  0.33,  0.33,  0.33,  0.33,  0.33,  0.33,  0.33,  0.33,  0.33,  0.33,  0.33,  0.33,  0.33,  0.33,  0.33,  0.33,  0.33,  0.33,  0.33,  0.33,  0.33
LAFRISOLERA , D,  0.27,  0.27,  0.27,  0.27,  0.27,  0.27,  0.27,  0.27,  0.27,  0.27,  0.27,  0.27,  0.27,  0.27,  0.27,  0.27,  0.27,  0.27,  0.27,  0.27,  0.27,  0.27,  0.27,  0.27


AGENTE: GENERSA
TERMOBOLIVAR1 , D,  0.00,  0.00,  0.00,  0.00,  0.00,  0.00,  0.00,  0.00,  0.00,  0.00,  0.00,  0.00,  0.00,  0.00,  0.00,  0.00,  0.00,  0.00,  0.00,  0.00,  0.00,  0.00,  0.00,  0.00
TERMOCAPACHOS , D,  9.90,  9.90,  9.90,  9.90,  9.90,  9.90,  9.90,  9.90,  9.90,  9.90,  9.90,  9.90,  9.90,  9.90,  9.90,  9.90,  9.90,  9.90,  9.90,  9.90,  9.90,  9.90,  9.90,  9.90


AGENTE: GENMAS S.A. E.S.P.
SANJOSEDELAMONTAÑAII1 , D,  0.55,  0.55,  0.55,  0.55,  0.55,  0.55,  0.55,  0.55,  0.55,  0.55,  0.55,  0.55,  0.55,  0.55,  0.55,  0.55,  0.55,  0.55,  0.55,  0.55,  0.55,  0.55,  0.55,  0.55
JUANGARCIA1 , D,  0.00,  0.00,  0.00,  0.00,  0.00,  0.00,  0.00,  0.00,  0.00,  0.00,  0.00,  0.00,  0.00,  0.00,  0.00,  0.00,  0.00,  0.00,  0.00,  0.00,  0.00,  0.00,  0.00,  0.00
JUANGARCIA2 , D,  0.85,  0.85,  0.85,  0.85,  0.85,  0.85,  0.85,  0.85,  0.85,  0.85,  0.85,  0.85,  0.85,  0.85,  0.85,  0.85,  0.85,  0.85,  0.85,  0.85,  0.85,  0.85,  0.85,  0.85


AGENTE: GENSA
PAIPA1 , P,  181319
PAIPA1 , PAP1, 5728092
PAIPA1 , PAPUSD1, 1484
PAIPA1 , D,  36,  36,  36,  36,  36,  36,  36,  36,  36,  36,  36,  36,  36,  36,  36,  36,  36,  36,  36,  36,  36,  36,  36,  36
PAIPA1 , CONF,  1
PAIPA1 , C,  CARBON
PAIPA2 , P,  176474
PAIPA2 , PAP1, 9005147
PAIPA2 , PAPUSD1, 2333
PAIPA2 , D,  72,  72,  72,  72,  72,  72,  72,  72,  72,  72,  72,  72,  72,  72,  72,  72,  72,  72,  72,  72,  72,  72,  72,  72
PAIPA2 , CONF,  1
PAIPA2 , C,  CARBON
PAIPA3 , P,  171954
PAIPA3 , PAP1, 9005147
PAIPA3 , PAPUSD1, 2333
PAIPA3 , D,  70,  70,  70,  70,  70,  70,  70,  70,  70,  70,  70,  70,  70,  70,  70,  70,  70,  70,  70,  70,  70,  70,  70,  70
PAIPA3 , CONF,  1
PAIPA3 , C,  CARBON


AGENTE: HIDRALPOR SAS ESP
CARLOSLLERAS , P,  71457
CARLOSLLERAS1 , D,  35,  35,  35,  35,  35,  35,  35,  35,  35,  35,  35,  35,  35,  35,  35,  35,  35,  35,  35,  35,  35,  35,  35,  35
CARLOSLLERAS2 , D,  35,  35,  35,  35,  35,  35,  35,  35,  35,  35,  35,  35,  35,  35,  35,  35,  35,  35,  35,  35,  35,  35,  35,  35
ESCUELADEMINAS , P,  71457
ESCUELADEMINAS1 , D,  19,  19,  19,  19,  19,  19,  19,  19,  19,  19,  19,  19,  19,  19,  19,  19,  19,  19,  19,  19,  19,  19,  19,  19
ESCUELADEMINAS2 , D,  18,  18,  18,  18,  18,  18,  18,  18,  18,  18,  18,  18,  18,  18,  18,  18,  18,  18,  18,  18,  18,  18,  18,  18
ESCUELADEMINAS3 , D,  0,  0,  0,  0,  0,  0,  18,  18,  18,  18,  18,  18,  18,  18,  18,  18,  18,  18,  18,  18,  18,  18,  18,  18


AGENTE: HIDROBARRANCAS
HIDROBARRANCAS1 , D,  4.70,  4.70,  4.70,  4.70,  4.70,  4.70,  4.70,  4.70,  4.70,  4.70,  4.70,  4.70,  4.70,  4.70,  4.70,  4.70,  4.70,  4.70,  4.70,  4.70,  4.70,  4.70,  4.70,  4.70


AGENTE: HZ ENERGY
REMEDIOS , D,  0.55,  0.55,  0.55,  0.55,  0.55,  0.55,  0.55,  0.55,  0.55,  0.55,  0.55,  0.55,  0.55,  0.55,  0.55,  0.55,  0.55,  0.55,  0.55,  0.55,  0.55,  0.55,  0.55,  0.55
AMALFI , D,  0.60,  0.60,  0.60,  0.60,  0.60,  0.60,  0.60,  0.60,  0.60,  0.60,  0.60,  0.60,  0.60,  0.60,  0.60,  0.60,  0.60,  0.60,  0.60,  0.60,  0.60,  0.60,  0.60,  0.60
LAREBUSCA , D,  0.66,  0.66,  0.66,  0.66,  0.66,  0.66,  0.66,  0.66,  0.66,  0.66,  0.66,  0.66,  0.66,  0.66,  0.66,  0.66,  0.66,  0.66,  0.66,  0.66,  0.66,  0.66,  0.66,  0.66
PROVIDENCIA , D,  4.90,  4.90,  4.90,  4.90,  4.90,  4.90,  4.90,  2.10,  2.10,  2.80,  4.90,  3.50,  2.70,  2.70,  2.70,  2.70,  2.70,  3.60,  3.60,  4.90,  4.90,  4.90,  4.90,  4.90


AGENTE: IAC ENERGY
LANAVETA , D,  2.00,  2.00,  2.00,  2.00,  2.00,  2.00,  2.00,  2.00,  2.00,  2.00,  2.00,  2.00,  2.00,  2.00,  2.00,  2.00,  2.00,  2.00,  2.00,  2.00,  2.00,  2.00,  2.00,  2.00


AGENTE: ISAGEN
JAGUAS , P,  75609
JAGUAS1 , D,  85,  85,  85,  85,  85,  85,  85,  85,  85,  85,  85,  85,  85,  85,  85,  85,  85,  85,  85,  85,  85,  85,  85,  85
JAGUAS2 , D,  85,  85,  85,  85,  85,  85,  85,  85,  85,  85,  85,  85,  85,  85,  85,  85,  85,  85,  85,  85,  85,  85,  85,  85
JAGUAS , AGCP,  140,  140,  140,  140,  140,  140,  140,  140,  140,  140,  140,  140,  140,  140,  140,  140,  140,  140,  140,  140,  140,  140,  140,  140
JAGUAS1 , AGCU,  70,  70,  70,  70,  70,  70,  70,  70,  70,  70,  70,  70,  70,  70,  70,  70,  70,  70,  70,  70,  70,  70,  70,  70
JAGUAS2 , AGCU,  70,  70,  70,  70,  70,  70,  70,  70,  70,  70,  70,  70,  70,  70,  70,  70,  70,  70,  70,  70,  70,  70,  70,  70
SANCARLOS , P,  75609
SANCARLOS1 , D,  155,  155,  155,  155,  155,  155,  155,  155,  155,  155,  155,  155,  155,  155,  155,  155,  155,  155,  155,  155,  155,  155,  155,  155
SANCARLOS2 , D,  155,  155,  155,  155,  155,  155,  155,  155,  155,  155,  155,  155,  155,  155,  155,  155,  155,  155,  155,  155,  155,  155,  155,  155
SANCARLOS3 , D,  0,  0,  0,  0,  0,  0,  0,  0,  0,  0,  0,  0,  0,  0,  0,  0,  0,  0,  0,  0,  0,  0,  0,  0
SANCARLOS4 , D,  0,  0,  0,  0,  0,  0,  0,  0,  0,  0,  0,  0,  0,  0,  0,  0,  0,  0,  0,  0,  0,  0,  0,  0
SANCARLOS5 , D,  155,  155,  155,  155,  155,  155,  155,  155,  155,  155,  155,  155,  155,  155,  155,  155,  155,  155,  155,  155,  155,  155,  155,  155
SANCARLOS6 , D,  155,  155,  155,  155,  155,  155,  155,  155,  155,  155,  155,  155,  155,  155,  155,  155,  155,  155,  155,  155,  155,  155,  155,  155
SANCARLOS7 , D,  155,  155,  155,  155,  155,  155,  155,  155,  155,  155,  155,  155,  155,  155,  155,  155,  155,  155,  155,  155,  155,  155,  155,  155
SANCARLOS8 , D,  155,  155,  155,  155,  155,  155,  155,  155,  155,  155,  155,  155,  155,  155,  155,  155,  155,  155,  155,  155,  155,  155,  155,  155
SANCARLOS , AGCP,  780,  780,  780,  780,  780,  780,  780,  780,  780,  780,  780,  780,  780,  780,  780,  780,  780,  780,  780,  780,  780,  780,  780,  780
SANCARLOS1 , AGCU,  130,  130,  130,  130,  130,  130,  130,  130,  130,  130,  130,  130,  130,  130,  130,  130,  130,  130,  130,  130,  130,  130,  130,  130
SANCARLOS2 , AGCU,  130,  130,  130,  130,  130,  130,  130,  130,  130,  130,  130,  130,  130,  130,  130,  130,  130,  130,  130,  130,  130,  130,  130,  130
SANCARLOS3 , AGCU,  0,  0,  0,  0,  0,  0,  0,  0,  0,  0,  0,  0,  0,  0,  0,  0,  0,  0,  0,  0,  0,  0,  0,  0
SANCARLOS4 , AGCU,  0,  0,  0,  0,  0,  0,  0,  0,  0,  0,  0,  0,  0,  0,  0,  0,  0,  0,  0,  0,  0,  0,  0,  0
SANCARLOS5 , AGCU,  130,  130,  130,  130,  130,  130,  130,  130,  130,  130,  130,  130,  130,  130,  130,  130,  130,  130,  130,  130,  130,  130,  130,  130
SANCARLOS6 , AGCU,  130,  130,  130,  130,  130,  130,  130,  130,  130,  130,  130,  130,  130,  130,  130,  130,  130,  130,  130,  130,  130,  130,  130,  130
SANCARLOS7 , AGCU,  130,  130,  130,  130,  130,  130,  130,  130,  130,  130,  130,  130,  130,  130,  130,  130,  130,  130,  130,  130,  130,  130,  130,  130
SANCARLOS8 , AGCU,  130,  130,  130,  130,  130,  130,  130,  130,  130,  130,  130,  130,  130,  130,  130,  130,  130,  130,  130,  130,  130,  130,  130,  130
MIELI , P,  81832
MIELI1 , D,  0,  0,  0,  0,  0,  0,  0,  0,  0,  0,  0,  0,  0,  0,  0,  0,  0,  0,  0,  0,  0,  0,  0,  0
MIELI2 , D,  132,  132,  132,  132,  132,  132,  132,  132,  132,  132,  132,  132,  132,  132,  132,  132,  132,  132,  132,  132,  132,  132,  132,  132
MIELI3 , D,  132,  132,  132,  132,  132,  132,  132,  132,  132,  132,  132,  132,  132,  132,  132,  132,  132,  132,  132,  132,  132,  132,  132,  132
MIELI , AGCP,  0,  0,  0,  0,  0,  0,  0,  0,  0,  0,  0,  0,  0,  0,  0,  0,  0,  0,  0,  0,  0,  0,  0,  0
MIELI2 , AGCU,  0,  0,  0,  0,  0,  0,  0,  0,  0,  0,  0,  0,  0,  0,  0,  0,  0,  0,  0,  0,  0,  0,  0,  0
MIELI , MO,  33,  33,  33,  33,  33,  33,  33,  33,  33,  33,  33,  33,  33,  33,  33,  33,  33,  33,  33,  33,  33,  33,  33,  33
MIELI2 , PRU,  0,  0,  0,  0,  0,  0,  0,  0,  6,  6,  6,  6,  0,  0,  0,  0,  6,  0,  0,  0,  0,  0,  0,  0
MIELI3 , PRU,  0,  0,  0,  0,  0,  0,  0,  0,  0,  0,  0,  0,  0,  6,  6,  6,  6,  0,  0,  0,  0,  0,  0,  0
AMOYALAESPERANZA , P,  81831
AMOYALAESPERANZA1 , D,  38,  38,  38,  38,  38,  38,  38,  38,  38,  38,  38,  38,  38,  38,  38,  38,  38,  38,  38,  38,  38,  38,  38,  38
AMOYALAESPERANZA2 , D,  37,  37,  37,  37,  37,  37,  37,  37,  37,  37,  37,  37,  37,  37,  37,  37,  37,  37,  37,  37,  37,  37,  37,  37
SOGAMOSO , P,  75609
SOGAMOSO1 , D,  262,  262,  262,  262,  262,  262,  262,  262,  262,  262,  262,  262,  262,  262,  262,  262,  262,  262,  262,  262,  262,  262,  262,  262
SOGAMOSO2 , D,  262,  262,  262,  262,  262,  262,  262,  262,  262,  262,  262,  262,  262,  262,  262,  262,  262,  262,  262,  262,  262,  262,  262,  262
SOGAMOSO3 , D,  262,  262,  262,  262,  262,  262,  262,  262,  262,  262,  262,  262,  262,  262,  262,  262,  262,  262,  262,  262,  262,  262,  262,  262
SOGAMOSO , AGCP,  408,  408,  408,  408,  408,  408,  408,  408,  408,  408,  408,  408,  408,  408,  408,  408,  408,  408,  408,  408,  408,  408,  408,  408
SOGAMOSO1 , AGCU,  136,  136,  136,  136,  136,  136,  136,  136,  136,  136,  136,  136,  136,  136,  136,  136,  136,  136,  136,  136,  136,  136,  136,  136
SOGAMOSO2 , AGCU,  136,  136,  136,  136,  136,  136,  136,  136,  136,  136,  136,  136,  136,  136,  136,  136,  136,  136,  136,  136,  136,  136,  136,  136
SOGAMOSO3 , AGCU,  136,  136,  136,  136,  136,  136,  136,  136,  136,  136,  136,  136,  136,  136,  136,  136,  136,  136,  136,  136,  136,  136,  136,  136
SOGAMOSO , MO,  120,  120,  120,  120,  120,  120,  120,  120,  120,  120,  120,  120,  120,  120,  120,  120,  120,  120,  120,  120,  120,  120,  120,  120
TERMOCENTROCC , P,  556138
TERMOCENTROCC , PAP1, 242849468
TERMOCENTROCC , PAP2, 241853614
TERMOCENTROCC , PAP3, 240633886
TERMOCENTROCC , PAP4, 121675628
TERMOCENTROCC , PAP5, 120324663
TERMOCENTROCC , PAPUSD1, 62916
TERMOCENTROCC , PAPUSD2, 62658
TERMOCENTROCC , PAPUSD3, 62342
TERMOCENTROCC , PAPUSD4, 31523
TERMOCENTROCC , PAPUSD5, 31173
TERMOCENTROCC , D,  136,  136,  136,  136,  136,  136,  136,  136,  136,  136,  136,  136,  136,  136,  136,  136,  136,  136,  136,  136,  136,  136,  136,  136
TERMOCENTROCC , CONF,  4
TERMOCENTROCC , C,  GAS
CALDERAS1 , D,  3.00,  3.00,  3.00,  3.00,  3.00,  5.00,  5.00,  5.00,  5.00,  5.00,  8.00,  8.00,  8.00,  5.00,  5.00,  8.00,  8.00,  8.00,  8.00,  8.00,  8.00,  5.00,  5.00,  5.00
CALDERAS2 , D,  3.00,  3.00,  3.00,  3.00,  3.00,  5.00,  5.00,  5.00,  5.00,  5.00,  8.00,  8.00,  8.00,  5.00,  5.00,  8.00,  8.00,  8.00,  8.00,  8.00,  8.00,  5.00,  5.00,  5.00


AGENTE: MULCALARCA
BAYONA , D,  0.35,  0.35,  0.35,  0.35,  0.35,  0.35,  0.35,  0.35,  0.35,  0.35,  0.35,  0.35,  0.30,  0.35,  0.35,  0.35,  0.35,  0.35,  0.35,  0.35,  0.35,  0.35,  0.35,  0.35
CAMPESTRE(CALARCA) , D,  0.70,  0.70,  0.70,  0.70,  0.70,  0.70,  0.70,  0.70,  0.70,  0.70,  0.70,  0.70,  0.70,  0.70,  0.70,  0.70,  0.70,  0.70,  0.70,  0.70,  0.70,  0.70,  0.70,  0.70
UNION , D,  0.65,  0.65,  0.65,  0.65,  0.65,  0.65,  0.65,  0.65,  0.65,  0.65,  0.65,  0.65,  0.65,  0.65,  0.65,  0.65,  0.65,  0.65,  0.65,  0.65,  0.65,  0.65,  0.65,  0.65


AGENTE: NITRO ENERGY
INCAUCA1 , D,  6.80,  6.80,  6.80,  6.80,  6.80,  6.80,  6.80,  6.80,  6.80,  6.80,  6.80,  6.80,  6.80,  6.80,  6.80,  6.80,  6.80,  6.80,  6.80,  6.80,  6.80,  6.80,  6.80,  6.80
INGENIOPROVIDENCIA2 , D,  16.36,  16.36,  16.36,  16.36,  16.36,  16.36,  16.36,  16.36,  16.36,  16.36,  16.36,  16.36,  16.36,  16.36,  16.36,  16.36,  16.36,  16.36,  16.36,  16.36,  16.36,  16.36,  16.36,  16.36


AGENTE: PCH ALEJANDRÍA
ALEJANDRÍA , D,  10.00,  10.00,  10.00,  10.00,  10.00,  10.00,  10.00,  10.00,  10.00,  10.00,  10.00,  10.00,  10.00,  10.00,  10.00,  10.00,  10.00,  10.00,  10.00,  10.00,  10.00,  10.00,  10.00,  10.00


AGENTE: PROELECTRICA
PROELECTRICA , P,  409306
PROELECTRICA , PAP1, 36460615
PROELECTRICA , PAPUSD1, 9446
PROELECTRICA1 , D,  45,  45,  45,  45,  45,  45,  45,  45,  44,  44,  44,  44,  44,  44,  44,  44,  44,  44,  44,  45,  45,  45,  45,  45
PROELECTRICA2 , D,  45,  45,  45,  45,  45,  45,  45,  45,  45,  45,  45,  45,  45,  45,  45,  45,  45,  45,  45,  45,  45,  45,  45,  45
PROELECTRICA , CONF,  1
PROELECTRICA , C,  GAS


AGENTE: PROENCA 
COGENERADORPROENCA , D,  15.00,  15.00,  15.00,  15.00,  15.00,  15.00,  15.00,  15.00,  15.00,  15.00,  15.00,  15.00,  15.00,  15.00,  15.00,  15.00,  15.00,  15.00,  15.00,  15.00,  15.00,  15.00,  15.00,  15.00
PROENCAII , D,  0.00,  0.00,  0.00,  0.00,  0.00,  0.00,  0.00,  0.00,  0.00,  0.00,  0.00,  0.00,  0.00,  0.00,  0.00,  0.00,  0.00,  0.00,  0.00,  0.00,  0.00,  0.00,  0.00,  0.00


AGENTE: RIOEN SAS  E.S.P.
CENTRALCASTILLA1 , D,  3.00,  3.00,  3.00,  3.00,  3.00,  3.00,  3.00,  3.00,  3.00,  3.00,  3.00,  3.00,  3.00,  3.00,  3.00,  3.00,  3.00,  3.00,  3.00,  3.00,  3.00,  3.00,  3.00,  3.00
INGENIORIOPAILA1 , D,  16.00,  16.00,  16.00,  16.00,  16.00,  16.00,  16.00,  16.00,  16.00,  16.00,  16.00,  16.00,  16.00,  16.00,  16.00,  16.00,  16.00,  16.00,  16.00,  16.00,  16.00,  16.00,  16.00,  16.00


AGENTE: RISARALDA ENERGIA
MORROAZUL , D,  14.27,  14.27,  14.27,  14.27,  14.27,  14.27,  14.27,  14.27,  14.27,  14.27,  14.27,  14.27,  14.27,  14.27,  14.27,  14.27,  14.27,  14.27,  14.27,  14.27,  14.27,  14.27,  14.27,  14.27


AGENTE: TEBSA S.A. (E.S.P.)
TEBSAB , P,  499700
TEBSAB , PAP1, 234064336
TEBSAB , PAP2, 183588424
TEBSAB , PAP3, 139218873
TEBSAB , PAP4, 94845463
TEBSAB , PAP5, 0
TEBSAB , PAP6, 189694786
TEBSAB , PAP7, 139218873
TEBSAB , PAP8, 94845463
TEBSAB , PAP9, 44369550
TEBSAB , PAP10, 189694786
TEBSAB , PAP11, 139218873
TEBSAB , PAP12, 94845463
TEBSAB , PAP13, 44369550
TEBSAB , PAP14, 227957974
TEBSAB , PAP15, 177478202
TEBSAB , PAP16, 133108652
TEBSAB , PAP17, 88739101
TEBSAB , PAP18, 44369550
TEBSAB , PAP19, 183588424
TEBSAB , PAP20, 133108652
TEBSAB , PAP21, 88739101
TEBSAB , PAP22, 44369550
TEBSAB , PAP23, 183588424
TEBSAB , PAP24, 133108652
TEBSAB , PAP25, 88739101
TEBSAB , PAP26, 44369550
TEBSAB , PAP27, 221847752
TEBSAB , PAP28, 133108652
TEBSAB , PAP29, 88739101
TEBSAB , PAP30, 44369550
TEBSAB , PAP31, 139218873
TEBSAB , PAP32, 88739101
TEBSAB , PAP33, 44369550
TEBSAB , PAP34, 139218873
TEBSAB , PAP35, 88739101
TEBSAB , PAP36, 44369550
TEBSAB , PAP37, 139218873
TEBSAB , PAP38, 88739101
TEBSAB , PAP39, 44369550
TEBSAB , PAP40, 177478202
TEBSAB , PAP41, 88739101
TEBSAB , PAP42, 44369550
TEBSAB , PAP43, 177478202
TEBSAB , PAP44, 88739101
TEBSAB , PAP45, 44369550
TEBSAB , PAP46, 94845463
TEBSAB , PAP47, 44369550
TEBSAB , PAP48, 94845463
TEBSAB , PAP49, 44369550
TEBSAB , PAP50, 94845463
TEBSAB , PAP51, 44369550
TEBSAB , PAP52, 133108652
TEBSAB , PAP53, 44369550
TEBSAB , PAP54, 133108652
TEBSAB , PAP55, 44369550
TEBSAB , PAP56, 133108652
TEBSAB , PAP57, 44369550
TEBSAB , PAP58, 88739101
TEBSAB , PAP59, 88739101
TEBSAB , PAP60, 88739101
TEBSAB , PAP61, 50475912
TEBSAB , PAP62, 50475912
TEBSAB , PAPUSD1, 60640
TEBSAB , PAPUSD2, 47563
TEBSAB , PAPUSD3, 36068
TEBSAB , PAPUSD4, 24572
TEBSAB , PAPUSD5, 0
TEBSAB , PAPUSD6, 49145
TEBSAB , PAPUSD7, 36068
TEBSAB , PAPUSD8, 24572
TEBSAB , PAPUSD9, 11495
TEBSAB , PAPUSD10, 49145
TEBSAB , PAPUSD11, 36068
TEBSAB , PAPUSD12, 24572
TEBSAB , PAPUSD13, 11495
TEBSAB , PAPUSD14, 59058
TEBSAB , PAPUSD15, 45980
TEBSAB , PAPUSD16, 34485
TEBSAB , PAPUSD17, 22990
TEBSAB , PAPUSD18, 11495
TEBSAB , PAPUSD19, 47563
TEBSAB , PAPUSD20, 34485
TEBSAB , PAPUSD21, 22990
TEBSAB , PAPUSD22, 11495
TEBSAB , PAPUSD23, 47563
TEBSAB , PAPUSD24, 34485
TEBSAB , PAPUSD25, 22990
TEBSAB , PAPUSD26, 11495
TEBSAB , PAPUSD27, 57475
TEBSAB , PAPUSD28, 34485
TEBSAB , PAPUSD29, 22990
TEBSAB , PAPUSD30, 11495
TEBSAB , PAPUSD31, 36068
TEBSAB , PAPUSD32, 22990
TEBSAB , PAPUSD33, 11495
TEBSAB , PAPUSD34, 36068
TEBSAB , PAPUSD35, 22990
TEBSAB , PAPUSD36, 11495
TEBSAB , PAPUSD37, 36068
TEBSAB , PAPUSD38, 22990
TEBSAB , PAPUSD39, 11495
TEBSAB , PAPUSD40, 45980
TEBSAB , PAPUSD41, 22990
TEBSAB , PAPUSD42, 11495
TEBSAB , PAPUSD43, 45980
TEBSAB , PAPUSD44, 22990
TEBSAB , PAPUSD45, 11495
TEBSAB , PAPUSD46, 24572
TEBSAB , PAPUSD47, 11495
TEBSAB , PAPUSD48, 24572
TEBSAB , PAPUSD49, 11495
TEBSAB , PAPUSD50, 24572
TEBSAB , PAPUSD51, 11495
TEBSAB , PAPUSD52, 34485
TEBSAB , PAPUSD53, 11495
TEBSAB , PAPUSD54, 34485
TEBSAB , PAPUSD55, 11495
TEBSAB , PAPUSD56, 34485
TEBSAB , PAPUSD57, 11495
TEBSAB , PAPUSD58, 22990
TEBSAB , PAPUSD59, 22990
TEBSAB , PAPUSD60, 22990
TEBSAB , PAPUSD61, 13077
TEBSAB , PAPUSD62, 13077
TEBSAB , D,  624,  624,  624,  624,  624,  624,  624,  624,  624,  624,  624,  624,  624,  624,  624,  624,  624,  624,  624,  624,  624,  624,  624,  624
TEBSAB , CONF,  18
TEBSAB , C,  GAS
BARRANQUILLA3 , P,  641580
BARRANQUILLA3 , PAP1, 62325805
BARRANQUILLA3 , PAP2, 62325805
BARRANQUILLA3 , PAP3, 62325805
BARRANQUILLA3 , PAPUSD1, 16147
BARRANQUILLA3 , PAPUSD2, 16147
BARRANQUILLA3 , PAPUSD3, 16147
BARRANQUILLA3 , D,  60,  60,  60,  60,  60,  60,  60,  60,  60,  60,  60,  60,  60,  60,  60,  60,  60,  60,  60,  60,  60,  60,  60,  60
BARRANQUILLA3 , CONF,  1
BARRANQUILLA3 , C,  GAS
BARRANQUILLA4 , P,  642590
BARRANQUILLA4 , PAP1, 62325805
BARRANQUILLA4 , PAP2, 62325805
BARRANQUILLA4 , PAP3, 62325805
BARRANQUILLA4 , PAPUSD1, 16147
BARRANQUILLA4 , PAPUSD2, 16147
BARRANQUILLA4 , PAPUSD3, 16147
BARRANQUILLA4 , D,  60,  60,  60,  60,  60,  60,  60,  60,  60,  60,  60,  60,  60,  60,  60,  60,  60,  60,  60,  60,  60,  60,  60,  60
BARRANQUILLA4 , CONF,  1
BARRANQUILLA4 , C,  GAS


AGENTE: TERMO MECHERO
TERMOMECHERO4 , D,  19.30,  19.30,  19.30,  19.30,  19.30,  19.30,  19.30,  19.30,  19.30,  19.30,  19.30,  19.30,  19.30,  19.30,  19.30,  19.30,  19.30,  19.30,  19.30,  19.30,  19.30,  19.30,  19.30,  19.30
TERMOMECHERO5 , D,  19.30,  19.30,  19.30,  19.30,  19.30,  19.30,  19.30,  19.30,  19.30,  19.30,  19.30,  19.30,  19.30,  19.30,  19.30,  19.30,  19.30,  19.30,  19.30,  19.30,  19.30,  19.30,  19.30,  19.30
TERMOMECHERO6 , D,  19.30,  19.30,  19.30,  19.30,  19.30,  19.30,  19.30,  19.30,  19.30,  19.30,  19.30,  19.30,  19.30,  19.30,  19.30,  19.30,  19.30,  19.30,  19.30,  19.30,  19.30,  19.30,  19.30,  19.30


AGENTE: TERMOCANDELARIA
TERMOCANDELARIA1 , P,  625405
TERMOCANDELARIA1 , PAP1, 88179416
TERMOCANDELARIA1 , PAP2, 88179416
TERMOCANDELARIA1 , PAP3, 88179416
TERMOCANDELARIA1 , PAP4, 88179416
TERMOCANDELARIA1 , PAPUSD1, 22845
TERMOCANDELARIA1 , PAPUSD2, 22845
TERMOCANDELARIA1 , PAPUSD3, 22845
TERMOCANDELARIA1 , PAPUSD4, 22845
TERMOCANDELARIA1 , D,  0,  0,  0,  0,  0,  0,  0,  0,  0,  0,  0,  0,  0,  0,  0,  0,  0,  0,  0,  0,  0,  0,  0,  0
TERMOCANDELARIA1 , CONF,  1
TERMOCANDELARIA1 , C,  GAS
TERMOCANDELARIA2 , P,  637474
TERMOCANDELARIA2 , PAP1, 88179416
TERMOCANDELARIA2 , PAP2, 88179416
TERMOCANDELARIA2 , PAP3, 88179416
TERMOCANDELARIA2 , PAP4, 88179416
TERMOCANDELARIA2 , PAPUSD1, 22845
TERMOCANDELARIA2 , PAPUSD2, 22845
TERMOCANDELARIA2 , PAPUSD3, 22845
TERMOCANDELARIA2 , PAPUSD4, 22845
TERMOCANDELARIA2 , D,  157,  157,  157,  157,  157,  157,  157,  157,  157,  157,  157,  157,  157,  157,  157,  157,  157,  157,  157,  157,  157,  157,  157,  157
TERMOCANDELARIA2 , CONF,  1
TERMOCANDELARIA2 , C,  GAS


AGENTE: TERMOEMCALI
TERMOEMCALI1 , P,  788974
TERMOEMCALI1 , PAP1, 161899646
TERMOEMCALI1 , PAP2, 261407868
TERMOEMCALI1 , PAPUSD1, 41944
TERMOEMCALI1 , PAPUSD2, 67724
TERMOEMCALI1 , D,  213,  213,  213,  213,  213,  213,  213,  213,  213,  213,  213,  213,  213,  213,  213,  213,  213,  213,  213,  213,  213,  213,  213,  213
TERMOEMCALI1 , CONF,  2
TERMOEMCALI1 , C,  ACPM


AGENTE: TERMOFLORES
FLORES1 , P,  509240
FLORES1 , PAP1, 69871910
FLORES1 , PAP2, 69871910
FLORES1 , PAP3, 69871910
FLORES1 , PAPUSD1, 18102
FLORES1 , PAPUSD2, 18102
FLORES1 , PAPUSD3, 18102
FLORES1 , D,  160,  160,  160,  160,  160,  160,  160,  160,  160,  160,  160,  160,  160,  160,  160,  160,  160,  160,  160,  160,  160,  160,  160,  160
FLORES1 , CONF,  1
FLORES1 , C,  GAS
FLORES4B , P,  385620
FLORES4B , PAP1, 127531096
FLORES4B , PAP2, 127531096
FLORES4B , PAP3, 127531096
FLORES4B , PAP8, 58477485
FLORES4B , PAP9, 69049751
FLORES4B , PAP10, 69049751
FLORES4B , PAP11, 69049751
FLORES4B , PAPUSD1, 33040
FLORES4B , PAPUSD2, 33040
FLORES4B , PAPUSD3, 33040
FLORES4B , PAPUSD8, 15150
FLORES4B , PAPUSD9, 17889
FLORES4B , PAPUSD10, 17889
FLORES4B , PAPUSD11, 17889
FLORES4B , D,  450,  450,  450,  450,  450,  450,  450,  450,  450,  450,  450,  450,  450,  450,  450,  450,  450,  450,  450,  450,  450,  450,  450,  450
FLORES4B , CONF,  1
FLORES4B , C,  GAS


AGENTE: TERMONORTE
TERMONORTE , P,  615000
TERMONORTE , PAP1, 142661904
TERMONORTE , PAP2, 87635170
TERMONORTE , PAP3, 43308078
TERMONORTE , PAP4, 131313798
TERMONORTE , PAP5, 80664190
TERMONORTE , PAP6, 39865047
TERMONORTE , PAP7, 116723376
TERMONORTE , PAP8, 71701502
TERMONORTE , PAP9, 35433882
TERMONORTE , PAP10, 102132954
TERMONORTE , PAP11, 62738815
TERMONORTE , PAP12, 31006577
TERMONORTE , PAP13, 87542532
TERMONORTE , PAP14, 53776127
TERMONORTE , PAP15, 26575412
TERMONORTE , PAP16, 72952110
TERMONORTE , PAP17, 44813439
TERMONORTE , PAP18, 22148106
TERMONORTE , PAP19, 58361688
TERMONORTE , PAP20, 35850751
TERMONORTE , PAP21, 17716941
TERMONORTE , PAP22, 43771266
TERMONORTE , PAP23, 26888063
TERMONORTE , PAP24, 13289636
TERMONORTE , PAPUSD1, 36960
TERMONORTE , PAPUSD2, 22704
TERMONORTE , PAPUSD3, 11220
TERMONORTE , PAPUSD4, 34020
TERMONORTE , PAPUSD5, 20898
TERMONORTE , PAPUSD6, 10328
TERMONORTE , PAPUSD7, 30240
TERMONORTE , PAPUSD8, 18576
TERMONORTE , PAPUSD9, 9180
TERMONORTE , PAPUSD10, 26460
TERMONORTE , PAPUSD11, 16254
TERMONORTE , PAPUSD12, 8033
TERMONORTE , PAPUSD13, 22680
TERMONORTE , PAPUSD14, 13932
TERMONORTE , PAPUSD15, 6885
TERMONORTE , PAPUSD16, 18900
TERMONORTE , PAPUSD17, 11610
TERMONORTE , PAPUSD18, 5738
TERMONORTE , PAPUSD19, 15120
TERMONORTE , PAPUSD20, 9288
TERMONORTE , PAPUSD21, 4590
TERMONORTE , PAPUSD22, 11340
TERMONORTE , PAPUSD23, 6966
TERMONORTE , PAPUSD24, 3443
TERMONORTE , D,  80,  80,  80,  80,  80,  80,  80,  80,  80,  80,  80,  80,  80,  80,  80,  80,  80,  80,  80,  80,  80,  80,  80,  80
TERMONORTE , CONF,  4
TERMONORTE , C,  ACPM


AGENTE: TERMOPIEDRAS S.A.
TERMOPIEDRAS , D,  3.75,  3.75,  3.75,  3.75,  3.75,  3.75,  3.75,  3.75,  3.75,  3.75,  3.75,  3.75,  3.75,  3.75,  3.75,  3.75,  3.75,  3.75,  3.75,  3.75,  3.75,  3.75,  3.75,  3.75
AUTOGTURGAS , D,  3.50,  3.50,  3.50,  3.50,  3.50,  3.50,  3.50,  3.50,  3.50,  3.50,  3.50,  3.50,  3.50,  3.50,  3.50,  3.50,  3.50,  3.50,  3.50,  3.50,  3.50,  3.50,  3.50,  3.50


AGENTE: TERMOTASAJERO
TASAJERO1 , P,  139980
TASAJERO1 , PAP1, 55540101
TASAJERO1 , PAP2, 55540101
TASAJERO1 , PAP3, 55540101
TASAJERO1 , PAPUSD1, 14389
TASAJERO1 , PAPUSD2, 14389
TASAJERO1 , PAPUSD3, 14389
TASAJERO1 , D,  163,  163,  163,  163,  163,  163,  163,  163,  163,  163,  163,  163,  163,  163,  163,  163,  163,  163,  163,  163,  163,  163,  163,  163
TASAJERO1 , CONF,  1
TASAJERO1 , C,  CARBON


AGENTE: TERMOTASAJERO DOS
TASAJERO2 , P,  144980
TASAJERO2 , PAP1, 55806434
TASAJERO2 , PAP2, 55806434
TASAJERO2 , PAPUSD1, 14458
TASAJERO2 , PAPUSD2, 14458
TASAJERO2 , D,  170,  170,  170,  170,  170,  170,  170,  170,  170,  170,  170,  170,  170,  170,  170,  170,  170,  170,  170,  170,  170,  170,  170,  170
TASAJERO2 , CONF,  1
TASAJERO2 , C,  CARBON


AGENTE: TERMOVALLE
TERMOVALLE1 , P,  690000
TERMOVALLE1 , PAP1, 92637600
TERMOVALLE1 , PAP2, 92637600
TERMOVALLE1 , PAP3, 92637600
TERMOVALLE1 , PAP4, 258613300
TERMOVALLE1 , PAP5, 258613300
TERMOVALLE1 , PAP6, 258613300
TERMOVALLE1 , PAP7, 92637600
TERMOVALLE1 , PAP8, 258613300
TERMOVALLE1 , PAPUSD1, 24000
TERMOVALLE1 , PAPUSD2, 24000
TERMOVALLE1 , PAPUSD3, 24000
TERMOVALLE1 , PAPUSD4, 67000
TERMOVALLE1 , PAPUSD5, 67000
TERMOVALLE1 , PAPUSD6, 67000
TERMOVALLE1 , PAPUSD7, 24000
TERMOVALLE1 , PAPUSD8, 67000
TERMOVALLE1 , D,  241,  241,  241,  241,  241,  241,  241,  241,  241,  241,  241,  241,  241,  241,  241,  241,  241,  241,  241,  241,  241,  241,  241,  241
TERMOVALLE1 , CONF,  4
TERMOVALLE1 , C,  ACPM


AGENTE: TERMOYOPAL
TERMOYOPAL2 , P,  73500
TERMOYOPAL2 , PAP1, 6291637
TERMOYOPAL2 , PAPUSD1, 1630
TERMOYOPAL2 , D,  30,  30,  30,  30,  30,  30,  30,  30,  30,  30,  30,  30,  30,  30,  30,  30,  30,  30,  30,  30,  30,  30,  30,  30
TERMOYOPAL2 , CONF,  1
TERMOYOPAL2 , C,  GAS
TERMOYOPALG3 , P,  73500
TERMOYOPALG3 , PAP1, 2200143
TERMOYOPALG3 , PAPUSD1, 570
TERMOYOPALG3 , D,  44,  44,  44,  44,  44,  44,  44,  44,  42,  40,  40,  40,  40,  40,  40,  40,  40,  42,  42,  42,  44,  44,  44,  44
TERMOYOPALG3 , CONF,  1
TERMOYOPALG3 , C,  GAS
TERMOYOPALG4 , P,  73500
TERMOYOPALG4 , PAP1, 2200143
TERMOYOPALG4 , PAPUSD1, 570
TERMOYOPALG4 , D,  45,  45,  45,  45,  45,  45,  45,  45,  43,  41,  41,  41,  41,  41,  41,  41,  41,  43,  43,  43,  45,  45,  45,  45
TERMOYOPALG4 , CONF,  1
TERMOYOPALG4 , C,  GAS
TERMOYOPAL1 , D,  19.90,  19.90,  19.90,  19.90,  19.90,  19.90,  19.90,  19.90,  19.00,  19.00,  19.00,  19.00,  19.00,  19.00,  19.00,  19.00,  19.00,  19.00,  19.00,  19.00,  19.90,  19.90,  19.90,  19.90


AGENTE: URRA
URRA , P,  75609
URRA1 , D,  79,  79,  79,  79,  79,  79,  79,  79,  79,  79,  79,  79,  79,  79,  79,  79,  79,  79,  79,  79,  79,  79,  79,  79
URRA2 , D,  0,  0,  0,  0,  0,  0,  0,  0,  0,  0,  0,  0,  0,  0,  0,  0,  0,  0,  0,  0,  0,  0,  0,  0
URRA3 , D,  79,  79,  79,  79,  79,  79,  79,  79,  79,  79,  79,  79,  79,  79,  79,  79,  79,  79,  79,  79,  79,  79,  79,  79
URRA4 , D,  79,  79,  79,  79,  79,  79,  79,  79,  79,  79,  79,  79,  79,  79,  79,  79,  79,  79,  79,  79,  79,  79,  79,  79
URRA , AGCP,  60,  60,  60,  60,  60,  60,  60,  60,  60,  60,  60,  60,  60,  60,  60,  60,  60,  60,  60,  60,  60,  60,  60,  60
URRA1 , AGCU,  20,  20,  20,  20,  20,  20,  20,  20,  20,  20,  20,  20,  20,  20,  20,  20,  20,  20,  20,  20,  20,  20,  20,  20
URRA2 , AGCU,  0,  0,  0,  0,  0,  0,  0,  0,  0,  0,  0,  0,  0,  0,  0,  0,  0,  0,  0,  0,  0,  0,  0,  0
URRA3 , AGCU,  20,  20,  20,  20,  20,  20,  20,  20,  20,  20,  20,  20,  20,  20,  20,  20,  20,  20,  20,  20,  20,  20,  20,  20
URRA4 , AGCU,  20,  20,  20,  20,  20,  20,  20,  20,  20,  20,  20,  20,  20,  20,  20,  20,  20,  20,  20,  20,  20,  20,  20,  20
URRA , MO,  118,  118,  118,  118,  118,  118,  118,  118,  118,  118,  118,  118,  118,  118,  118,  118,  118,  118,  118,  118,  118,  118,  118,  118


AGENTE: VATIA S.A.
TRINA-VATIABSLI1 , D,  0.18,  0.18,  0.18,  0.18,  0.18,  0.18,  0.18,  0.18,  0.18,  0.18,  0.18,  0.18,  0.18,  0.18,  0.18,  0.18,  0.18,  0.18,  0.18,  0.18,  0.18,  0.18,  0.18,  0.18
TRINA-VATIABSLI1 , INVD,  126.00,  126.00,  126.00,  126.00,  126.00,  126.00,  126.00,  126.00,  126.00,  126.00,  126.00,  126.00,  126.00,  126.00,  126.00,  126.00,  126.00,  126.00,  126.00,  126.00,  126.00,  126.00,  126.00,  126.00
FLORIDA21 , D,  0.00,  0.00,  0.00,  0.00,  0.00,  0.00,  0.00,  0.00,  0.00,  0.00,  0.00,  0.00,  0.00,  0.00,  0.00,  0.00,  9.50,  9.50,  9.50,  9.50,  9.50,  0.00,  0.00,  0.00
FLORIDA22 , D,  0.00,  0.00,  0.00,  0.00,  0.00,  0.00,  7.50,  7.50,  7.50,  7.50,  7.50,  7.50,  7.50,  7.50,  7.50,  7.50,  9.50,  9.50,  9.50,  9.50,  9.50,  7.00,  7.00,  7.00
LASPALMAS1 , D,  0.00,  0.00,  0.00,  0.00,  0.00,  0.00,  0.00,  0.00,  0.00,  0.00,  0.00,  0.00,  0.00,  0.00,  0.00,  0.00,  0.00,  0.00,  0.00,  0.00,  0.00,  0.00,  0.00,  0.00
LASPALMAS2 , D,  1.40,  1.40,  1.40,  1.40,  1.40,  1.40,  1.40,  1.40,  1.40,  1.40,  1.40,  1.40,  1.40,  1.40,  1.40,  1.40,  1.40,  1.40,  1.40,  1.40,  1.40,  1.40,  1.40,  1.40
MONDOMO , D,  0.45,  0.45,  0.45,  0.45,  0.45,  0.45,  0.45,  0.45,  0.45,  0.45,  0.45,  0.45,  0.45,  0.45,  0.45,  0.45,  0.45,  0.45,  0.45,  0.45,  0.45,  0.45,  0.45,  0.45
ASNAZU , D,  0.45,  0.45,  0.45,  0.45,  0.45,  0.45,  0.45,  0.45,  0.45,  0.45,  0.45,  0.45,  0.45,  0.45,  0.45,  0.45,  0.45,  0.45,  0.45,  0.45,  0.45,  0.45,  0.45,  0.45
INZA , D,  0.40,  0.40,  0.40,  0.40,  0.40,  0.40,  0.40,  0.40,  0.40,  0.40,  0.40,  0.40,  0.40,  0.40,  0.40,  0.40,  0.40,  0.40,  0.40,  0.40,  0.40,  0.40,  0.40,  0.40
MIROLINDO , D,  2.50,  2.50,  2.50,  2.50,  2.50,  2.50,  2.50,  2.50,  2.50,  2.50,  2.50,  2.50,  2.50,  2.50,  2.50,  2.50,  2.50,  2.50,  2.50,  2.50,  2.50,  2.50,  2.50,  2.50
SAJANDI , D,  1.20,  1.20,  1.20,  1.20,  1.20,  1.20,  1.20,  1.20,  1.20,  1.20,  1.20,  1.20,  1.20,  1.20,  1.20,  1.20,  1.20,  1.20,  1.20,  1.20,  1.20,  1.20,  1.20,  1.20
SILVIA , D,  0.33,  0.33,  0.33,  0.33,  0.33,  0.33,  0.33,  0.33,  0.33,  0.33,  0.33,  0.33,  0.33,  0.33,  0.33,  0.33,  0.33,  0.33,  0.33,  0.33,  0.33,  0.33,  0.33,  0.33
RIORECIO , D,  0.30,  0.30,  0.30,  0.30,  0.30,  0.30,  0.30,  0.30,  0.30,  0.30,  0.30,  0.30,  0.30,  0.30,  0.30,  0.30,  0.30,  0.30,  0.30,  0.30,  0.30,  0.30,  0.30,  0.30
VENTANAA , D,  2.49,  2.49,  2.49,  2.49,  2.49,  2.49,  2.49,  2.49,  2.49,  2.49,  2.49,  2.49,  2.49,  2.49,  2.49,  2.49,  2.49,  2.49,  2.49,  2.49,  2.49,  2.49,  2.49,  2.49
VENTANAB , D,  0.00,  0.00,  0.00,  0.00,  0.00,  0.00,  0.00,  0.00,  0.00,  0.00,  0.00,  0.00,  0.00,  0.00,  0.00,  0.00,  0.00,  0.00,  0.00,  0.00,  0.00,  0.00,  0.00,  0.00
RIOPALO , D,  0.75,  0.75,  0.75,  0.75,  0.75,  0.75,  0.75,  0.75,  0.75,  0.75,  0.75,  0.75,  0.75,  0.75,  0.75,  0.75,  0.75,  0.75,  0.75,  0.75,  0.75,  0.75,  0.75,  0.75
SANTIAGO , D,  1.53,  1.53,  1.53,  1.53,  1.53,  1.53,  1.53,  1.53,  1.53,  1.53,  1.53,  1.53,  1.53,  1.53,  1.53,  1.53,  1.53,  1.53,  1.53,  1.53,  1.53,  1.53,  1.53,  1.53
OVEJAS , D,  0.80,  0.80,  0.80,  0.80,  0.80,  0.80,  0.80,  0.80,  0.80,  0.80,  0.80,  0.80,  0.80,  0.80,  0.80,  0.80,  0.80,  0.80,  0.80,  0.80,  0.80,  0.80,  0.80,  0.80
PASTALES , D,  0.52,  0.52,  0.52,  0.52,  0.52,  0.52,  0.52,  0.52,  0.52,  0.52,  0.52,  0.52,  0.52,  0.52,  0.52,  0.52,  0.52,  0.52,  0.52,  0.52,  0.52,  0.52,  0.52,  0.52


